LISFLOOD/results/max.asc
ncols         413
nrows         307
xllcorner     341179.518085
yllcorner     4516729.658735
cellsize      10.000000
NODATA_value  -9999.000000
[rows 33 to 65 of 307, columns 225 to 299 of 413]
5.464 5.328 5.442 5.698 5.945 6.152 6.381 6.611 6.821 7.043 7.865 9.539 10.543 10.928 11.695 12.082 12.160 12.208 11.658 9.448 8.799 9.021 9.234 9.308 9.412 9.488 9.544 9.600 9.668 9.686 9.825 10.015 10.205 10.357 10.469 10.581 10.715 10.929 11.204 11.399 11.485 11.482 11.510 11.448 11.367 11.806 12.646 12.847 12.648 12.710 12.702 12.005 10.809 10.063 10.057 9.793 10.048 11.754 14.090 13.007 10.495 10.812 12.190 12.689 12.907 12.947 12.706 12.726 14.076 16.056 17.597 18.058 18.159 18.261 18.362
5.509 5.452 5.636 5.912 6.148 6.365 6.604 6.823 7.054 7.305 8.327 10.131 10.815 11.360 11.986 12.133 12.191 12.169 10.979 8.969 8.750 9.012 9.225 9.339 9.503 9.549 9.615 9.691 9.759 9.827 9.956 10.116 10.287 10.388 10.480 10.603 10.766 11.010 11.265 11.431 11.487 11.494 11.482 11.410 11.549 12.228 12.819 12.809 12.611 12.763 12.595 11.658 10.502 9.996 10.031 9.666 10.351 12.337 14.214 11.951 10.218 11.386 12.434 12.773 12.892 12.891 12.511 12.911 14.841 17.192 17.943 18.074 18.176 18.287 18.390
5.564 5.607 5.861 6.145 6.392 6.619 6.827 7.026 7.266 7.588 9.050 10.883 11.337 11.852 12.098 12.155 12.182 11.881 10.110 8.621 8.592 9.024 9.277 9.400 9.575 9.620 9.686 9.773 9.860 9.959 10.068 10.228 10.368 10.460 10.562 10.695 10.888 11.122 11.317 11.433 11.449 11.486 11.434 11.432 11.921 12.471 12.851 12.752 12.743 12.816 12.378 11.241 10.245 9.979 9.954 9.639 10.815 13.061 13.828 10.895 10.413 11.911 12.589 12.798 12.887 12.936 12.756 13.817 16.257 17.788 17.989 18.091 18.203 18.305 18.367
5.649 5.791 6.085 6.389 6.675 6.912 7.090 7.279 7.449 7.860 9.722 11.505 11.899 12.064 12.130 12.187 12.104 11.253 9.422 8.542 8.613 9.165 9.398 9.542 9.606 9.682 9.768 9.854 9.932 10.051 10.160 10.320 10.450 10.562 10.684 10.857 11.050 11.245 11.360 11.415 11.442 11.439 11.397 11.325 11.804 12.494 12.844 12.815 12.887 12.759 12.052 10.845 10.069 9.993 9.828 9.823 11.679 13.765 12.742 10.209 10.947 12.285 12.684 12.823 12.982 13.142 13.422 15.383 17.393 17.905 18.006 18.118 18.220 18.302 17.955
5.764 5.946 6.279 6.633 6.939 7.166 7.353 7.542 7.652 8.303 10.465 11.888 12.051 12.106 12.162 12.219 11.916 10.415 9.094 8.874 8.935 9.337 9.480 9.574 9.598 9.714 9.840 9.927 10.044 10.153 10.292 10.422 10.533 10.654 10.826 11.019 11.203 11.337 11.402 11.408 11.435 11.382 11.350 11.868 12.557 12.397 12.678 12.919 12.860 12.553 11.645 10.509 9.953 9.987 9.712 10.368 12.894 13.720 11.327 10.084 11.592 12.511 12.779 12.929 13.168 13.348 14.388 16.839 17.780 17.922 18.023 18.135 18.238 18.141 16.374
5.898 6.130 6.473 6.847 7.133 7.379 7.607 7.795 8.065 9.126 11.207 12.010 12.084 12.139 12.194 12.211 11.428 9.637 9.116 9.236 9.308 9.410 9.482 9.546 9.620 9.766 9.912 10.039 10.177 10.285 10.414 10.504 10.605 10.767 10.969 11.152 11.306 11.380 11.416 11.421 11.388 11.325 11.603 12.782 13.491 12.941 12.531 12.743 12.714 12.257 11.220 10.213 9.907 9.932 9.677 11.292 13.788 12.745 10.272 10.470 12.088 12.616 12.845 13.055 13.344 13.744 15.735 17.566 17.837 17.939 18.051 18.143 18.106 17.209 14.723
6.093 6.404 6.607 6.961 7.306 7.573 7.850 8.078 8.678 10.189 11.740 12.073 12.127 12.171 12.227 12.053 10.521 9.239 9.259 9.419 9.440 9.442 9.495 9.558 9.673 9.848 10.004 10.161 10.269 10.398 10.507 10.597 10.708 10.900 11.102 11.255 11.349 11.394 11.379 11.385 11.302 11.369 12.307 13.386 13.665 13.205 12.656 12.547 12.609 11.921 10.814 9.978 9.912 9.806 9.892 12.347 13.924 11.591 9.858 11.116 12.364 12.702 12.901 13.201 13.611 14.821 17.052 17.743 17.855 17.967 18.069 18.022 16.975 14.868 14.172
6.247 6.559 6.681 7.125 7.550 7.816 8.093 8.372 9.321 11.192 12.003 12.096 12.150 12.204 12.220 11.506 9.584 9.232 9.391 9.512 9.503 9.485 9.537 9.611 9.766 9.971 10.127 10.264 10.352 10.461 10.570 10.710 10.861 11.063 11.215 11.299 11.353 11.357 11.333 11.289 11.165 11.583 12.971 13.500 13.309 12.969 12.790 12.541 12.463 11.526 10.449 9.833 9.917 9.682 10.487 13.303 13.469 10.726 10.014 11.752 12.550 12.809 13.028 13.378 14.248 16.509 17.630 17.771 17.873 17.985 18.048 17.240 14.614 13.937 14.131
6.391 6.723 6.915 7.389 7.794 8.070 8.297 8.545 10.025 11.825 12.056 12.119 12.183 12.237 12.013 10.519 9.196 9.485 9.604 9.664 9.625 9.607 9.640 9.754 9.949 10.114 10.250 10.337 10.425 10.524 10.673 10.844 11.025 11.187 11.279 11.312 11.326 11.291 11.177 11.093 11.070 12.307 13.325 13.214 12.834 12.804 12.865 12.566 12.178 11.081 10.144 9.808 9.852 9.727 11.463 13.979 12.655 10.213 10.650 12.208 12.707 12.926 13.195 13.655 15.415 17.446 17.687 17.789 17.891 17.994 17.786 15.790 13.983 14.077 14.121
6.546 6.987 7.239 7.533 7.847 8.083 8.250 8.639 10.778 11.988 12.080 12.142 12.196 12.210 11.386 9.442 9.300 9.778 9.877 9.887 9.849 9.861 9.893 10.027 10.202 10.317 10.404 10.471 10.549 10.668 10.837 10.997 11.149 11.260 11.273 11.276 11.261 11.235 11.121 10.967 11.494 13.052 13.280 12.809 12.449 12.769 12.970 12.512 11.784 10.666 9.910 9.864 9.718 10.083 12.629 14.055 11.592 10.099 11.487 12.495 12.844 13.083 13.353 14.383 16.683 17.594 17.706 17.807 17.910 17.872 16.706 14.519 14.053 14.207 14.122
6.660 7.181 7.423 7.586 7.761 7.877 8.134 9.212 11.481 12.042 12.103 12.155 12.219 12.063 10.339 8.765 9.593 9.981 10.100 10.091 10.092 10.134 10.177 10.301 10.445 10.541 10.597 10.674 10.733 10.871 11.001 11.121 11.213 11.235 11.197 11.191 11.175 11.140 11.036 11.082 12.429 13.307 12.965 12.504 12.314 12.664 12.815 12.317 11.339 10.272 9.806 9.870 9.645 10.850 13.736 13.372 10.649 10.456 12.174 12.752 12.961 13.271 13.610 15.611 17.371 17.623 17.724 17.826 17.869 16.902 14.535 13.999 14.223 14.087 13.742
6.744 7.314 7.617 7.740 7.815 8.000 8.767 10.555 11.935 12.065 12.116 12.179 12.202 11.587 9.412 8.909 9.826 10.105 10.194 10.204 10.235 10.257 10.320 10.424 10.539 10.655 10.771 10.868 10.926 11.015 11.085 11.146 11.187 11.109 11.092 11.075 11.060 11.005 10.980 11.567 13.154 13.212 12.680 12.350 12.320 12.520 12.551 11.963 10.825 9.958 9.812 9.726 9.831 11.956 14.352 12.179 10.186 11.213 12.581 12.910 13.139 13.458 14.218 16.749 17.530 17.641 17.743 17.825 17.268 14.711 13.755 14.019 13.893 13.658 13.503
6.857 7.488 7.890 7.954 8.058 8.574 10.131 11.649 12.028 12.088 12.140 12.192 11.906 10.370 8.626 9.292 9.980 10.178 10.227 10.278 10.289 10.301 10.384 10.458 10.563 10.699 10.885 10.963 11.031 11.060 11.060 11.080 11.032 10.964 10.987 10.970 10.945 10.970 11.136 12.182 13.450 13.058 12.526 12.405 12.435 12.546 12.337 11.449 10.332 9.785 9.809 9.573 10.438 13.143 13.960 11.026 10.283 12.031 12.869 13.048 13.407 13.617 15.337 17.318 17.559 17.660 17.762 17.545 15.218 13.611 13.755 13.799 13.544 13.409 13.355
7.001 7.592 7.984 8.067 8.282 9.057 10.974 11.952 12.052 12.102 12.163 12.096 10.549 8.394 8.409 9.666 10.083 10.222 10.271 10.332 10.333 10.365 10.458 10.512 10.607 10.773 10.920 10.967 11.015 11.044 11.044 11.005 10.876 10.879 10.922 10.985 11.330 11.875 12.251 12.978 13.415 12.873 12.422 12.482 12.572 12.572 11.924 10.816 9.949 9.742 9.686 9.620 11.505 13.961 12.747 10.274 10.851 12.609 13.027 13.156 13.575 14.175 16.536 17.457 17.578 17.680 17.682 16.375 13.788 13.661 13.685 13.510 13.295 13.380 13.646
7.024 7.545 7.957 8.171 8.505 9.851 11.518 12.006 12.065 12.125 12.167 11.509 8.513 7.777 9.193 9.990 10.177 10.246 10.325 10.356 10.367 10.449 10.522 10.587 10.692 10.847 10.924 10.972 11.010 11.099 11.139 11.030 10.902 10.994 11.267 11.791 12.416 12.931 13.237 13.494 13.371 12.720 12.338 12.448 12.598 12.329 11.311 10.253 9.736 9.739 9.503 10.108 12.743 13.909 11.485 10.042 11.609 12.907 13.116 13.235 13.584 15.634 17.315 17.496 17.597 17.659 16.962 14.595 13.478 13.562 13.556 13.401 13.306 13.662 14.218
6.627 7.138 7.661 8.054 8.908 11.064 11.941 12.029 12.089 12.149 12.090 10.573 8.866 9.211 9.907 10.113 10.221 10.270 10.349 10.340 10.371 10.474 10.547 10.631 10.746 10.862 10.909 10.966 11.025 11.204 11.314 11.205 11.207 11.469 12.063 12.687 13.091 13.217 13.333 13.550 13.388 12.696 12.295 12.415 12.545 11.806 10.678 9.860 9.683 9.656 9.471 11.195 13.691 13.117 10.493 10.320 12.238 13.016 13.164 13.244 14.383 16.964 17.414 17.515 17.607 17.309 15.402 13.635 13.459 13.453 13.457 13.392 13.488 13.873 14.540
6.111 6.481 6.954 7.387 9.322 11.688 12.005 12.053 12.112 12.163 11.784 9.977 9.470 9.815 10.021 10.167 10.225 10.294 10.333 10.334 10.406 10.498 10.561 10.666 10.771 10.827 10.894 10.962 11.080 11.290 11.430 11.461 11.623 12.055 12.699 13.083 12.998 12.683 12.739 13.326 13.384 12.753 12.332 12.552 12.232 11.133 10.115 9.637 9.691 9.504 9.918 12.613 13.949 11.975 9.861 11.029 12.676 13.045 13.063 13.403 15.803 17.313 17.434 17.525 17.437 16.110 14.292 13.436 13.390 13.414 13.378 13.404 13.599 13.915 14.802
6.123 6.484 6.797 7.220 10.065 11.901 12.028 12.076 12.136 12.146 11.238 9.660 9.784 9.969 10.095 10.201 10.259 10.338 10.348 10.349 10.440 10.513 10.586 10.701 10.796 10.862 10.949 11.047 11.196 11.375 11.495 11.667 11.758 12.491 12.975 12.889 12.504 12.240 12.256 12.943 13.361 12.900 12.569 12.539 11.530 10.451 9.703 9.615 9.618 9.522 11.137 13.712 13.377 10.863 9.890 11.788 12.795 12.974 12.993 14.412 16.862 17.353 17.444 17.326 16.498 15.140 13.763 13.287 13.311 13.375 13.420 13.545 13.761 14.068 15.294
6.286 6.657 6.870 8.003 11.348 11.994 12.051 12.100 12.159 11.990 10.661 9.694 9.888 10.013 10.139 10.206 10.304 10.382 10.382 10.413 10.465 10.528 10.651 10.796 10.891 10.987 11.084 11.182 11.311 11.441 11.591 11.803 12.025 12.757 12.781 12.385 12.171 12.176 12.203 12.530 13.258 13.157 12.676 11.906 10.727 9.879 9.531 9.673 9.497 10.171 12.815 13.880 12.306 10.122 10.529 12.317 12.785 12.863 13.293 15.822 17.222 17.373 17.344 16.696 15.818 14.701 13.384 13.188 13.302 13.397 13.432 13.417 13.643 13.970 15.717
6.519 6.850 7.013 9.026 11.821 12.017 12.065 12.123 12.143 11.533 10.175 9.828 10.012 10.077 10.153 10.210 10.338 10.407 10.437 10.488 10.540 10.633 10.796 10.931 11.006 11.113 11.190 11.298 11.397 11.507 11.767 12.159 12.521 12.634 12.318 12.062 12.067 12.133 12.210 12.288 13.166 13.085 12.174 11.064 10.105 9.557 9.589 9.572 9.635 11.589 14.054 13.169 11.335 9.782 11.349 12.526 12.714 12.753 14.742 16.892 17.223 17.313 16.945 15.927 15.799 14.502 13.275 13.199 13.304 13.378 13.354 13.340 13.546 14.053 16.120
6.931 7.183 7.625 10.179 11.954 12.030 12.088 12.146 11.976 10.817 9.959 10.052 10.146 10.171 10.177 10.264 10.392 10.452 10.522 10.593 10.665 10.818 10.972 11.046 11.102 11.169 11.266 11.414 11.533 11.743 12.094 12.355 12.408 12.151 11.985 11.969 12.005 12.081 12.158 12.225 13.114 12.422 11.362 10.392 9.654 9.505 9.648 9.450 10.424 13.238 14.073 12.409 10.635 9.931 12.018 12.586 12.604 13.143 16.343 16.943 16.953 17.204 16.626 15.318 16.130 14.393 13.277 13.211 13.295 13.340 13.286 13.342 13.638 14.565 17.043
7.514 7.785 9.068 11.512 12.007 12.053 12.111 12.150 11.660 10.151 9.863 10.206 10.250 10.225 10.212 10.329 10.427 10.516 10.627 10.718 10.820 10.963 11.067 11.082 11.138 11.194 11.322 11.550 11.770 12.020 12.140 12.072 11.915 11.808 11.852 11.907 11.982 12.078 12.075 12.213 12.802 11.711 10.710 9.821 9.432 9.594 9.476 9.699 11.863 14.268 13.653 11.998 10.114 10.551 12.288 12.476 13.005 15.164 16.723 16.503 16.944 17.315 16.387 15.599 16.582 14.005 13.259 13.213 13.288 13.353 13.338 13.415 13.931 15.258 17.856
7.856 8.477 10.400 11.925 12.020 12.076 12.134 12.133 11.273 9.844 9.796 10.200 10.284 10.280 10.286 10.363 10.452 10.571 10.712 10.823 10.935 11.039 11.053 11.058 11.114 11.201 11.388 11.667 12.006 12.096 11.957 11.779 11.712 11.745 11.809 11.884 11.990 12.046 11.933 12.351 12.310 11.149 10.119 9.420 9.441 9.533 9.375 10.539 13.303 14.457 13.532 11.448 9.974 11.571 12.509 12.657 14.705 16.834 16.704 16.354 17.105 17.316 16.038 15.841 15.353 13.397 13.251 13.245 13.300 13.395 13.371 13.497 14.304 16.021 18.469
8.038 9.250 11.263 11.987 12.043 12.099 12.147 11.986 10.847 9.718 9.800 10.164 10.298 10.364 10.390 10.408 10.487 10.626 10.777 10.888 10.991 11.054 11.029 11.044 11.090 11.207 11.425 11.783 12.123 12.033 11.814 11.676 11.699 11.733 11.797 11.902 11.978 11.944 11.982 12.530 11.678 10.538 9.598 9.299 9.490 9.402 9.655 11.718 14.072 14.137 13.062 10.408 10.344 12.691 13.659 13.967 15.856 16.975 16.575 16.296 16.946 17.338 16.630 15.722 13.865 13.259 13.203 13.227 13.352 13.468 13.484 13.690 14.617 16.855 18.873
8.199 10.062 11.715 12.010 12.065 12.122 12.150 11.590 10.470 9.672 9.924 10.188 10.343 10.508 10.515 10.483 10.562 10.701 10.832 10.934 11.006 11.030 11.024 11.060 11.116 11.243 11.451 11.870 12.150 11.980 11.742 11.644 11.687 11.730 11.815 11.910 11.936 12.043 12.460 12.218 10.967 9.937 9.277 9.378 9.449 9.452 10.435 12.738 14.162 13.717 12.182 9.808 11.145 13.372 14.310 15.098 16.557 16.907 16.207 16.297 16.608 17.130 17.322 15.674 13.258 13.331 13.225 13.240 13.395 13.481 13.637 13.943 14.911 17.548 19.056
7.521 10.374 11.907 12.032 12.078 12.135 12.124 11.213 10.334 9.735 10.048 10.242 10.397 10.613 10.640 10.608 10.657 10.757 10.868 10.959 11.002 10.996 11.031 11.086 11.173 11.280 11.478 11.897 12.127 11.978 11.739 11.651 11.684 11.748 11.833 11.858 11.974 12.521 12.569 11.457 10.296 9.466 9.246 9.467 9.409 9.861 11.585 13.718 13.892 13.327 10.823 9.829 12.116 14.113 14.851 16.149 16.898 16.578 15.738 16.289 16.360 16.832 17.504 16.347 13.370 13.374 13.248 13.283 13.428 13.504 13.760 14.097 14.924 17.662 19.100
7.203 10.625 11.969 12.044 12.101 12.158 12.007 10.966 10.267 9.729 10.122 10.256 10.441 10.637 10.704 10.723 10.732 10.792 10.893 10.955 10.988 10.982 11.047 11.113 11.209 11.307 11.515 11.854 12.084 11.985 11.767 11.679 11.712 11.787 11.831 11.767 12.273 12.770 11.938 10.726 9.716 9.215 9.386 9.417 9.579 10.552 12.565 14.099 13.433 12.508 9.864 10.540 12.867 14.094 15.042 16.571 16.960 16.000 15.490 16.231 16.212 16.724 17.566 16.779 13.513 13.427 13.331 13.386 13.451 13.577 13.873 14.130 15.048 17.935 19.144
7.504 10.957 12.001 12.067 12.123 12.091 11.800 10.979 10.171 9.713 10.106 10.230 10.446 10.602 10.709 10.778 10.797 10.847 10.909 10.941 10.944 10.988 11.053 11.149 11.226 11.324 11.532 11.772 12.012 11.973 11.775 11.697 11.761 11.835 11.790 11.866 12.662 12.409 11.187 10.046 9.285 9.215 9.426 9.407 10.049 11.242 13.105 14.029 13.064 11.119 9.645 11.391 12.998 13.666 15.164 16.733 16.872 15.682 15.622 16.263 16.315 16.987 17.719 16.402 13.396 13.460 13.404 13.469 13.525 13.661 13.917 14.104 15.671 18.539 19.178
7.705 11.059 12.023 12.089 12.136 11.933 11.623 11.033 10.124 9.746 10.060 10.194 10.380 10.527 10.674 10.783 10.842 10.913 10.964 10.967 10.940 10.995 11.080 11.176 11.233 11.351 11.530 11.729 11.960 11.911 11.743 11.706 11.809 11.844 11.719 12.235 12.691 11.729 10.497 9.485 9.125 9.315 9.316 9.678 10.690 12.063 13.866 13.750 12.455 9.960 10.166 12.163 12.930 13.328 14.966 16.575 16.594 15.744 16.005 16.266 16.407 17.189 17.722 15.835 13.329 13.473 13.487 13.513 13.588 13.684 13.901 14.158 16.465 18.903 19.202
8.667 11.540 12.055 12.101 12.148 11.896 11.515 11.196 10.117 9.820 10.034 10.169 10.334 10.501 10.649 10.758 10.888 10.979 11.040 11.043 11.037 11.091 11.177 11.243 11.300 11.458 11.587 11.757 11.888 11.799 11.681 11.724 11.858 11.813 11.688 12.484 12.281 11.028 9.846 9.155 9.165 9.275 9.376 10.198 11.520 13.333 14.047 13.221 11.556 9.442 11.008 12.704 13.002 13.180 14.658 16.547 16.576 15.767 16.307 16.318 16.370 17.362 17.385 14.738 13.312 13.556 13.631 13.546 13.572 13.688 13.875 14.422 17.300 19.058 19.226
10.458 11.912 12.067 12.123 12.170 11.959 11.478 11.259 10.071 9.904 10.048 10.193 10.339 10.516 10.644 10.763 10.923 11.024 11.076 11.109 11.183 11.268 11.354 11.370 11.478 11.596 11.675 11.775 11.776 11.677 11.650 11.783 11.877 11.772 11.747 12.423 11.570 10.318 9.277 9.056 9.215 9.236 9.707 11.009 12.891 14.105 13.328 12.843 10.668 9.623 11.910 12.876 13.034 13.082 14.390 16.539 16.709 15.729 16.470 16.361 16.573 17.526 16.278 13.672 13.396 13.670 13.785 13.600 13.576 13.692 13.869 14.856 18.054 19.142 19.261
11.729 12.023 12.088 12.145 12.183 11.971 11.601 11.152 9.754 9.938 10.092 10.227 10.364 10.511 10.619 10.769 10.969 11.040 11.053 11.126 11.240 11.345 11.421 11.458 11.585 11.624 11.653 11.703 11.654 11.636 11.689 11.832 11.856 11.691 11.917 11.973 10.770 9.628 8.987 9.136 9.216 9.407 10.328 12.080 14.023 13.156 12.830 12.444 9.940 10.295 12.532 12.999 13.046 13.064 13.973 16.312 16.812 15.792 16.463 16.615 17.197 17.449 15.032 13.225 13.479 13.794 13.899 13.684 13.620 13.716 13.883 15.291 18.468 19.177 19.285
11.970 12.044 12.100 12.157 12.195 12.004 11.704 10.946 9.848 10.051 10.166 10.282 10.388 10.506 10.625 10.794 10.995 11.016 10.979 11.062 11.177 11.262 11.288 11.355 11.453 11.462 11.511 11.572 11.593 11.645 11.758 11.871 11.816 11.621 11.897 11.313 10.061 9.149 8.987 9.197 9.237 9.818 11.039 12.921 14.024 12.378 12.972 11.736 9.612 11.358 13.054 13.521 13.419 13.267 13.856 16.255 16.895 16.166 16.487 17.008 17.610 16.913 14.126 13.249 13.623 13.898 13.963 13.748 13.654 13.761 13.928 15.855 18.723 19.201 19.310
