LISFLOOD/results/max.asc
ncols         413
nrows         307
xllcorner     341179.518085
yllcorner     4516729.658735
cellsize      10.000000
NODATA_value  -9999.000000
[rows 132 to 164 of 307, columns 300 to 374 of 413]
21.836 21.944 22.053 22.161 22.269 22.377 22.485 22.583 22.690 22.797 22.904 23.010 23.116 22.982 20.207 19.012 19.297 15.189 16.305 16.309 15.295 19.186 19.366 19.427 19.267 18.797 18.407 18.287 18.287 18.477 19.237 20.787 22.856 23.586 23.596 23.585 23.575 23.564 23.544 23.534 23.353 22.193 21.083 21.013 21.413 21.713 21.903 22.923 23.423 23.434 23.425 23.396 22.077 19.308 19.039 19.041 19.312 19.954 22.276 23.299 23.331 23.324 23.317 23.310 23.304 23.297 23.291 23.275 23.270 23.264 23.259 23.254 22.779 20.095 17.320
21.890 21.998 22.097 22.206 22.314 22.422 22.530 22.638 22.746 22.843 22.950 23.056 23.162 22.538 19.522 19.237 15.133 15.226 16.302 15.293 15.284 18.993 19.383 19.474 19.184 18.625 18.375 18.285 18.325 18.905 20.205 22.045 23.335 23.595 23.585 23.575 23.564 23.554 23.544 23.514 22.984 21.604 20.754 20.924 21.254 21.525 21.675 22.586 23.376 23.427 23.418 23.399 22.560 19.762 19.113 19.175 19.357 20.899 23.002 23.334 23.327 23.320 23.314 23.307 23.301 23.295 23.289 23.283 23.278 23.263 23.258 23.203 21.769 18.554 16.650
21.934 22.043 22.152 22.261 22.369 22.468 22.576 22.684 22.792 22.899 23.006 23.113 23.169 21.624 19.138 19.492 15.180 16.296 16.299 15.286 19.139 19.340 19.470 19.251 18.782 18.352 18.263 18.353 18.683 19.794 21.424 22.824 23.494 23.584 23.574 23.564 23.554 23.544 23.534 23.405 22.285 21.105 20.635 20.906 21.076 21.227 21.438 22.228 23.259 23.430 23.412 23.383 22.944 20.426 19.218 19.230 19.722 22.105 23.297 23.340 23.333 23.317 23.310 23.304 23.298 23.292 23.287 23.281 23.276 23.271 23.267 22.992 20.118 17.254 16.170
21.989 22.088 22.197 22.306 22.415 22.524 22.632 22.730 22.839 22.946 23.054 23.160 22.976 20.521 19.265 15.126 15.217 16.292 15.283 15.275 19.336 19.517 19.478 18.899 18.379 18.160 18.301 18.671 19.552 20.932 22.282 23.193 23.563 23.583 23.574 23.554 23.544 23.535 23.525 22.975 21.416 20.826 20.667 20.907 20.988 21.059 21.210 21.871 23.082 23.424 23.415 23.387 23.088 20.910 19.253 19.365 20.777 23.030 23.343 23.336 23.330 23.323 23.317 23.301 23.295 23.290 23.285 23.280 23.275 23.270 23.256 22.042 18.248 16.414 15.840
22.034 22.143 22.252 22.362 22.461 22.570 22.678 22.787 22.895 23.004 23.101 23.169 22.155 19.370 19.463 15.174 16.286 16.289 15.276 19.312 19.313 19.414 19.185 18.486 18.257 18.308 18.689 19.279 20.520 21.711 22.791 23.462 23.582 23.573 23.563 23.554 23.544 23.525 23.385 21.976 20.607 20.387 20.578 20.889 21.030 21.121 21.192 21.734 22.895 23.417 23.408 23.400 23.252 21.135 19.347 19.890 22.262 23.325 23.349 23.332 23.326 23.320 23.314 23.308 23.303 23.287 23.282 23.278 23.273 23.259 22.855 19.881 17.127 16.114 15.441
22.079 22.188 22.298 22.408 22.517 22.626 22.735 22.834 22.943 23.051 23.160 23.038 20.845 19.101 15.127 15.212 16.282 15.273 15.264 19.289 19.270 19.101 18.623 18.334 18.425 18.896 19.437 20.148 21.328 22.409 23.240 23.571 23.581 23.562 23.553 23.544 23.534 23.485 22.606 20.747 19.988 19.859 20.240 20.791 21.102 21.283 21.395 21.826 22.718 23.400 23.412 23.394 23.367 21.439 19.582 21.055 23.188 23.351 23.344 23.338 23.332 23.316 23.310 23.305 23.300 23.295 23.290 23.276 23.272 23.008 20.704 17.890 16.637 15.824 14.231
22.124 22.234 22.344 22.454 22.563 22.673 22.782 22.891 23.001 23.100 23.209 22.618 19.907 15.086 15.188 16.278 15.270 15.264 19.404 19.286 19.047 18.599 18.360 18.601 19.013 19.654 20.225 20.896 22.127 23.068 23.499 23.580 23.571 23.562 23.553 23.533 23.504 22.985 21.077 19.878 19.659 19.680 19.961 20.553 21.034 21.376 21.647 21.979 22.491 23.333 23.406 23.388 23.381 21.753 20.276 22.349 23.353 23.346 23.340 23.334 23.328 23.322 23.307 23.302 23.297 23.293 23.288 23.284 23.240 22.027 18.593 17.020 16.167 15.134 11.292
22.180 22.290 22.390 22.500 22.610 22.720 22.829 22.939 23.048 23.158 23.228 22.058 19.708 15.143 16.271 16.275 15.262 19.379 19.281 19.013 18.605 18.476 18.648 19.019 19.611 20.202 20.793 21.944 22.996 23.467 23.568 23.569 23.560 23.551 23.542 23.444 23.185 21.696 19.757 19.339 19.450 19.591 19.833 20.235 20.686 21.338 21.870 22.072 22.224 23.197 23.399 23.392 23.385 22.278 21.621 23.134 23.348 23.342 23.336 23.330 23.324 23.319 23.314 23.309 23.294 23.290 23.286 23.282 22.819 19.975 17.152 16.430 15.627 13.165 7.453
22.226 22.336 22.447 22.557 22.657 22.767 22.877 22.986 23.096 23.206 23.126 21.257 15.085 15.185 16.268 15.260 15.252 19.307 19.089 18.811 18.492 18.784 19.146 19.517 20.089 20.950 22.022 23.043 23.474 23.576 23.577 23.558 23.550 23.541 23.482 23.124 22.125 20.017 18.978 18.930 19.181 19.413 19.735 20.067 20.219 21.181 22.023 22.065 21.968 23.020 23.393 23.386 23.379 23.002 22.886 23.329 23.343 23.337 23.331 23.326 23.320 23.315 23.311 23.306 23.302 23.288 23.284 23.171 21.577 18.564 16.492 15.939 14.407 9.765 3.953
22.272 22.383 22.493 22.604 22.714 22.824 22.934 23.034 23.144 23.254 23.035 20.876 15.136 16.261 16.265 15.253 19.672 19.064 18.896 18.788 18.900 19.342 19.834 20.265 21.157 22.239 23.140 23.522 23.573 23.575 23.566 23.558 23.539 23.451 23.122 22.304 20.426 18.857 18.609 18.711 18.973 19.254 19.586 20.039 19.931 20.703 22.086 22.128 21.821 22.924 23.387 23.380 23.373 23.357 23.350 23.354 23.348 23.342 23.327 23.322 23.317 23.312 23.307 23.303 23.299 23.295 23.282 22.389 20.026 17.853 16.131 15.219 11.877 5.885 1.724
22.329 22.440 22.551 22.651 22.761 22.872 22.982 23.092 23.202 23.312 22.833 15.077 15.176 16.258 15.250 15.243 18.980 18.672 18.874 19.156 19.538 20.070 20.892 21.674 22.395 23.127 23.539 23.581 23.572 23.564 23.556 23.537 23.419 23.051 22.362 20.764 18.986 18.468 18.480 18.652 18.874 19.036 19.288 19.901 19.933 20.166 22.138 22.401 21.894 23.067 23.390 23.384 23.377 23.361 23.355 23.349 23.343 23.338 23.333 23.328 23.323 23.308 23.304 23.300 23.296 23.283 22.830 20.427 18.894 17.022 15.690 13.708 8.237 2.526 0.725
22.376 22.487 22.598 22.709 22.819 22.929 23.030 23.140 23.250 23.350 22.401 15.128 16.251 16.255 15.243 18.745 18.668 18.780 19.392 20.034 20.746 21.628 22.340 22.932 23.294 23.516 23.588 23.579 23.571 23.553 23.545 23.487 23.039 22.241 20.633 19.095 18.377 18.359 18.361 18.563 18.835 18.928 19.010 19.653 20.285 20.088 22.141 22.544 21.887 23.231 23.384 23.378 23.371 23.365 23.350 23.344 23.338 23.333 23.328 23.323 23.319 23.315 23.311 23.297 23.294 22.970 20.788 19.125 17.823 16.131 14.919 10.888 4.447 0.606 0.195
22.433 22.544 22.645 22.756 22.867 22.977 23.088 23.198 23.308 23.377 15.069 15.167 16.248 15.240 15.233 18.693 18.825 19.588 20.670 21.692 22.464 22.956 23.288 23.500 23.572 23.584 23.576 23.568 23.560 23.553 23.525 23.137 21.999 20.561 18.753 18.255 18.177 18.260 18.292 18.434 18.807 18.940 18.922 19.365 20.528 20.411 22.064 22.597 22.121 23.334 23.378 23.372 23.366 23.360 23.354 23.339 23.334 23.329 23.324 23.319 23.315 23.311 23.307 23.304 23.131 21.518 19.125 17.673 16.451 15.480 13.089 7.358 1.687 0.000 0.000
22.481 22.592 22.703 22.815 22.925 23.026 23.136 23.246 23.355 23.365 15.119 16.242 16.245 15.234 19.059 19.331 19.843 21.606 22.678 23.190 23.422 23.515 23.577 23.599 23.591 23.583 23.575 23.558 23.440 23.282 22.884 21.576 20.029 18.751 18.093 18.096 18.028 18.141 18.263 18.336 18.739 18.981 18.914 19.177 20.500 20.854 21.937 22.750 22.804 23.378 23.382 23.366 23.360 23.354 23.349 23.344 23.329 23.324 23.319 23.315 23.311 23.307 23.294 23.051 21.728 19.175 17.213 16.331 15.750 14.399 9.788 3.647 0.127 0.000 0.000
22.528 22.640 22.752 22.863 22.974 23.084 23.194 23.294 23.403 15.061 15.158 16.238 15.230 15.223 19.586 20.279 22.011 23.203 23.516 23.598 23.611 23.603 23.605 23.588 23.580 23.572 23.504 23.237 22.939 22.221 20.974 19.466 18.509 18.111 18.114 17.976 17.899 17.952 18.224 18.297 18.620 19.063 19.056 19.260 20.303 21.166 22.270 23.074 23.327 23.381 23.376 23.370 23.354 23.349 23.344 23.339 23.334 23.329 23.315 23.311 23.307 23.304 22.980 20.667 18.345 16.883 16.271 15.989 15.118 11.877 6.037 0.987 0.000 0.000 0.000
22.587 22.689 22.801 22.912 23.023 23.134 23.243 23.342 23.451 15.111 16.232 16.235 15.224 19.182 19.994 21.947 23.319 23.612 23.624 23.616 23.609 23.601 23.594 23.586 23.579 23.541 22.574 20.886 20.568 19.771 18.744 18.256 18.079 18.021 18.024 17.887 17.850 17.953 18.286 18.409 18.552 18.975 19.299 19.562 20.226 21.539 22.653 23.177 23.381 23.375 23.369 23.364 23.359 23.353 23.338 23.334 23.329 23.325 23.321 23.307 23.303 23.260 21.997 18.364 17.502 17.520 16.488 15.647 13.086 7.886 2.546 0.000 0.000 0.000 0.000
22.635 22.738 22.850 22.962 23.073 23.184 23.293 23.392 15.054 15.150 16.229 15.220 15.213 19.409 21.462 23.254 23.617 23.630 23.622 23.615 23.597 23.590 23.582 23.575 23.567 23.450 21.063 17.885 17.468 17.111 16.993 17.126 17.209 17.292 17.345 17.358 17.481 17.604 17.877 18.020 18.184 18.637 19.601 20.094 20.698 22.492 23.006 23.180 23.374 23.369 23.363 23.358 23.353 23.348 23.343 23.329 23.324 23.320 23.316 23.312 23.299 23.156 20.873 18.861 18.819 17.987 16.246 14.805 10.454 4.104 0.415 0.000 0.000 0.000 0.000
22.684 22.797 22.910 23.012 23.124 23.235 23.345 23.452 15.105 16.222 16.226 15.214 18.784 20.707 22.970 23.612 23.625 23.618 23.610 23.603 23.596 23.588 23.571 23.564 23.546 23.109 20.222 17.755 17.177 16.790 16.613 16.506 16.459 16.422 16.495 16.538 16.692 16.675 16.758 16.682 16.676 17.419 19.803 20.697 21.441 23.125 22.959 23.164 23.368 23.363 23.357 23.352 23.347 23.343 23.338 23.324 23.319 23.315 23.312 23.308 23.305 22.752 19.789 19.037 18.765 17.064 15.573 12.612 6.772 1.442 0.000 0.000 0.000 0.000 0.000
22.733 22.847 22.960 23.073 23.186 23.298 23.398 15.057 15.145 16.219 15.210 15.203 19.952 22.585 23.548 23.630 23.623 23.616 23.599 23.591 23.584 23.577 23.570 23.553 23.295 22.088 19.681 18.794 18.387 18.070 17.873 17.576 17.329 17.203 17.166 17.129 17.273 17.276 17.420 17.174 17.067 17.811 19.415 20.669 21.874 23.218 23.222 23.357 23.372 23.367 23.351 23.347 23.342 23.337 23.333 23.329 23.315 23.311 23.307 23.304 23.241 21.698 19.115 18.803 17.742 16.080 14.170 8.560 3.030 0.341 0.000 0.000 0.000 0.000 0.000
22.792 22.906 23.020 23.124 23.238 23.352 15.013 15.120 16.214 15.207 15.202 19.026 22.000 23.463 23.625 23.618 23.611 23.604 23.597 23.590 23.573 23.566 23.559 23.421 22.204 20.357 18.971 18.564 18.417 18.440 18.463 18.326 18.160 18.233 18.227 18.100 18.114 18.268 18.701 18.095 17.869 18.264 19.078 20.862 22.566 23.351 23.376 23.370 23.365 23.360 23.356 23.351 23.336 23.332 23.328 23.324 23.320 23.316 23.302 23.299 22.836 20.244 18.841 18.309 16.758 15.297 11.566 4.977 1.217 0.000 0.000 0.000 0.000 0.000 0.000
22.842 22.956 23.071 23.186 23.301 23.407 15.073 16.207 16.211 15.200 18.981 20.964 23.257 23.620 23.623 23.606 23.599 23.592 23.585 23.578 23.571 23.564 23.537 22.840 20.394 19.017 18.570 18.303 18.316 18.380 18.363 18.287 18.190 18.294 18.208 18.001 18.065 18.379 18.363 18.137 18.111 18.406 19.170 21.505 23.089 23.384 23.389 23.374 23.369 23.354 23.350 23.345 23.341 23.337 23.333 23.319 23.315 23.311 23.308 23.235 21.802 19.149 18.577 17.365 15.764 13.373 7.933 2.854 0.365 0.000 0.000 0.000 0.000 0.000 0.000
22.892 23.007 23.122 23.237 23.352 15.012 15.118 16.204 15.197 15.190 21.079 22.842 23.575 23.568 23.551 23.595 23.598 23.581 23.574 23.567 23.560 23.503 22.906 21.069 19.013 18.566 18.299 18.263 18.386 18.400 18.323 18.277 18.341 18.394 18.208 18.082 18.206 18.761 18.295 17.939 18.024 18.488 19.763 22.417 23.362 23.397 23.392 23.378 23.373 23.358 23.354 23.340 23.335 23.331 23.327 23.324 23.320 23.307 23.303 22.690 20.207 18.635 17.833 16.191 13.859 9.209 4.279 1.650 0.000 0.000 0.000 0.000 0.000 0.000 0.000
22.951 23.067 23.172 23.288 23.404 15.067 16.198 16.201 15.190 20.694 22.727 23.210 23.383 23.306 23.340 23.543 23.586 23.579 23.572 23.565 23.539 22.952 20.815 19.089 18.502 18.315 18.199 18.282 18.396 18.360 18.313 18.317 18.481 18.455 18.249 18.203 18.358 19.062 18.346 17.931 18.146 18.950 21.235 23.130 23.395 23.391 23.386 23.381 23.367 23.362 23.348 23.344 23.340 23.336 23.322 23.319 23.315 23.312 23.189 21.126 18.903 18.050 16.728 14.946 10.815 5.014 2.574 0.547 0.000 0.000 0.000 0.000 0.000 0.000 0.000
23.001 23.117 23.232 23.348 15.005 15.109 16.194 15.187 15.180 22.462 22.925 22.848 22.921 22.975 23.168 23.531 23.574 23.567 23.561 23.554 23.347 21.481 18.774 18.478 18.311 18.185 18.178 18.252 18.316 18.340 18.344 18.428 18.532 18.406 18.240 18.105 18.349 18.754 18.448 18.213 18.258 19.843 22.558 23.363 23.398 23.384 23.379 23.375 23.371 23.357 23.353 23.349 23.335 23.331 23.328 23.314 23.311 23.197 22.124 19.381 17.978 16.946 15.793 13.181 7.429 3.228 2.277 0.000 0.000 0.000 0.000 0.000 0.000 0.000 0.000
23.061 23.177 23.292 23.399 15.058 16.188 16.191 15.181 22.627 22.770 22.473 22.246 22.419 22.773 23.236 23.549 23.563 23.556 23.549 23.493 22.426 19.620 18.373 18.387 18.140 18.124 18.138 18.252 18.306 18.390 18.434 18.558 18.532 18.357 18.221 18.156 18.480 18.355 18.180 18.215 18.730 21.605 23.261 23.396 23.392 23.387 23.373 23.369 23.365 23.361 23.347 23.343 23.340 23.336 23.303 23.189 23.016 22.403 20.560 18.827 17.374 16.091 14.908 10.736 5.234 3.222 1.440 0.000 0.000 0.000 0.000 0.000 0.000 0.000 0.000
23.111 23.227 23.342 14.996 15.100 16.185 15.177 15.171 22.765 22.198 21.791 21.664 22.208 22.851 23.414 23.568 23.561 23.554 23.548 23.121 20.645 18.449 18.352 18.206 18.040 18.174 18.238 18.332 18.426 18.480 18.574 18.658 18.493 18.308 18.092 18.357 18.652 18.307 18.252 18.387 20.542 23.088 23.383 23.389 23.385 23.381 23.377 23.373 23.359 23.355 23.352 23.348 23.335 23.331 23.298 22.865 22.462 21.559 20.126 19.163 17.320 16.257 13.834 8.631 4.518 3.705 1.273 0.000 0.000 0.000 0.000 0.000 0.000 0.000 0.000
23.171 23.287 23.403 15.049 16.178 16.182 15.171 23.050 22.133 21.676 21.309 21.612 22.426 23.179 23.532 23.556 23.549 23.543 23.416 21.820 18.964 18.207 18.251 18.135 18.099 18.223 18.327 18.391 18.486 18.600 18.744 18.629 18.384 18.298 18.213 18.478 18.613 18.298 18.144 19.769 22.705 23.380 23.386 23.382 23.378 23.374 23.370 23.367 23.363 23.350 23.346 23.343 23.340 23.327 23.294 22.571 21.748 20.585 19.322 17.959 16.915 16.442 12.079 6.786 4.602 5.568 4.132 2.072 0.945 0.151 0.000 0.000 0.000 0.000 0.000
23.222 23.337 14.988 15.091 16.175 15.167 15.161 22.368 21.591 21.264 21.057 21.611 22.804 23.457 23.551 23.554 23.548 23.511 22.605 19.709 18.183 18.166 18.110 18.124 18.188 18.253 18.367 18.461 18.556 18.690 18.735 18.489 18.324 18.369 18.354 18.519 18.605 18.100 19.006 22.101 23.347 23.393 23.389 23.375 23.371 23.368 23.364 23.361 23.357 23.354 23.341 23.338 23.335 23.332 23.269 22.086 20.653 19.611 17.978 16.365 15.932 14.458 9.065 5.221 5.917 9.313 8.877 6.960 5.293 4.277 2.819 1.232 0.897 0.273 0.000
23.273 23.388 15.040 16.168 16.172 15.161 23.092 21.686 21.259 20.952 20.945 21.959 23.232 23.546 23.549 23.543 23.526 23.140 20.704 18.257 18.071 18.125 18.069 18.104 18.198 18.232 18.436 18.521 18.566 18.680 18.625 18.420 18.305 18.410 18.525 18.591 18.306 18.492 21.198 23.193 23.389 23.386 23.382 23.378 23.365 23.361 23.358 23.355 23.352 23.349 23.346 23.333 23.330 23.328 23.125 21.112 19.740 18.717 16.774 15.591 14.308 10.725 6.031 5.178 8.873 13.389 13.073 11.867 11.431 10.624 8.197 4.821 3.255 2.560 1.663
23.334 14.981 15.082 16.165 15.157 15.151 22.630 21.303 21.087 20.900 21.393 22.877 23.520 23.554 23.537 23.531 23.345 21.748 18.832 17.986 18.080 18.104 18.088 18.153 18.217 18.282 18.476 18.571 18.646 18.650 18.585 18.400 18.276 18.431 18.597 18.392 18.148 19.604 22.640 23.376 23.382 23.378 23.375 23.371 23.368 23.355 23.352 23.349 23.346 23.344 23.341 23.338 23.326 23.303 22.461 20.059 19.106 17.484 15.891 14.578 11.825 7.122 4.558 6.605 11.280 15.346 15.840 15.305 15.389 14.822 13.336 9.960 7.994 7.078 5.902
23.388 15.034 16.158 16.162 15.151 23.465 22.228 21.261 21.095 21.308 22.451 23.465 23.548 23.542 23.536 23.499 22.583 19.667 18.121 18.065 18.129 18.073 18.098 18.212 18.276 18.391 18.536 18.621 18.676 18.641 18.496 18.401 18.426 18.502 18.498 18.283 18.489 21.385 23.252 23.388 23.384 23.371 23.368 23.365 23.362 23.359 23.356 23.343 23.341 23.338 23.336 23.334 23.322 22.899 20.947 19.335 18.163 16.281 15.288 12.985 8.622 4.459 4.216 7.002 9.908 12.583 14.618 14.453 13.437 13.551 14.255 13.599 13.043 12.167 10.541
14.983 15.076 16.155 15.147 15.141 23.283 22.016 21.379 21.233 22.126 23.289 23.543 23.536 23.530 23.524 23.348 21.222 18.556 18.210 18.224 18.168 18.072 18.127 18.241 18.326 18.451 18.555 18.650 18.696 18.671 18.506 18.462 18.417 18.383 18.349 18.295 20.131 22.917 23.374 23.380 23.377 23.374 23.361 23.358 23.355 23.353 23.350 23.348 23.335 23.333 23.331 23.329 23.147 21.606 19.624 18.652 16.930 15.478 14.096 10.623 5.460 3.227 3.954 5.260 6.246 7.152 8.817 8.881 8.206 8.770 10.054 11.058 11.632 12.116 12.740
15.050 16.149 16.152 15.141 23.568 22.981 21.824 21.367 21.720 22.984 23.517 23.541 23.535 23.528 23.512 22.656 19.840 18.364 18.348 18.322 18.167 18.071 18.106 18.230 18.395 18.550 18.585 18.670 18.656 18.651 18.616 18.572 18.408 18.284 18.350 19.406 22.343 23.339 23.376 23.373 23.369 23.367 23.364 23.361 23.349 23.346 23.344 23.342 23.340 23.328 23.327 23.305 22.504 20.172 19.061 17.589 15.867 14.386 12.074 7.571 3.169 2.806 3.542 4.039 4.305 4.371 4.606 4.521 4.305 4.749 5.133 5.697 6.281 6.614 7.789
