LISFLOOD/results/max.asc
ncols         413
nrows         307
xllcorner     341179.518085
yllcorner     4516729.658735
cellsize      10.000000
NODATA_value  -9999.000000
[rows 99 to 131 of 307, columns 300 to 374 of 413]
20.492 20.599 20.707 20.814 20.911 21.019 21.126 21.234 21.341 21.438 21.545 21.653 21.760 21.867 21.963 22.070 22.177 22.283 22.389 22.495 22.390 21.326 22.411 22.906 23.021 23.056 22.150 19.954 19.079 19.172 19.316 19.407 15.372 16.461 15.438 18.698 18.577 18.466 18.385 20.414 23.054 23.723 23.732 23.711 23.691 23.670 23.650 23.630 23.600 23.580 23.560 23.461 22.811 22.122 21.423 21.435 21.497 20.869 20.271 20.163 19.816 19.760 19.763 20.387 20.421 21.076 22.841 23.266 23.252 23.238 23.224 23.211 23.189 23.176 23.165
20.535 20.642 20.739 20.846 20.953 21.061 21.168 21.265 21.372 21.479 21.586 21.693 21.790 21.897 22.003 22.110 22.216 22.322 22.417 22.523 22.378 22.223 22.797 22.942 23.036 22.719 20.903 19.246 19.040 19.213 19.346 15.305 15.394 16.458 15.430 18.607 18.466 18.466 18.445 21.094 23.504 23.743 23.723 23.702 23.682 23.662 23.642 23.622 23.602 23.583 23.554 23.334 22.645 21.987 21.368 21.540 21.442 20.534 20.387 20.430 19.813 19.347 19.611 20.315 20.329 20.974 22.879 23.265 23.251 23.237 23.224 23.211 23.199 23.177 23.165
20.568 20.675 20.782 20.879 20.986 21.093 21.200 21.307 21.414 21.511 21.618 21.724 21.831 21.937 22.043 22.149 22.245 22.351 22.456 22.551 22.615 22.730 22.864 22.967 23.010 21.873 19.956 19.189 19.101 19.284 19.377 15.331 16.453 15.438 15.420 18.606 18.496 18.495 18.875 21.944 23.684 23.744 23.724 23.703 23.674 23.654 23.634 23.614 23.595 23.576 23.547 23.178 22.550 21.831 21.463 21.675 21.148 20.310 20.313 20.086 19.830 19.234 19.518 20.322 20.317 20.702 22.748 23.264 23.250 23.237 23.224 23.211 23.199 23.187 23.166
20.601 20.708 20.815 20.922 21.019 21.126 21.233 21.340 21.446 21.553 21.660 21.756 21.862 21.968 22.074 22.180 22.285 22.380 22.485 22.589 22.673 22.797 22.900 23.003 22.716 20.838 19.600 19.151 19.182 19.354 19.345 15.344 16.449 15.430 18.765 18.585 18.515 18.475 19.684 22.704 23.734 23.734 23.714 23.695 23.675 23.655 23.636 23.617 23.598 23.579 23.510 23.022 22.464 21.846 21.728 21.680 20.533 19.946 19.549 19.083 19.277 19.081 19.515 20.440 20.325 20.671 22.826 23.273 23.249 23.236 23.223 23.211 23.199 23.188 23.177
20.634 20.741 20.848 20.955 21.062 21.159 21.266 21.372 21.479 21.585 21.692 21.798 21.894 22.000 22.105 22.211 22.316 22.420 22.525 22.619 22.722 22.825 22.928 23.010 22.052 20.303 19.384 19.044 19.244 19.344 19.292 15.357 16.446 15.424 18.704 18.524 18.454 18.454 20.344 23.264 23.744 23.725 23.705 23.686 23.666 23.647 23.628 23.609 23.591 23.572 23.434 22.856 22.358 21.960 21.902 21.355 19.898 19.492 19.065 18.749 18.573 18.738 19.452 20.328 20.223 20.879 23.025 23.271 23.258 23.245 23.233 23.221 23.199 23.188 23.177
20.668 20.775 20.882 20.989 21.096 21.202 21.309 21.406 21.512 21.618 21.724 21.830 21.936 22.042 22.137 22.242 22.347 22.451 22.555 22.658 22.761 22.854 22.956 22.837 21.358 20.098 19.138 19.137 19.306 19.305 15.292 15.378 16.442 15.418 18.614 18.484 18.434 18.514 21.014 23.594 23.745 23.715 23.696 23.677 23.658 23.639 23.620 23.602 23.583 23.565 23.327 22.689 22.182 21.954 21.787 20.760 19.594 19.217 18.841 18.565 18.270 18.695 19.390 20.175 20.241 21.037 23.103 23.270 23.257 23.245 23.232 23.221 23.209 23.188 23.178
20.713 20.819 20.916 21.023 21.130 21.236 21.343 21.449 21.555 21.652 21.758 21.863 21.969 22.074 22.179 22.274 22.378 22.482 22.586 22.689 22.791 22.893 22.964 22.465 20.935 19.824 19.033 19.291 19.338 19.267 15.319 16.436 16.439 15.411 18.494 18.443 18.413 18.883 22.014 23.714 23.735 23.716 23.697 23.678 23.659 23.640 23.622 23.594 23.576 23.548 23.230 22.563 22.046 21.878 21.512 20.355 19.389 18.823 18.597 18.441 18.286 18.721 19.417 20.122 20.348 21.525 23.211 23.279 23.256 23.244 23.232 23.220 23.209 23.199 23.188
20.747 20.854 20.961 21.057 21.164 21.270 21.377 21.483 21.589 21.695 21.791 21.897 22.002 22.107 22.212 22.316 22.420 22.514 22.617 22.720 22.822 22.923 22.934 22.084 20.653 19.501 19.048 19.314 19.320 19.245 15.330 16.432 15.418 15.399 18.402 18.392 18.432 19.672 22.893 23.744 23.725 23.706 23.687 23.669 23.650 23.632 23.614 23.596 23.578 23.531 23.163 22.476 21.959 21.793 21.186 20.080 19.244 18.758 18.403 18.508 18.433 18.878 19.454 19.960 20.426 22.013 23.270 23.277 23.265 23.253 23.241 23.220 23.209 23.199 23.189
20.782 20.889 20.996 21.102 21.209 21.305 21.411 21.518 21.624 21.730 21.835 21.941 22.036 22.141 22.245 22.349 22.453 22.556 22.659 22.751 22.853 22.944 22.824 21.784 20.302 19.209 19.145 19.269 19.222 19.191 15.341 16.429 15.410 18.520 18.410 18.360 18.471 20.352 23.333 23.734 23.715 23.696 23.678 23.660 23.642 23.624 23.606 23.588 23.571 23.524 23.107 22.390 21.913 21.667 20.871 19.675 18.989 18.794 18.489 18.594 18.409 18.845 19.431 19.857 20.484 22.371 23.288 23.275 23.263 23.252 23.240 23.229 23.209 23.199 23.189
20.818 20.924 21.031 21.137 21.244 21.350 21.456 21.553 21.658 21.764 21.870 21.975 22.080 22.185 22.279 22.383 22.486 22.589 22.692 22.794 22.885 22.966 22.696 21.554 19.972 19.029 19.113 19.166 19.146 19.171 15.353 16.426 15.403 18.558 18.458 18.369 18.450 20.571 23.502 23.723 23.705 23.687 23.669 23.651 23.633 23.615 23.598 23.581 23.563 23.497 23.010 22.243 21.837 21.501 20.605 19.300 18.704 18.789 18.674 18.460 18.455 18.941 19.378 19.834 20.551 22.628 23.286 23.274 23.262 23.251 23.240 23.229 23.218 23.198 23.189
20.863 20.960 21.066 21.173 21.279 21.386 21.492 21.598 21.694 21.799 21.905 22.010 22.115 22.219 22.323 22.417 22.521 22.623 22.726 22.827 22.928 22.978 22.598 21.316 19.644 19.030 19.084 19.146 19.135 15.310 15.373 16.422 15.394 18.616 18.436 18.317 18.408 20.760 23.611 23.723 23.705 23.677 23.659 23.641 23.624 23.607 23.590 23.573 23.556 23.469 22.883 22.127 21.771 21.325 20.350 18.964 18.739 18.724 18.640 18.536 18.432 19.018 19.365 19.741 20.759 22.846 23.284 23.272 23.261 23.249 23.239 23.228 23.218 23.208 23.199
20.900 21.006 21.103 21.209 21.315 21.422 21.528 21.634 21.740 21.845 21.940 22.045 22.150 22.255 22.359 22.462 22.565 22.658 22.760 22.861 22.962 23.002 22.491 20.849 19.237 19.073 19.137 19.210 15.268 15.349 16.418 15.401 15.382 18.623 18.374 18.255 18.667 21.538 23.680 23.712 23.695 23.677 23.660 23.642 23.625 23.608 23.591 23.575 23.558 23.422 22.746 22.050 21.645 21.099 19.954 18.599 18.774 18.730 18.536 18.502 18.368 19.024 19.361 19.759 21.096 23.044 23.292 23.280 23.269 23.258 23.238 23.227 23.218 23.208 23.199
20.936 21.043 21.149 21.255 21.352 21.458 21.564 21.670 21.776 21.881 21.986 22.091 22.186 22.290 22.394 22.498 22.601 22.703 22.795 22.896 22.997 22.997 22.276 20.134 19.021 19.107 19.202 19.236 15.308 16.411 16.414 15.391 18.829 18.560 18.321 18.303 19.505 22.767 23.709 23.702 23.684 23.667 23.650 23.633 23.616 23.600 23.583 23.567 23.551 23.375 22.609 21.954 21.508 20.903 19.468 18.514 18.839 18.725 18.681 18.548 18.374 19.071 19.268 19.816 21.533 23.161 23.290 23.279 23.268 23.257 23.247 23.237 23.217 23.208 23.199
20.973 21.079 21.186 21.292 21.399 21.495 21.601 21.707 21.812 21.918 22.023 22.128 22.233 22.327 22.430 22.534 22.637 22.739 22.841 22.942 23.032 23.032 21.831 19.459 19.026 19.143 19.228 15.256 15.339 16.408 15.393 15.377 18.634 18.416 18.208 18.340 20.483 23.465 23.708 23.691 23.674 23.657 23.640 23.624 23.607 23.591 23.575 23.559 23.543 23.318 22.502 21.897 21.432 20.717 19.143 18.558 18.654 18.680 18.787 18.553 18.550 19.087 19.255 19.923 22.081 23.259 23.288 23.277 23.266 23.256 23.246 23.236 23.227 23.208 23.199
21.010 21.117 21.223 21.330 21.436 21.542 21.648 21.744 21.850 21.955 22.060 22.165 22.270 22.374 22.477 22.571 22.673 22.776 22.877 22.978 23.079 22.978 20.987 19.075 19.103 19.219 19.285 15.296 16.401 16.405 15.383 18.576 18.489 18.312 18.145 18.578 21.421 23.674 23.707 23.690 23.664 23.647 23.631 23.615 23.598 23.583 23.567 23.551 23.536 23.280 22.435 21.800 21.306 20.401 18.807 18.513 18.579 18.586 18.832 18.589 18.766 19.094 19.232 20.100 22.478 23.287 23.286 23.275 23.264 23.254 23.244 23.235 23.226 23.217 23.199
21.058 21.164 21.261 21.367 21.474 21.580 21.686 21.792 21.887 21.993 22.098 22.203 22.307 22.411 22.515 22.618 22.711 22.813 22.915 23.016 23.096 22.465 19.934 18.992 19.180 19.326 15.244 15.328 16.398 15.384 15.369 18.381 18.335 18.268 18.162 19.125 22.229 23.692 23.696 23.679 23.663 23.647 23.631 23.615 23.599 23.584 23.568 23.543 23.528 23.273 22.378 21.704 21.189 20.115 18.661 18.578 18.644 18.541 18.888 18.885 19.103 19.110 19.338 20.577 22.845 23.304 23.293 23.283 23.263 23.253 23.243 23.234 23.225 23.217 23.209
21.096 21.202 21.309 21.415 21.512 21.618 21.724 21.830 21.935 22.041 22.136 22.241 22.345 22.449 22.553 22.656 22.759 22.861 22.953 23.054 23.004 21.353 19.202 19.060 19.228 19.345 15.285 16.391 16.395 15.375 18.332 18.277 18.311 18.285 18.389 20.043 22.877 23.700 23.684 23.669 23.653 23.637 23.621 23.606 23.591 23.575 23.560 23.545 23.520 23.276 22.311 21.597 21.083 19.709 18.546 18.592 18.629 18.606 19.113 19.241 19.239 19.087 19.525 21.484 23.162 23.302 23.291 23.281 23.271 23.261 23.242 23.233 23.225 23.216 23.208
21.134 21.241 21.347 21.454 21.560 21.666 21.763 21.868 21.974 22.080 22.185 22.280 22.384 22.488 22.592 22.695 22.798 22.900 23.002 23.082 22.503 20.152 18.971 19.099 19.236 15.232 15.317 16.388 15.375 15.361 18.347 18.282 18.267 18.311 18.716 21.070 23.374 23.689 23.673 23.658 23.642 23.627 23.612 23.597 23.582 23.567 23.552 23.537 23.523 23.269 22.264 21.491 20.867 19.283 18.430 18.497 18.494 18.681 19.079 19.097 19.185 19.073 19.812 22.350 23.290 23.299 23.289 23.279 23.269 23.260 23.251 23.242 23.224 23.216 23.208
21.173 21.280 21.386 21.493 21.599 21.705 21.812 21.917 22.013 22.119 22.224 22.329 22.433 22.528 22.631 22.735 22.837 22.940 23.041 23.012 21.362 19.252 18.950 19.078 19.196 15.274 16.381 16.385 15.366 18.477 18.413 18.338 18.263 18.328 19.003 21.718 23.592 23.677 23.662 23.647 23.632 23.617 23.602 23.587 23.573 23.558 23.544 23.529 23.515 23.291 22.247 21.414 20.600 18.917 18.474 18.411 18.319 18.606 19.004 18.962 19.071 19.029 20.348 22.897 23.307 23.296 23.286 23.277 23.267 23.258 23.250 23.241 23.233 23.225 23.208
21.212 21.319 21.425 21.532 21.638 21.745 21.851 21.957 22.063 22.168 22.264 22.369 22.473 22.577 22.681 22.775 22.878 22.980 23.082 22.453 19.953 18.872 18.990 19.088 15.221 15.307 16.378 15.366 15.353 18.622 18.538 18.424 18.419 18.485 19.260 21.825 23.601 23.676 23.661 23.646 23.632 23.617 23.602 23.588 23.574 23.559 23.545 23.531 23.508 23.334 22.310 21.377 20.304 18.631 18.398 18.436 18.424 18.592 18.950 18.908 18.817 18.926 21.215 23.194 23.304 23.294 23.284 23.275 23.266 23.257 23.248 23.240 23.232 23.225 23.217
21.261 21.368 21.465 21.572 21.678 21.785 21.891 21.997 22.103 22.208 22.314 22.419 22.514 22.618 22.722 22.825 22.929 23.021 23.103 21.404 19.104 18.893 19.051 19.089 15.264 16.371 16.375 15.357 18.622 18.678 18.554 18.360 18.356 18.492 19.338 21.983 23.629 23.664 23.650 23.636 23.621 23.607 23.593 23.579 23.565 23.551 23.537 23.523 23.510 23.367 22.364 21.311 19.848 18.385 18.413 18.580 18.648 18.707 18.905 18.834 18.693 19.142 22.141 23.301 23.311 23.291 23.282 23.273 23.264 23.255 23.247 23.239 23.231 23.224 23.217
21.301 21.408 21.515 21.622 21.718 21.825 21.931 22.037 22.143 22.249 22.354 22.460 22.564 22.669 22.763 22.867 22.970 23.073 22.875 20.236 18.897 18.926 19.043 15.212 15.297 16.368 15.356 15.344 18.797 18.614 18.370 18.277 18.363 18.559 19.205 22.141 23.647 23.653 23.639 23.625 23.611 23.597 23.583 23.569 23.556 23.542 23.529 23.516 23.502 23.419 22.557 21.194 19.371 18.359 18.537 18.575 18.833 18.852 18.901 18.690 18.769 19.868 22.838 23.318 23.308 23.299 23.289 23.281 23.262 23.254 23.246 23.238 23.230 23.223 23.217
21.341 21.448 21.555 21.662 21.769 21.875 21.972 22.078 22.184 22.290 22.396 22.501 22.606 22.711 22.815 22.919 23.012 23.095 22.118 19.290 18.850 18.920 19.007 15.256 16.361 16.365 15.348 19.006 18.823 18.520 18.356 18.413 18.520 18.526 19.543 22.699 23.665 23.652 23.638 23.624 23.601 23.587 23.574 23.560 23.547 23.534 23.521 23.508 23.495 23.452 22.850 21.067 19.025 18.403 18.521 18.510 18.928 18.937 18.706 18.585 18.855 20.884 23.194 23.315 23.305 23.296 23.287 23.278 23.270 23.262 23.244 23.237 23.229 23.223 23.216
21.382 21.489 21.596 21.703 21.810 21.917 22.023 22.129 22.225 22.331 22.437 22.543 22.648 22.753 22.857 22.961 23.065 22.869 20.702 18.874 18.766 18.826 15.212 15.290 16.358 15.347 15.335 18.981 18.768 18.506 18.433 18.610 18.497 18.334 20.380 23.217 23.654 23.641 23.627 23.614 23.601 23.587 23.574 23.561 23.548 23.535 23.522 23.500 23.487 23.465 23.103 20.911 18.749 18.437 18.515 18.544 18.853 18.882 18.511 18.531 19.071 21.931 23.301 23.312 23.302 23.293 23.285 23.276 23.268 23.260 23.253 23.245 23.239 23.222 23.216
21.423 21.530 21.637 21.744 21.851 21.958 22.065 22.171 22.277 22.383 22.489 22.585 22.690 22.795 22.900 23.004 23.079 22.033 19.266 18.770 18.693 15.172 15.268 16.352 16.355 15.338 18.949 18.847 18.704 18.622 18.540 18.427 18.254 18.471 21.008 23.375 23.642 23.629 23.616 23.603 23.591 23.578 23.565 23.532 23.489 23.517 23.514 23.502 23.480 23.468 23.266 20.704 18.642 18.471 18.600 18.649 18.818 18.827 18.507 18.567 19.547 22.687 23.318 23.318 23.299 23.291 23.282 23.274 23.266 23.259 23.251 23.244 23.238 23.231 23.225
21.464 21.571 21.679 21.786 21.893 22.000 22.106 22.213 22.319 22.426 22.531 22.637 22.743 22.838 22.943 23.048 22.992 20.847 18.811 18.766 18.701 15.224 16.345 16.349 15.336 15.325 18.774 18.713 18.681 18.569 18.426 18.284 18.092 18.679 20.916 23.274 23.641 23.618 23.606 23.593 23.581 23.568 23.545 23.353 23.231 23.388 23.496 23.494 23.482 23.470 23.339 20.647 18.696 18.555 18.794 18.813 18.853 18.812 18.572 18.692 20.233 23.063 23.324 23.315 23.306 23.298 23.280 23.272 23.264 23.257 23.250 23.243 23.237 23.230 23.224
21.516 21.613 21.720 21.828 21.935 22.042 22.149 22.255 22.362 22.468 22.574 22.680 22.786 22.891 22.996 23.081 22.536 19.881 18.836 18.771 15.169 15.263 16.342 15.332 15.324 18.971 18.770 18.728 18.637 18.365 18.183 18.061 18.089 19.037 21.165 23.352 23.630 23.618 23.605 23.593 23.571 23.558 23.456 23.084 22.952 23.160 23.438 23.486 23.475 23.463 23.392 20.771 18.840 18.679 18.958 18.948 18.888 18.748 18.648 18.918 21.099 23.240 23.321 23.312 23.304 23.295 23.287 23.280 23.272 23.265 23.248 23.242 23.236 23.230 23.214
21.557 21.665 21.773 21.880 21.977 22.084 22.191 22.298 22.405 22.511 22.617 22.723 22.829 22.935 23.040 23.015 21.470 19.185 18.851 18.786 15.217 16.335 16.339 15.325 19.137 18.986 18.936 18.845 18.573 18.292 18.150 18.089 18.457 19.705 21.813 23.491 23.619 23.607 23.595 23.583 23.571 23.549 23.307 22.815 22.523 22.862 23.310 23.479 23.477 23.456 23.385 21.064 18.984 18.833 19.103 19.042 18.833 18.623 18.773 19.304 22.005 23.306 23.327 23.309 23.301 23.293 23.285 23.278 23.271 23.264 23.257 23.251 23.245 23.229 23.113
21.600 21.707 21.815 21.923 22.030 22.137 22.244 22.341 22.448 22.555 22.661 22.767 22.873 22.978 23.084 22.569 20.155 18.940 18.925 15.160 15.254 16.332 15.322 15.313 19.033 19.012 18.982 18.721 18.380 18.259 18.458 18.666 18.925 20.493 22.811 23.600 23.608 23.596 23.584 23.573 23.561 23.499 23.128 22.406 21.975 22.453 23.102 23.441 23.470 23.459 23.388 21.528 19.197 19.057 19.197 19.087 18.767 18.638 18.959 19.930 22.701 23.332 23.324 23.316 23.308 23.290 23.283 23.276 23.269 23.262 23.256 23.250 23.244 23.238 22.863
21.652 21.760 21.868 21.966 22.073 22.181 22.288 22.395 22.502 22.608 22.705 22.811 22.917 23.023 23.098 21.604 19.189 18.944 18.970 15.208 16.325 16.329 15.315 19.189 19.079 19.109 18.929 18.518 18.297 18.166 18.485 18.744 19.203 21.261 23.300 23.619 23.607 23.586 23.574 23.563 23.551 23.420 22.889 21.947 21.756 22.305 22.904 23.343 23.463 23.452 23.411 22.111 19.681 19.261 19.201 19.072 18.762 18.853 19.204 20.845 23.107 23.328 23.320 23.313 23.305 23.298 23.290 23.283 23.267 23.260 23.254 23.248 23.243 23.207 22.242
21.695 21.803 21.911 22.019 22.127 22.234 22.332 22.439 22.546 22.652 22.759 22.865 22.961 23.067 22.893 20.308 18.853 18.989 15.151 15.245 16.322 15.312 15.303 19.166 19.156 19.146 18.725 18.305 18.224 18.324 18.373 18.812 19.741 22.080 23.529 23.608 23.596 23.585 23.574 23.563 23.542 23.361 22.530 21.679 21.758 22.197 22.846 23.246 23.445 23.445 23.425 22.765 20.385 19.305 19.186 18.986 18.807 19.078 19.580 21.871 23.283 23.325 23.317 23.309 23.302 23.295 23.288 23.281 23.275 23.269 23.253 23.247 23.242 23.017 21.012
21.748 21.846 21.955 22.063 22.170 22.278 22.386 22.493 22.600 22.697 22.804 22.910 23.016 23.112 22.247 19.232 18.928 19.083 15.198 16.315 16.319 15.305 19.062 19.113 19.163 18.943 18.553 18.372 18.292 18.291 18.251 18.970 20.659 22.928 23.598 23.597 23.586 23.575 23.564 23.553 23.542 23.181 22.131 21.600 21.719 21.929 22.678 23.198 23.428 23.448 23.428 23.178 20.959 19.199 19.120 18.901 18.952 19.234 20.265 22.667 23.329 23.331 23.324 23.306 23.299 23.292 23.286 23.279 23.273 23.267 23.262 23.256 23.231 22.426 19.641
21.792 21.900 22.008 22.117 22.215 22.323 22.430 22.538 22.645 22.752 22.859 22.965 23.061 23.117 21.282 18.907 19.082 15.142 15.235 16.312 15.303 15.294 19.099 19.209 19.240 18.830 18.430 18.230 18.180 18.279 18.499 19.668 21.898 23.447 23.607 23.586 23.575 23.565 23.554 23.543 23.503 22.772 21.622 21.321 21.571 21.781 22.281 23.151 23.421 23.441 23.431 23.332 21.493 19.143 19.055 18.916 19.177 19.449 21.261 23.133 23.335 23.328 23.320 23.313 23.306 23.290 23.283 23.277 23.271 23.266 23.260 23.255 23.120 21.325 18.471
