LISFLOOD/results/max.asc
ncols         413
nrows         307
xllcorner     341179.518085
yllcorner     4516729.658735
cellsize      10.000000
NODATA_value  -9999.000000
[rows 66 to 98 of 307, columns 150 to 224 of 413]
0.000 0.000 0.000 0.000 0.000 0.000 0.000 0.000 0.000 0.000 0.000 0.000 0.000 0.000 0.000 0.000 0.000 0.000 0.000 0.000 0.000 0.000 0.000 0.000 0.000 0.000 0.000 0.000 0.000 0.000 0.000 0.000 0.000 0.000 0.000 0.000 0.000 0.200 0.189 0.230 0.585 0.762 0.681 0.682 0.765 0.889 1.184 1.251 1.359 1.659 2.100 2.573 3.166 3.681 4.158 4.186 4.385 4.656 4.888 4.981 5.015 5.091 5.249 5.377 5.487 5.588 5.691 5.695 5.560 5.736 5.944 6.233 6.453 7.824 11.317
0.000 0.000 0.000 0.000 0.000 0.000 0.000 0.000 0.000 0.000 0.000 0.000 0.000 0.000 0.000 0.000 0.000 0.000 0.000 0.000 0.000 0.000 0.000 0.000 0.000 0.000 0.000 0.000 0.000 0.000 0.000 0.000 0.000 0.000 0.000 0.000 0.000 0.054 0.147 0.290 0.656 0.674 0.684 0.816 0.949 1.044 1.140 1.218 1.436 1.757 2.318 2.881 3.446 3.922 4.119 4.027 4.277 4.678 4.941 5.094 5.120 5.246 5.414 5.373 5.493 5.645 5.758 5.622 5.658 5.955 6.233 6.552 6.922 8.714 11.317
0.000 0.000 0.000 0.000 0.000 0.000 0.000 0.000 0.000 0.000 0.000 0.000 0.000 0.000 0.000 0.000 0.000 0.000 0.000 0.000 0.000 0.000 0.000 0.000 0.000 0.000 0.000 0.000 0.000 0.000 0.000 0.000 0.000 0.000 0.000 0.000 0.000 0.052 0.279 0.527 0.695 0.585 0.716 0.869 1.043 1.108 1.095 1.264 1.623 1.954 2.446 3.070 3.775 4.061 4.009 3.918 4.179 4.650 4.963 5.138 5.193 5.400 5.479 5.418 5.519 5.721 5.785 5.599 5.715 6.063 6.421 7.311 8.132 9.074 10.757
0.000 0.000 0.000 0.000 0.000 0.000 0.000 0.000 0.000 0.000 0.000 0.000 0.000 0.000 0.000 0.000 0.000 0.000 0.000 0.000 0.000 0.000 0.000 0.000 0.000 0.000 0.000 0.000 0.000 0.000 0.000 0.000 0.000 0.000 0.000 0.000 0.014 0.100 0.345 0.654 0.714 0.675 0.798 0.871 1.006 1.103 1.120 1.289 1.760 2.111 2.364 3.078 3.934 4.031 3.889 3.919 4.220 4.692 5.026 5.191 5.267 5.444 5.463 5.363 5.525 5.807 5.821 5.767 5.853 6.031 6.370 7.720 8.821 9.184 10.257
0.000 0.000 0.000 0.000 0.000 0.000 0.000 0.000 0.000 0.000 0.000 0.000 0.000 0.000 0.000 0.000 0.000 0.000 0.000 0.000 0.000 0.000 0.000 0.000 0.000 0.000 0.000 0.000 0.000 0.000 0.000 0.000 0.000 0.000 0.137 0.201 0.229 0.232 0.399 0.611 0.643 0.776 0.939 1.044 1.110 1.197 1.205 1.335 1.826 2.308 2.511 3.236 3.963 3.940 3.889 4.159 4.381 4.694 5.038 5.153 5.280 5.408 5.468 5.368 5.640 5.843 5.838 5.893 5.970 6.129 6.398 7.369 8.830 9.203 9.828
0.000 0.000 0.000 0.000 0.000 0.000 0.000 0.000 0.000 0.000 0.000 0.000 0.000 0.000 0.000 0.000 0.000 0.000 0.000 0.000 0.000 0.000 0.000 0.000 0.000 0.000 0.000 0.000 0.000 0.000 0.000 0.000 0.000 0.000 0.214 0.257 0.274 0.345 0.487 0.570 0.623 0.786 1.020 1.186 1.352 1.520 1.539 1.650 2.001 2.514 3.079 3.724 3.921 3.899 4.079 4.360 4.432 4.695 5.080 5.136 5.293 5.382 5.362 5.503 5.795 5.839 5.864 5.910 6.058 6.186 6.476 7.467 8.889 9.203 9.538
0.000 0.000 0.000 0.000 0.000 0.000 0.000 0.000 0.000 0.000 0.000 0.000 0.000 0.000 0.000 0.000 0.000 0.000 0.000 0.000 0.000 0.000 0.000 0.000 0.000 0.000 0.000 0.000 0.000 0.000 0.000 0.000 0.000 0.000 0.170 0.271 0.307 0.406 0.497 0.609 0.793 0.957 1.082 1.198 1.395 1.644 1.943 2.174 2.377 2.690 3.335 3.852 3.859 3.948 4.298 4.550 4.622 4.846 5.172 5.318 5.386 5.445 5.366 5.597 5.850 5.905 5.970 6.017 6.165 6.254 6.854 8.026 8.998 9.212 9.407
0.000 0.000 0.000 0.000 0.000 0.000 0.000 0.000 0.000 0.000 0.000 0.000 0.000 0.000 0.000 0.000 0.000 0.000 0.000 0.000 0.000 0.000 0.000 0.000 0.000 0.000 0.000 0.000 0.000 0.000 0.000 0.000 0.000 0.000 0.130 0.242 0.368 0.476 0.457 0.559 0.832 1.067 1.143 1.189 1.287 1.407 1.857 2.429 2.842 3.156 3.602 3.869 3.927 4.106 4.337 4.619 4.793 4.987 5.243 5.460 5.589 5.588 5.459 5.692 5.815 6.020 6.216 6.273 6.282 6.381 7.212 8.334 9.077 9.212 9.337
0.000 0.000 0.000 0.000 0.000 0.000 0.000 0.000 0.000 0.000 0.000 0.000 0.000 0.000 0.000 0.000 0.000 0.000 0.000 0.000 0.000 0.000 0.000 0.000 0.000 0.000 0.000 0.000 0.000 0.000 0.000 0.000 0.000 0.000 0.195 0.290 0.417 0.506 0.426 0.448 0.722 1.037 1.143 1.211 1.239 1.359 1.721 2.153 2.657 3.352 3.758 3.926 4.004 4.115 4.256 4.549 4.803 5.058 5.344 5.422 5.491 5.531 5.543 5.686 5.700 5.945 6.292 6.440 6.328 6.519 7.380 8.443 9.156 9.251 9.337
0.000 0.000 0.000 0.000 0.000 0.000 0.000 0.000 0.000 0.000 0.000 0.000 0.000 0.000 0.000 0.000 0.000 0.000 0.000 0.000 0.000 0.000 0.000 0.000 0.000 0.000 0.000 0.000 0.000 0.000 0.000 0.000 0.000 0.003 0.263 0.428 0.505 0.494 0.445 0.507 0.772 1.037 1.144 1.232 1.241 1.542 2.014 2.247 2.551 3.347 3.734 3.932 4.162 4.273 4.385 4.618 4.822 5.008 5.265 5.334 5.223 5.314 5.586 5.620 5.704 6.000 6.277 6.426 6.355 6.736 7.518 8.551 9.215 9.270 9.407
0.000 0.000 0.000 0.000 0.000 0.000 0.000 0.000 0.000 0.000 0.000 0.000 0.000 0.000 0.000 0.000 0.000 0.000 0.000 0.000 0.000 0.000 0.000 0.000 0.000 0.000 0.000 0.000 0.000 0.000 0.000 0.000 0.000 0.025 0.259 0.474 0.531 0.461 0.483 0.606 0.791 0.977 1.124 1.173 1.303 1.824 2.247 2.481 3.036 3.552 3.570 3.679 4.129 4.400 4.563 4.707 4.842 4.949 5.016 5.155 5.176 5.347 5.560 5.554 5.779 6.065 6.283 6.352 6.422 6.893 7.685 8.709 9.284 9.280 9.557
0.000 0.000 0.000 0.000 0.000 0.000 0.000 0.000 0.000 0.000 0.000 0.000 0.000 0.000 0.000 0.000 0.000 0.000 0.000 0.000 0.000 0.000 0.000 0.000 0.000 0.000 0.000 0.000 0.000 0.000 0.000 0.000 0.000 0.088 0.312 0.508 0.507 0.428 0.510 0.704 0.809 0.926 1.114 1.124 1.514 2.006 2.280 2.684 3.350 3.567 3.585 3.785 4.206 4.438 4.641 4.786 4.882 4.979 5.027 5.027 5.157 5.409 5.483 5.497 5.783 6.140 6.248 6.298 6.548 7.000 7.883 8.867 9.352 9.269 9.526
0.000 0.000 0.000 0.000 0.000 0.000 0.000 0.000 0.000 0.000 0.000 0.000 0.000 0.000 0.000 0.000 0.000 0.000 0.000 0.000 0.000 0.000 0.000 0.000 0.000 0.000 0.000 0.000 0.000 0.000 0.000 0.000 0.000 0.164 0.403 0.542 0.482 0.463 0.576 0.791 0.937 1.005 1.134 1.254 1.626 2.018 2.322 2.938 3.464 3.502 3.651 3.941 4.302 4.515 4.729 4.874 4.971 5.029 5.087 5.168 5.309 5.432 5.446 5.591 5.867 6.135 6.144 6.293 6.665 7.097 8.060 9.005 9.391 9.258 9.466
0.000 0.000 0.000 0.000 0.000 0.000 0.000 0.000 0.000 0.000 0.000 0.000 0.000 0.000 0.000 0.000 0.000 0.000 0.000 0.000 0.000 0.000 0.000 0.000 0.000 0.000 0.000 0.000 0.000 0.000 0.000 0.000 0.000 0.296 0.535 0.584 0.516 0.508 0.663 0.878 0.975 1.034 1.173 1.414 1.706 1.990 2.435 3.221 3.428 3.376 3.576 3.917 4.339 4.622 4.837 4.993 5.070 5.068 5.018 5.149 5.351 5.434 5.518 5.704 5.931 6.099 6.099 6.369 6.671 7.094 8.198 9.123 9.429 9.277 9.536
0.000 0.000 0.000 0.000 0.000 0.000 0.000 0.000 0.000 0.000 0.000 0.000 0.000 0.000 0.000 0.000 0.000 0.000 0.000 0.000 0.000 0.000 0.000 0.000 0.000 0.000 0.000 0.000 0.000 0.000 0.000 0.000 0.014 0.449 0.626 0.647 0.639 0.643 0.768 0.915 1.033 1.072 1.242 1.584 1.917 2.181 2.667 3.363 3.331 3.310 3.511 3.882 4.325 4.689 4.914 5.101 5.139 5.088 5.028 5.129 5.342 5.426 5.571 5.777 5.965 6.074 6.124 6.395 6.607 7.011 8.175 9.201 9.448 9.306 9.645
0.000 0.000 0.000 0.000 0.000 0.000 0.000 0.000 0.000 0.000 0.000 0.000 0.000 0.000 0.000 0.000 0.000 0.000 0.000 0.000 0.000 0.000 0.000 0.000 0.000 0.000 0.000 0.000 0.000 0.000 0.000 0.000 0.107 0.526 0.626 0.668 0.802 0.877 0.963 1.031 1.120 1.100 1.361 1.794 2.157 2.552 3.089 3.366 3.245 3.244 3.435 3.828 4.381 4.816 5.012 5.199 5.207 5.127 5.038 5.190 5.333 5.488 5.684 5.871 5.999 6.098 6.189 6.400 6.553 6.947 8.083 9.249 9.456 9.345 9.785
0.000 0.000 0.000 0.000 0.000 0.000 0.000 0.000 0.000 0.000 0.000 0.000 0.000 0.000 0.000 0.000 0.000 0.000 0.000 0.000 0.000 0.000 0.000 0.000 0.000 0.000 0.000 0.000 0.000 0.000 0.000 0.028 0.352 0.610 0.544 0.579 0.784 0.951 1.108 1.297 1.387 1.298 1.500 1.963 2.418 2.883 3.250 3.238 3.108 3.148 3.280 3.743 4.497 4.942 5.179 5.237 5.186 5.126 5.088 5.250 5.314 5.470 5.676 5.913 6.042 6.142 6.323 6.496 6.609 7.064 8.200 9.287 9.455 9.384 9.914
0.000 0.000 0.000 0.000 0.000 0.000 0.000 0.000 0.000 0.000 0.000 0.000 0.000 0.000 0.000 0.000 0.000 0.000 0.000 0.000 0.000 0.000 0.000 0.000 0.000 0.000 0.000 0.000 0.000 0.120 0.192 0.261 0.550 0.598 0.534 0.600 0.817 0.854 1.033 1.392 1.613 1.815 1.938 2.182 2.558 3.034 3.232 3.061 2.931 3.242 3.644 4.048 4.723 5.019 5.266 5.265 5.204 5.155 5.187 5.261 5.215 5.371 5.598 5.826 6.036 6.186 6.418 6.631 6.815 7.311 8.327 9.225 9.463 9.463 10.014
0.000 0.000 0.000 0.000 0.000 0.000 0.000 0.000 0.000 0.000 0.000 0.000 0.000 0.000 0.000 0.000 0.000 0.000 0.000 0.000 0.000 0.000 0.000 0.000 0.000 0.000 0.000 0.000 0.000 0.066 0.226 0.480 0.623 0.548 0.555 0.682 0.879 0.878 1.067 1.268 1.400 1.892 2.326 2.611 2.857 3.185 3.203 3.093 3.153 3.595 4.568 4.823 4.958 5.165 5.323 5.292 5.233 5.184 5.257 5.251 5.236 5.383 5.590 5.799 6.019 6.220 6.463 6.716 6.971 7.397 8.104 8.892 9.392 9.582 10.203
0.000 0.000 0.000 0.000 0.000 0.000 0.000 0.000 0.000 0.000 0.000 0.000 0.000 0.000 0.000 0.000 0.000 0.000 0.000 0.000 0.000 0.000 0.000 0.000 0.000 0.000 0.000 0.000 0.000 0.000 0.148 0.552 0.603 0.508 0.555 0.643 0.932 1.121 1.282 1.274 1.396 1.680 2.004 2.560 3.077 3.335 3.404 3.445 3.556 3.829 4.692 5.018 5.094 5.271 5.350 5.310 5.231 5.213 5.286 5.261 5.367 5.524 5.672 5.862 6.042 6.244 6.517 6.741 6.987 7.313 7.741 8.380 9.240 9.721 10.533
0.000 0.000 0.000 0.000 0.000 0.000 0.000 0.000 0.000 0.000 0.000 0.000 0.000 0.000 0.000 0.000 0.000 0.000 0.000 0.000 0.000 0.000 0.000 0.000 0.000 0.000 0.000 0.000 0.000 0.000 0.270 0.596 0.521 0.488 0.676 0.795 1.074 1.355 1.427 1.409 1.592 1.807 1.972 2.539 3.117 3.315 3.555 3.846 4.018 4.182 4.576 5.002 5.219 5.377 5.396 5.337 5.238 5.261 5.286 5.291 5.437 5.615 5.754 5.894 6.035 6.198 6.462 6.637 6.843 7.160 7.518 8.078 9.218 9.880 10.803
0.000 0.000 0.000 0.000 0.000 0.000 0.000 0.000 0.000 0.000 0.000 0.000 0.000 0.000 0.000 0.000 0.000 0.000 0.000 0.000 0.000 0.000 0.000 0.000 0.000 0.000 0.000 0.001 0.105 0.229 0.512 0.581 0.449 0.558 0.857 1.086 1.247 1.489 1.601 1.644 1.739 1.954 2.290 2.858 3.126 3.146 3.406 3.838 4.221 4.505 4.770 4.996 5.194 5.353 5.403 5.374 5.266 5.300 5.235 5.261 5.448 5.616 5.756 5.897 5.999 6.092 6.256 6.372 6.558 6.886 7.295 8.215 9.406 10.029 11.072
0.000 0.000 0.000 0.000 0.000 0.000 0.000 0.000 0.000 0.000 0.000 0.000 0.000 0.000 0.000 0.000 0.000 0.000 0.000 0.000 0.000 0.000 0.000 0.000 0.000 0.000 0.001 0.007 0.120 0.442 0.619 0.568 0.558 0.707 1.007 1.138 1.260 1.492 1.686 1.770 1.915 2.171 2.598 2.996 3.065 3.156 3.547 3.889 4.273 4.638 4.914 5.031 5.159 5.238 5.249 5.291 5.294 5.278 5.214 5.310 5.528 5.687 5.797 5.929 5.951 6.015 6.090 6.157 6.294 6.582 7.152 8.643 9.595 10.148 11.272
0.000 0.000 0.000 0.000 0.000 0.000 0.000 0.000 0.000 0.000 0.000 0.000 0.000 0.000 0.000 0.000 0.000 0.000 0.000 0.000 0.000 0.000 0.000 0.000 0.000 0.076 0.095 0.084 0.212 0.535 0.616 0.536 0.656 0.907 1.078 1.150 1.253 1.426 1.740 1.945 2.111 2.328 2.786 3.035 3.045 3.356 3.948 4.281 4.465 4.801 4.947 4.935 5.094 5.244 5.305 5.298 5.301 5.156 5.162 5.510 5.738 5.838 5.909 5.951 5.914 6.009 6.084 6.141 6.209 6.479 7.479 9.150 9.723 10.317 11.501
0.000 0.000 0.000 0.000 0.000 0.000 0.000 0.000 0.000 0.000 0.000 0.000 0.000 0.000 0.000 0.000 0.000 0.000 0.000 0.000 0.000 0.000 0.000 0.000 0.044 0.191 0.273 0.343 0.412 0.619 0.602 0.584 0.806 0.988 1.110 1.162 1.196 1.410 1.725 2.011 2.297 2.605 2.954 3.053 3.144 3.666 4.398 4.562 4.677 4.903 4.921 4.829 4.909 5.089 5.291 5.324 5.359 5.214 5.291 5.659 5.848 5.939 6.000 5.943 5.907 6.012 6.109 6.186 6.265 6.675 8.186 9.418 9.861 10.526 11.841
0.000 0.000 0.000 0.000 0.000 0.000 0.000 0.000 0.000 0.000 0.000 0.000 0.000 0.000 0.000 0.000 0.000 0.000 0.000 0.000 0.000 0.000 0.000 0.000 0.146 0.229 0.233 0.402 0.625 0.679 0.731 0.804 0.966 1.079 1.141 1.145 1.199 1.464 1.790 2.006 2.364 2.802 3.051 3.142 3.333 3.935 4.599 4.703 4.799 4.966 4.934 4.813 4.783 4.855 5.137 5.301 5.426 5.462 5.560 5.728 5.848 5.989 6.021 5.925 5.940 6.025 6.133 6.221 6.330 7.111 8.743 9.516 9.990 10.815 12.211
0.000 0.000 0.000 0.000 0.000 0.000 0.000 0.000 0.000 0.000 0.000 0.000 0.000 0.000 0.000 0.000 0.000 0.000 0.000 0.000 0.000 0.000 0.000 0.002 0.250 0.252 0.200 0.388 0.658 0.720 0.842 0.974 1.077 1.170 1.204 1.148 1.303 1.648 1.955 2.222 2.600 2.969 3.109 3.270 3.652 4.315 4.659 4.725 4.851 5.038 5.017 4.867 4.848 4.860 5.123 5.287 5.433 5.590 5.708 5.817 5.918 6.050 6.002 5.927 5.992 6.069 6.176 6.275 6.506 7.727 9.079 9.693 10.208 11.214 12.451
0.000 0.000 0.000 0.000 0.000 0.000 0.000 0.000 0.000 0.000 0.000 0.000 0.000 0.000 0.000 0.000 0.000 0.000 0.000 0.000 0.000 0.000 0.000 0.177 0.282 0.285 0.311 0.540 0.660 0.711 0.873 0.995 1.128 1.282 1.356 1.241 1.386 1.762 2.000 2.197 2.726 3.076 3.057 3.339 3.891 4.445 4.630 4.726 4.873 5.101 5.150 5.010 4.952 5.005 5.179 5.264 5.350 5.508 5.666 5.826 5.957 6.070 6.003 5.968 6.074 6.132 6.260 6.410 6.961 8.423 9.336 9.901 10.456 11.653 12.570
0.000 0.000 0.000 0.000 0.000 0.000 0.000 0.000 0.000 0.000 0.000 0.000 0.000 0.000 0.000 0.000 0.000 0.000 0.000 0.000 0.000 0.000 0.084 0.259 0.263 0.288 0.404 0.612 0.612 0.662 0.884 0.957 0.950 1.144 1.429 1.624 1.810 2.027 2.165 2.373 2.953 3.123 3.025 3.277 3.980 4.455 4.540 4.677 4.884 5.153 5.243 5.144 5.036 5.080 5.144 5.190 5.257 5.365 5.524 5.695 5.857 6.010 6.024 6.100 6.257 6.305 6.424 6.584 7.476 8.839 9.543 10.058 10.684 11.992 12.620
0.000 0.000 0.000 0.000 0.000 0.000 0.000 0.000 0.000 0.000 0.000 0.000 0.000 0.000 0.000 0.000 0.000 0.000 0.000 0.000 0.000 0.000 0.206 0.280 0.304 0.369 0.525 0.603 0.543 0.664 0.856 0.818 0.822 1.026 1.271 1.557 1.954 2.322 2.540 2.779 3.119 3.210 3.272 3.605 4.249 4.514 4.541 4.698 4.846 5.075 5.166 5.097 5.050 5.084 5.120 5.136 5.183 5.242 5.372 5.514 5.656 5.830 5.995 6.231 6.459 6.558 6.678 6.819 7.741 9.015 9.719 10.255 11.142 12.331 12.650
0.000 0.000 0.000 0.000 0.000 0.000 0.000 0.000 0.000 0.000 0.000 0.000 0.000 0.000 0.000 0.000 0.000 0.000 0.000 0.000 0.000 0.130 0.296 0.269 0.215 0.449 0.646 0.664 0.594 0.765 0.857 0.760 0.804 1.039 1.254 1.591 1.818 2.096 2.585 3.025 3.226 3.327 3.420 3.804 4.378 4.584 4.571 4.729 4.837 4.887 4.939 4.951 5.014 5.069 5.095 5.082 5.100 5.200 5.330 5.422 5.525 5.690 6.006 6.223 6.351 6.550 6.891 7.153 8.166 9.290 9.896 10.473 11.641 12.540 12.670
0.000 0.000 0.000 0.000 0.000 0.000 0.000 0.000 0.000 0.000 0.000 0.000 0.000 0.000 0.000 0.000 0.000 0.000 0.000 0.000 0.056 0.252 0.315 0.238 0.262 0.529 0.716 0.795 0.775 0.786 0.708 0.742 0.926 1.131 1.397 1.694 1.862 2.001 2.601 3.071 3.222 3.445 3.628 3.872 4.237 4.494 4.521 4.649 4.769 4.800 4.811 4.864 4.988 5.003 4.970 4.958 5.046 5.247 5.378 5.471 5.544 5.690 6.086 6.274 6.233 6.263 6.574 7.137 8.341 9.536 10.162 10.840 12.139 12.609 12.689
0.000 0.000 0.000 0.000 0.000 0.000 0.000 0.000 0.000 0.000 0.000 0.000 0.000 0.000 0.000 0.000 0.000 0.000 0.000 0.000 0.112 0.265 0.325 0.327 0.412 0.638 0.795 0.815 0.855 0.717 0.540 0.663 1.028 1.294 1.571 1.708 1.847 2.156 2.756 2.997 3.129 3.402 3.716 3.931 4.167 4.403 4.461 4.580 4.680 4.782 4.794 4.867 4.992 4.978 4.915 4.913 5.043 5.313 5.465 5.659 5.693 5.849 6.166 6.235 6.184 6.315 6.587 6.671 7.376 9.182 10.489 11.397 12.457 12.627 12.699
