LISFLOOD/results/run1.mxe
ncols         413
nrows         307
xllcorner     341179.518085
yllcorner     4516729.658735
cellsize      10.000000
NODATA_value  -9999.000000
[rows 0 to 27 of 307, columns 315 to 377 of 413]
-9999.000 -9999.000 -9999.000 -9999.000 -9999.000 -9999.000 -9999.000 -9999.000 -9999.000 -9999.000 -9999.000 -9999.000 -9999.000 -9999.000 -9999.000 -9999.000 -9999.000 -9999.000 -9999.000 -9999.000 -9999.000 -9999.000 -9999.000 -9999.000 -9999.000 -9999.000 -9999.000 -9999.000 -9999.000 -9999.000 -9999.000 -9999.000 -9999.000 -9999.000 -9999.000 -9999.000 -9999.000 -9999.000 -9999.000 -9999.000 -9999.000 -9999.000 -9999.000 -9999.000 -9999.000 -9999.000 -9999.000 -9999.000 -9999.000 -9999.000 -9999.000 -9999.000 -9999.000 -9999.000 -9999.000 -9999.000 -9999.000 -9999.000 -9999.000 -9999.000 -9999.000 -9999.000 -9999.000
-9999.000 -9999.000 -9999.000 -9999.000 -9999.000 -9999.000 -9999.000 -9999.000 -9999.000 -9999.000 -9999.000 -9999.000 -9999.000 -9999.000 -9999.000 -9999.000 -9999.000 -9999.000 -9999.000 -9999.000 -9999.000 -9999.000 -9999.000 -9999.000 -9999.000 -9999.000 -9999.000 -9999.000 -9999.000 -9999.000 -9999.000 -9999.000 -9999.000 -9999.000 -9999.000 -9999.000 -9999.000 -9999.000 -9999.000 -9999.000 -9999.000 -9999.000 -9999.000 -9999.000 -9999.000 -9999.000 -9999.000 -9999.000 -9999.000 -9999.000 -9999.000 -9999.000 -9999.000 -9999.000 -9999.000 -9999.000 -9999.000 -9999.000 -9999.000 -9999.000 -9999.000 -9999.000 -9999.000
-9999.000 -9999.000 -9999.000 -9999.000 -9999.000 -9999.000 -9999.000 -9999.000 -9999.000 -9999.000 -9999.000 -9999.000 -9999.000 -9999.000 -9999.000 -9999.000 -9999.000 -9999.000 -9999.000 -9999.000 -9999.000 -9999.000 -9999.000 -9999.000 -9999.000 -9999.000 -9999.000 -9999.000 -9999.000 -9999.000 -9999.000 -9999.000 -9999.000 -9999.000 -9999.000 -9999.000 -9999.000 -9999.000 -9999.000 -9999.000 -9999.000 -9999.000 -9999.000 -9999.000 -9999.000 -9999.000 -9999.000 -9999.000 -9999.000 -9999.000 -9999.000 -9999.000 -9999.000 -9999.000 -9999.000 -9999.000 -9999.000 -9999.000 -9999.000 -9999.000 -9999.000 -9999.000 -9999.000
-9999.000 -9999.000 -9999.000 -9999.000 -9999.000 -9999.000 -9999.000 -9999.000 -9999.000 -9999.000 -9999.000 -9999.000 -9999.000 -9999.000 -9999.000 -9999.000 -9999.000 -9999.000 -9999.000 -9999.000 -9999.000 -9999.000 -9999.000 -9999.000 -9999.000 -9999.000 -9999.000 -9999.000 -9999.000 -9999.000 -9999.000 -9999.000 -9999.000 -9999.000 -9999.000 -9999.000 -9999.000 -9999.000 -9999.000 -9999.000 -9999.000 -9999.000 -9999.000 -9999.000 -9999.000 -9999.000 -9999.000 -9999.000 -9999.000 -9999.000 -9999.000 -9999.000 -9999.000 -9999.000 -9999.000 -9999.000 -9999.000 -9999.000 -9999.000 -9999.000 -9999.000 -9999.000 -9999.000
-9999.000 -9999.000 -9999.000 -9999.000 -9999.000 -9999.000 -9999.000 -9999.000 -9999.000 -9999.000 -9999.000 -9999.000 -9999.000 -9999.000 -9999.000 -9999.000 -9999.000 -9999.000 -9999.000 -9999.000 -9999.000 -9999.000 -9999.000 -9999.000 -9999.000 -9999.000 -9999.000 -9999.000 -9999.000 -9999.000 -9999.000 -9999.000 -9999.000 -9999.000 -9999.000 -9999.000 -9999.000 -9999.000 -9999.000 -9999.000 -9999.000 -9999.000 -9999.000 -9999.000 -9999.000 -9999.000 -9999.000 -9999.000 -9999.000 -9999.000 -9999.000 -9999.000 -9999.000 -9999.000 -9999.000 -9999.000 -9999.000 -9999.000 -9999.000 -9999.000 -9999.000 -9999.000 -9999.000
-9999.000 -9999.000 -9999.000 -9999.000 -9999.000 -9999.000 -9999.000 -9999.000 -9999.000 -9999.000 -9999.000 -9999.000 -9999.000 -9999.000 -9999.000 -9999.000 -9999.000 -9999.000 -9999.000 -9999.000 -9999.000 -9999.000 -9999.000 -9999.000 -9999.000 -9999.000 -9999.000 -9999.000 -9999.000 -9999.000 -9999.000 -9999.000 -9999.000 -9999.000 -9999.000 -9999.000 -9999.000 -9999.000 -9999.000 -9999.000 -9999.000 -9999.000 -9999.000 -9999.000 -9999.000 -9999.000 -9999.000 -9999.000 -9999.000 -9999.000 -9999.000 -9999.000 -9999.000 -9999.000 -9999.000 -9999.000 -9999.000 -9999.000 -9999.000 -9999.000 -9999.000 -9999.000 -9999.000
-9999.000 -9999.000 -9999.000 -9999.000 -9999.000 -9999.000 -9999.000 -9999.000 -9999.000 -9999.000 -9999.000 -9999.000 -9999.000 -9999.000 -9999.000 -9999.000 -9999.000 -9999.000 -9999.000 -9999.000 -9999.000 -9999.000 -9999.000 -9999.000 -9999.000 -9999.000 -9999.000 -9999.000 -9999.000 -9999.000 -9999.000 -9999.000 -9999.000 -9999.000 -9999.000 -9999.000 -9999.000 -9999.000 -9999.000 -9999.000 -9999.000 -9999.000 -9999.000 -9999.000 -9999.000 -9999.000 -9999.000 -9999.000 -9999.000 -9999.000 -9999.000 -9999.000 -9999.000 -9999.000 -9999.000 -9999.000 -9999.000 -9999.000 -9999.000 -9999.000 -9999.000 -9999.000 -9999.000
-9999.000 -9999.000 -9999.000 -9999.000 -9999.000 -9999.000 -9999.000 -9999.000 -9999.000 -9999.000 -9999.000 -9999.000 -9999.000 -9999.000 -9999.000 -9999.000 -9999.000 -9999.000 -9999.000 -9999.000 -9999.000 -9999.000 -9999.000 -9999.000 -9999.000 -9999.000 -9999.000 -9999.000 -9999.000 -9999.000 -9999.000 -9999.000 -9999.000 -9999.000 -9999.000 -9999.000 -9999.000 -9999.000 -9999.000 -9999.000 -9999.000 -9999.000 -9999.000 -9999.000 -9999.000 -9999.000 -9999.000 -9999.000 -9999.000 -9999.000 -9999.000 -9999.000 -9999.000 -9999.000 -9999.000 -9999.000 -9999.000 -9999.000 -9999.000 -9999.000 -9999.000 -9999.000 -9999.000
-9999.000 -9999.000 -9999.000 -9999.000 -9999.000 -9999.000 -9999.000 -9999.000 -9999.000 -9999.000 -9999.000 -9999.000 -9999.000 -9999.000 -9999.000 -9999.000 -9999.000 -9999.000 -9999.000 -9999.000 -9999.000 -9999.000 -9999.000 -9999.000 -9999.000 -9999.000 -9999.000 -9999.000 -9999.000 -9999.000 -9999.000 -9999.000 -9999.000 -9999.000 -9999.000 -9999.000 -9999.000 -9999.000 -9999.000 -9999.000 -9999.000 -9999.000 -9999.000 -9999.000 -9999.000 -9999.000 -9999.000 -9999.000 -9999.000 -9999.000 -9999.000 -9999.000 -9999.000 -9999.000 -9999.000 -9999.000 -9999.000 -9999.000 -9999.000 -9999.000 -9999.000 -9999.000 -9999.000
-9999.000 -9999.000 -9999.000 -9999.000 -9999.000 -9999.000 -9999.000 -9999.000 -9999.000 -9999.000 -9999.000 -9999.000 -9999.000 -9999.000 -9999.000 -9999.000 -9999.000 -9999.000 -9999.000 -9999.000 -9999.000 -9999.000 -9999.000 -9999.000 -9999.000 -9999.000 -9999.000 -9999.000 -9999.000 -9999.000 -9999.000 -9999.000 -9999.000 -9999.000 -9999.000 -9999.000 -9999.000 -9999.000 -9999.000 -9999.000 -9999.000 -9999.000 -9999.000 -9999.000 -9999.000 -9999.000 -9999.000 -9999.000 -9999.000 -9999.000 -9999.000 -9999.000 -9999.000 -9999.000 -9999.000 -9999.000 -9999.000 -9999.000 -9999.000 -9999.000 -9999.000 -9999.000 -9999.000
-9999.000 -9999.000 -9999.000 -9999.000 -9999.000 -9999.000 -9999.000 -9999.000 -9999.000 -9999.000 -9999.000 -9999.000 -9999.000 -9999.000 -9999.000 -9999.000 -9999.000 -9999.000 -9999.000 -9999.000 -9999.000 -9999.000 -9999.000 -9999.000 -9999.000 -9999.000 -9999.000 -9999.000 -9999.000 -9999.000 -9999.000 -9999.000 -9999.000 -9999.000 -9999.000 -9999.000 -9999.000 -9999.000 -9999.000 -9999.000 -9999.000 -9999.000 -9999.000 -9999.000 -9999.000 -9999.000 -9999.000 -9999.000 -9999.000 -9999.000 -9999.000 -9999.000 -9999.000 -9999.000 -9999.000 -9999.000 -9999.000 -9999.000 -9999.000 -9999.000 -9999.000 -9999.000 -9999.000
145.595 145.648 -9999.000 -9999.000 -9999.000 -9999.000 -9999.000 -9999.000 -9999.000 -9999.000 -9999.000 -9999.000 -9999.000 -9999.000 -9999.000 -9999.000 -9999.000 -9999.000 -9999.000 -9999.000 -9999.000 -9999.000 -9999.000 -9999.000 -9999.000 -9999.000 -9999.000 -9999.000 -9999.000 -9999.000 -9999.000 -9999.000 -9999.000 -9999.000 -9999.000 -9999.000 -9999.000 -9999.000 -9999.000 -9999.000 -9999.000 -9999.000 -9999.000 -9999.000 -9999.000 -9999.000 -9999.000 -9999.000 -9999.000 -9999.000 -9999.000 -9999.000 -9999.000 -9999.000 -9999.000 -9999.000 -9999.000 -9999.000 -9999.000 -9999.000 -9999.000 -9999.000 -9999.000
145.615 145.700 145.815 145.919 146.018 146.114 146.208 146.299 146.388 146.476 146.561 146.645 146.727 146.806 146.884 146.960 147.033 147.105 147.174 147.241 147.305 147.367 147.427 147.484 147.538 147.590 147.639 147.686 147.730 147.771 147.810 147.847 147.880 147.912 147.941 147.967 147.992 148.014 148.035 148.053 148.070 148.084 148.098 148.109 148.119 148.128 148.135 148.140 148.144 -9999.000 -9999.000 -9999.000 -9999.000 -9999.000 -9999.000 -9999.000 -9999.000 -9999.000 -9999.000 -9999.000 -9999.000 -9999.000 -9999.000
145.633 145.725 145.825 145.925 146.022 146.118 146.211 146.302 146.391 146.478 146.564 146.647 146.729 146.809 146.887 146.962 147.036 147.108 147.177 147.244 147.308 147.370 147.430 147.487 147.541 147.593 147.642 147.689 147.733 147.774 147.813 147.849 147.883 147.915 147.943 147.970 147.995 148.017 148.037 148.055 148.072 148.087 148.100 148.111 148.121 148.130 148.137 148.143 148.148 148.154 148.159 148.162 148.163 148.164 148.164 148.164 148.162 148.160 148.158 148.155 148.152 148.148 148.144
145.648 145.741 145.837 145.934 146.029 146.123 146.216 146.307 146.396 146.483 146.568 146.652 146.734 146.814 146.892 146.968 147.041 147.113 147.182 147.249 147.314 147.376 147.436 147.493 147.547 147.599 147.649 147.695 147.739 147.780 147.819 147.855 147.889 147.920 147.949 147.975 148.000 148.022 148.042 148.060 148.076 148.091 148.104 148.115 148.125 148.133 148.140 148.147 148.152 148.157 148.161 148.163 148.165 148.166 148.166 148.165 148.163 148.161 148.159 148.156 148.153 148.149 148.145
145.661 145.754 145.849 145.944 146.038 146.131 146.223 146.314 146.403 146.490 146.575 146.659 146.741 146.821 146.899 146.976 147.050 147.121 147.191 147.258 147.323 147.385 147.445 147.502 147.557 147.609 147.658 147.704 147.748 147.789 147.828 147.864 147.898 147.929 147.957 147.983 148.007 148.029 148.049 148.067 148.083 148.097 148.110 148.121 148.130 148.139 148.146 148.152 148.157 148.161 148.164 148.166 148.168 148.168 148.168 148.167 148.165 148.163 148.161 148.158 148.154 148.151 148.147
145.674 145.767 145.861 145.955 146.049 146.141 146.233 146.323 146.412 146.499 146.585 146.669 146.751 146.831 146.910 146.986 147.060 147.132 147.202 147.269 147.334 147.397 147.457 147.514 147.569 147.621 147.670 147.717 147.760 147.802 147.840 147.876 147.909 147.940 147.968 147.994 148.018 148.039 148.059 148.076 148.092 148.106 148.118 148.129 148.138 148.146 148.152 148.158 148.163 148.166 148.169 148.171 148.172 148.172 148.172 148.170 148.169 148.166 148.164 148.161 148.157 148.153 148.149
145.687 145.780 145.874 145.968 146.061 146.153 146.244 146.334 146.423 146.511 146.596 146.681 146.763 146.844 146.922 146.999 147.074 147.146 147.216 147.284 147.349 147.412 147.472 147.529 147.584 147.636 147.686 147.732 147.776 147.817 147.855 147.891 147.924 147.954 147.982 148.007 148.031 148.052 148.071 148.088 148.103 148.116 148.128 148.138 148.147 148.154 148.161 148.166 148.170 148.173 148.175 148.177 148.177 148.177 148.177 148.175 148.173 148.171 148.168 148.164 148.160 148.157 148.152
145.700 145.794 145.888 145.981 146.074 146.166 146.257 146.348 146.437 146.524 146.610 146.695 146.777 146.858 146.937 147.015 147.090 147.162 147.233 147.301 147.367 147.430 147.490 147.548 147.603 147.655 147.704 147.751 147.794 147.835 147.873 147.908 147.941 147.971 147.999 148.024 148.046 148.067 148.085 148.102 148.116 148.129 148.140 148.150 148.158 148.165 148.171 148.175 148.179 148.181 148.183 148.184 148.184 148.184 148.182 148.181 148.178 148.176 148.172 148.169 148.165 148.161 148.156
145.714 145.808 145.902 145.996 146.089 146.181 146.272 146.363 146.452 146.540 146.626 146.711 146.794 146.876 146.955 147.033 147.108 147.182 147.253 147.321 147.387 147.451 147.511 147.569 147.625 147.677 147.726 147.773 147.816 147.857 147.895 147.929 147.962 147.991 148.018 148.042 148.064 148.084 148.102 148.118 148.132 148.144 148.154 148.163 148.171 148.177 148.182 148.186 148.189 148.191 148.192 148.193 148.192 148.191 148.190 148.187 148.185 148.182 148.178 148.174 148.170 148.165 148.161
145.729 145.823 145.918 146.011 146.105 146.197 146.289 146.379 146.469 146.557 146.644 146.729 146.813 146.895 146.975 147.053 147.130 147.203 147.275 147.344 147.411 147.475 147.536 147.594 147.650 147.702 147.752 147.798 147.841 147.882 147.919 147.954 147.985 148.014 148.040 148.064 148.085 148.104 148.121 148.136 148.149 148.161 148.170 148.178 148.185 148.191 148.195 148.198 148.201 148.202 148.203 148.202 148.201 148.200 148.198 148.195 148.192 148.188 148.185 148.180 148.176 148.171 148.166
145.744 145.839 145.934 146.028 146.122 146.215 146.307 146.398 146.488 146.576 146.664 146.750 146.834 146.917 146.998 147.077 147.154 147.228 147.300 147.370 147.438 147.502 147.564 147.622 147.678 147.731 147.780 147.827 147.870 147.910 147.947 147.981 148.012 148.040 148.066 148.088 148.109 148.127 148.143 148.157 148.169 148.179 148.188 148.195 148.201 148.206 148.210 148.212 148.214 148.214 148.214 148.213 148.212 148.210 148.207 148.204 148.200 148.196 148.192 148.187 148.182 148.177 148.172
145.761 145.857 145.952 146.046 146.140 146.234 146.326 146.418 146.508 146.598 146.686 146.772 146.858 146.941 147.023 147.103 147.180 147.256 147.329 147.399 147.467 147.533 147.595 147.654 147.710 147.763 147.813 147.859 147.902 147.942 147.978 148.012 148.042 148.069 148.094 148.116 148.135 148.152 148.167 148.180 148.191 148.200 148.208 148.214 148.219 148.223 148.226 148.227 148.228 148.228 148.227 148.225 148.223 148.220 148.217 148.213 148.209 148.205 148.200 148.195 148.190 148.184 148.179
145.779 145.875 145.970 146.065 146.160 146.254 146.347 146.439 146.531 146.621 146.710 146.797 146.883 146.968 147.050 147.131 147.210 147.286 147.360 147.432 147.500 147.566 147.629 147.689 147.746 147.799 147.849 147.895 147.938 147.977 148.013 148.046 148.075 148.102 148.125 148.146 148.164 148.180 148.194 148.205 148.215 148.223 148.230 148.235 148.239 148.242 148.243 148.244 148.244 148.243 148.241 148.239 148.236 148.232 148.228 148.224 148.219 148.214 148.209 148.204 148.198 148.192 148.186
145.797 145.894 145.990 146.086 146.181 146.276 146.369 146.462 146.554 146.645 146.735 146.824 146.911 146.996 147.080 147.162 147.242 147.319 147.394 147.467 147.537 147.604 147.668 147.728 147.785 147.839 147.889 147.935 147.978 148.016 148.052 148.084 148.112 148.137 148.160 148.179 148.196 148.211 148.223 148.233 148.241 148.248 148.254 148.257 148.260 148.262 148.262 148.262 148.260 148.259 148.256 148.253 148.249 148.245 148.240 148.235 148.230 148.225 148.219 148.213 148.207 148.201 148.194
145.816 145.914 146.011 146.107 146.203 146.298 146.393 146.487 146.580 146.672 146.763 146.852 146.940 147.027 147.112 147.195 147.276 147.355 147.432 147.506 147.577 147.645 147.709 147.771 147.829 147.883 147.933 147.979 148.021 148.060 148.094 148.125 148.152 148.176 148.197 148.215 148.231 148.244 148.254 148.263 148.270 148.275 148.279 148.281 148.283 148.283 148.282 148.281 148.279 148.276 148.272 148.268 148.263 148.259 148.253 148.248 148.242 148.236 148.229 148.223 148.216 148.210 148.203
145.837 145.935 146.033 146.130 146.226 146.323 146.418 146.513 146.607 146.700 146.792 146.883 146.972 147.060 147.146 147.231 147.314 147.394 147.472 147.547 147.620 147.689 147.755 147.818 147.876 147.931 147.981 148.027 148.069 148.107 148.141 148.170 148.196 148.219 148.238 148.254 148.268 148.279 148.288 148.295 148.300 148.304 148.306 148.307 148.307 148.306 148.304 148.301 148.298 148.294 148.289 148.284 148.279 148.273 148.267 148.261 148.254 148.247 148.240 148.234 148.226 148.219 148.212
145.858 145.957 146.055 146.153 146.251 146.348 146.444 146.540 146.635 146.729 146.823 146.915 147.006 147.095 147.183 147.269 147.353 147.436 147.515 147.592 147.666 147.737 147.805 147.868 147.928 147.983 148.034 148.080 148.122 148.159 148.192 148.220 148.244 148.265 148.283 148.297 148.308 148.317 148.324 148.329 148.333 148.334 148.335 148.334 148.333 148.330 148.327 148.323 148.318 148.313 148.307 148.301 148.295 148.288 148.281 148.274 148.267 148.260 148.252 148.245 148.237 148.230 148.222
