LISFLOOD/results/run10.totaltm
ncols         413
nrows         307
xllcorner     341179.518085
yllcorner     4516729.658735
cellsize      10.000000
NODATA_value  -9999.000000
[rows 33 to 65 of 307, columns 300 to 374 of 413]
26.874 26.895 26.916 26.943 26.501 26.632 27.216 27.266 27.294 27.322 27.348 27.373 27.397 27.419 27.442 27.464 27.487 27.508 27.528 27.547 27.566 27.583 27.599 27.616 27.633 27.648 27.662 27.675 27.687 27.698 27.709 27.718 27.726 27.732 27.737 27.742 27.746 27.748 27.747 27.747 27.749 27.746 27.752 27.756 27.757 27.754 27.721 27.686 27.727 27.736 27.731 27.724 27.717 27.708 27.700 27.691 27.652 27.498 27.364 27.126 26.701 26.678 26.652 26.669 26.870 26.812 26.798 26.907 27.187 27.185 27.170 27.158 27.144 27.127 27.103
26.830 26.341 26.355 26.963 27.087 27.114 27.239 27.268 27.297 27.324 27.351 27.377 27.403 27.428 27.451 27.473 27.495 27.516 27.536 27.554 27.573 27.590 27.607 27.623 27.638 27.653 27.667 27.680 27.693 27.704 27.714 27.723 27.731 27.738 27.743 27.748 27.751 27.753 27.753 27.756 27.762 27.761 27.759 27.761 27.762 27.761 27.750 27.742 27.748 27.743 27.737 27.731 27.723 27.714 27.706 27.694 27.598 27.462 27.297 26.593 26.581 26.704 26.735 26.783 26.838 26.518 26.767 27.194 27.219 27.211 27.199 27.183 27.168 27.151 27.132
26.178 25.116 25.141 26.567 27.182 27.226 27.253 27.280 27.307 27.333 27.359 27.386 27.411 27.435 27.458 27.481 27.502 27.522 27.542 27.561 27.579 27.597 27.613 27.629 27.644 27.659 27.672 27.685 27.697 27.708 27.718 27.728 27.736 27.742 27.747 27.752 27.756 27.758 27.759 27.764 27.767 27.768 27.765 27.767 27.767 27.765 27.762 27.758 27.753 27.748 27.743 27.736 27.728 27.719 27.710 27.677 27.539 27.386 26.814 25.964 26.702 26.757 26.832 26.861 26.838 26.720 26.897 27.247 27.244 27.234 27.222 27.209 27.189 27.172 27.154
24.949 24.317 24.937 26.443 27.183 27.242 27.268 27.295 27.321 27.346 27.371 27.395 27.419 27.441 27.464 27.486 27.507 27.527 27.547 27.565 27.584 27.602 27.619 27.634 27.649 27.664 27.677 27.689 27.702 27.712 27.722 27.731 27.739 27.746 27.751 27.756 27.759 27.762 27.765 27.768 27.771 27.772 27.769 27.771 27.771 27.768 27.766 27.762 27.757 27.752 27.746 27.739 27.732 27.723 27.710 27.622 27.475 27.141 26.774 26.770 26.822 26.866 26.904 26.924 26.837 26.786 27.247 27.276 27.268 27.257 27.244 27.231 27.211 27.193 27.174
24.052 24.584 24.931 26.084 27.144 27.258 27.283 27.310 27.335 27.359 27.383 27.406 27.429 27.451 27.473 27.493 27.514 27.534 27.553 27.572 27.589 27.606 27.622 27.638 27.653 27.668 27.681 27.693 27.705 27.716 27.726 27.734 27.742 27.748 27.754 27.758 27.762 27.765 27.768 27.771 27.773 27.774 27.772 27.774 27.773 27.772 27.769 27.765 27.761 27.755 27.749 27.742 27.734 27.726 27.686 27.566 27.314 27.054 26.832 26.823 26.934 26.947 27.124 27.152 26.904 26.917 27.301 27.299 27.290 27.278 27.265 27.250 27.230 27.213 27.194
23.919 24.740 24.766 26.072 27.171 27.276 27.300 27.325 27.348 27.372 27.395 27.417 27.439 27.461 27.482 27.502 27.522 27.541 27.559 27.578 27.594 27.611 27.627 27.642 27.657 27.671 27.684 27.696 27.708 27.718 27.727 27.736 27.743 27.749 27.756 27.761 27.764 27.767 27.771 27.773 27.775 27.776 27.778 27.777 27.776 27.774 27.771 27.768 27.763 27.758 27.752 27.745 27.737 27.722 27.648 27.462 27.151 27.096 27.063 27.029 26.992 27.303 27.320 27.282 27.190 27.228 27.328 27.321 27.311 27.299 27.284 27.269 27.253 27.231 27.212
24.241 24.698 24.916 26.596 27.256 27.294 27.318 27.342 27.365 27.387 27.409 27.431 27.452 27.472 27.492 27.512 27.531 27.549 27.567 27.583 27.600 27.616 27.632 27.646 27.661 27.674 27.686 27.698 27.709 27.719 27.729 27.737 27.743 27.749 27.756 27.761 27.764 27.768 27.771 27.774 27.776 27.777 27.778 27.778 27.777 27.776 27.773 27.769 27.764 27.759 27.753 27.746 27.738 27.705 27.587 27.287 27.186 27.086 27.008 26.996 26.975 27.367 27.358 27.338 27.319 27.339 27.348 27.341 27.330 27.317 27.303 27.287 27.270 27.252 27.228
24.094 24.142 25.373 27.026 27.284 27.308 27.331 27.354 27.377 27.398 27.420 27.441 27.461 27.481 27.501 27.519 27.538 27.556 27.572 27.589 27.606 27.621 27.636 27.650 27.664 27.677 27.689 27.700 27.711 27.721 27.729 27.737 27.744 27.749 27.755 27.759 27.763 27.767 27.770 27.773 27.774 27.776 27.778 27.777 27.776 27.774 27.772 27.768 27.764 27.759 27.753 27.747 27.736 27.670 27.476 27.284 27.229 27.003 26.798 26.845 27.406 27.389 27.377 27.363 27.349 27.376 27.372 27.363 27.348 27.335 27.321 27.304 27.287 27.268 27.248
23.789 24.178 26.061 27.225 27.294 27.318 27.342 27.364 27.387 27.408 27.430 27.450 27.470 27.489 27.509 27.527 27.545 27.562 27.579 27.595 27.611 27.626 27.640 27.654 27.667 27.679 27.691 27.702 27.712 27.721 27.729 27.737 27.744 27.749 27.754 27.759 27.763 27.766 27.769 27.771 27.773 27.774 27.778 27.776 27.774 27.773 27.771 27.767 27.763 27.758 27.753 27.747 27.719 27.608 27.472 27.323 27.273 27.233 27.186 27.443 27.431 27.412 27.403 27.394 27.384 27.402 27.393 27.382 27.369 27.352 27.337 27.321 27.302 27.283 27.263
23.524 24.590 26.661 27.268 27.300 27.324 27.348 27.372 27.394 27.415 27.436 27.456 27.476 27.496 27.515 27.533 27.551 27.567 27.583 27.599 27.614 27.629 27.643 27.656 27.669 27.681 27.692 27.702 27.712 27.721 27.729 27.736 27.743 27.748 27.753 27.757 27.760 27.763 27.767 27.770 27.772 27.773 27.778 27.774 27.773 27.771 27.768 27.766 27.762 27.757 27.752 27.744 27.682 27.535 27.492 27.457 27.439 27.432 27.461 27.454 27.420 27.403 27.396 27.389 27.423 27.422 27.412 27.400 27.387 27.372 27.353 27.336 27.317 27.298 27.277
23.161 24.988 27.009 27.278 27.302 27.325 27.348 27.372 27.394 27.417 27.438 27.459 27.478 27.497 27.516 27.534 27.552 27.569 27.585 27.601 27.616 27.630 27.643 27.657 27.669 27.681 27.692 27.702 27.712 27.720 27.728 27.735 27.742 27.747 27.751 27.756 27.759 27.762 27.765 27.767 27.767 27.771 27.778 27.772 27.771 27.769 27.766 27.763 27.759 27.755 27.750 27.726 27.619 27.534 27.516 27.516 27.504 27.492 27.482 27.459 27.447 27.433 27.420 27.407 27.449 27.441 27.429 27.417 27.403 27.387 27.371 27.350 27.331 27.311 27.290
23.491 25.798 27.193 27.279 27.303 27.327 27.349 27.372 27.395 27.417 27.438 27.459 27.478 27.498 27.516 27.534 27.551 27.568 27.584 27.600 27.615 27.629 27.643 27.656 27.668 27.679 27.690 27.701 27.710 27.718 27.727 27.734 27.740 27.746 27.751 27.755 27.758 27.761 27.763 27.763 27.765 27.769 27.778 27.770 27.769 27.767 27.764 27.761 27.757 27.753 27.742 27.677 27.574 27.551 27.534 27.533 27.507 27.503 27.490 27.364 27.421 27.417 27.410 27.468 27.466 27.457 27.446 27.432 27.418 27.402 27.384 27.366 27.344 27.323 27.302
23.864 26.333 27.243 27.279 27.304 27.328 27.351 27.373 27.394 27.417 27.438 27.458 27.478 27.498 27.517 27.534 27.552 27.568 27.583 27.599 27.614 27.628 27.642 27.654 27.667 27.678 27.689 27.699 27.708 27.717 27.724 27.732 27.738 27.744 27.749 27.753 27.756 27.758 27.760 27.761 27.763 27.767 27.778 27.768 27.767 27.764 27.762 27.759 27.755 27.748 27.707 27.621 27.588 27.573 27.559 27.555 27.531 27.519 27.506 27.483 27.464 27.449 27.441 27.493 27.484 27.472 27.460 27.447 27.432 27.415 27.397 27.378 27.358 27.334 27.313
24.676 26.691 27.254 27.279 27.304 27.329 27.352 27.376 27.398 27.419 27.439 27.459 27.478 27.497 27.516 27.534 27.552 27.568 27.584 27.599 27.614 27.628 27.641 27.653 27.665 27.676 27.687 27.697 27.706 27.714 27.722 27.729 27.736 27.742 27.747 27.751 27.753 27.756 27.758 27.759 27.761 27.766 27.778 27.766 27.764 27.762 27.759 27.756 27.752 27.730 27.664 27.619 27.608 27.598 27.587 27.579 27.558 27.529 27.515 27.497 27.482 27.471 27.511 27.509 27.499 27.488 27.473 27.459 27.444 27.427 27.408 27.389 27.369 27.348 27.322
25.245 26.953 27.259 27.284 27.307 27.330 27.352 27.375 27.397 27.419 27.440 27.461 27.481 27.499 27.517 27.534 27.551 27.567 27.583 27.598 27.613 27.627 27.639 27.652 27.664 27.675 27.685 27.695 27.704 27.712 27.720 27.727 27.733 27.739 27.744 27.748 27.751 27.754 27.756 27.758 27.760 27.778 27.764 27.763 27.762 27.759 27.757 27.753 27.743 27.701 27.643 27.631 27.622 27.613 27.604 27.594 27.572 27.551 27.541 27.527 27.517 27.508 27.532 27.523 27.512 27.501 27.487 27.470 27.454 27.437 27.418 27.399 27.378 27.357 27.334
25.824 27.148 27.259 27.284 27.309 27.333 27.356 27.378 27.399 27.419 27.440 27.460 27.480 27.498 27.517 27.534 27.551 27.567 27.582 27.597 27.611 27.625 27.638 27.651 27.662 27.673 27.683 27.693 27.702 27.710 27.718 27.724 27.731 27.737 27.742 27.746 27.749 27.752 27.754 27.757 27.758 27.778 27.762 27.761 27.759 27.757 27.754 27.750 27.727 27.678 27.647 27.641 27.633 27.626 27.618 27.608 27.598 27.588 27.553 27.541 27.530 27.552 27.545 27.535 27.524 27.511 27.497 27.482 27.463 27.446 27.427 27.407 27.386 27.364 27.342
26.384 27.222 27.259 27.284 27.309 27.333 27.356 27.378 27.399 27.420 27.440 27.459 27.479 27.498 27.516 27.533 27.550 27.566 27.582 27.597 27.611 27.623 27.636 27.648 27.660 27.671 27.681 27.691 27.699 27.708 27.716 27.722 27.728 27.734 27.739 27.743 27.747 27.750 27.753 27.755 27.757 27.778 27.759 27.758 27.756 27.754 27.751 27.742 27.707 27.667 27.656 27.649 27.643 27.635 27.627 27.617 27.609 27.602 27.553 27.543 27.535 27.566 27.556 27.546 27.534 27.521 27.506 27.490 27.473 27.452 27.434 27.413 27.392 27.371 27.348
26.850 27.233 27.261 27.285 27.308 27.332 27.355 27.377 27.399 27.421 27.441 27.461 27.479 27.497 27.514 27.532 27.549 27.565 27.580 27.595 27.609 27.622 27.635 27.647 27.658 27.669 27.679 27.688 27.697 27.705 27.713 27.719 27.726 27.732 27.736 27.741 27.744 27.748 27.750 27.753 27.754 27.778 27.756 27.754 27.753 27.751 27.747 27.726 27.689 27.668 27.663 27.657 27.650 27.642 27.633 27.622 27.614 27.607 27.599 27.594 27.588 27.578 27.566 27.554 27.542 27.528 27.513 27.496 27.478 27.460 27.438 27.418 27.397 27.376 27.353
27.085 27.237 27.262 27.286 27.309 27.331 27.354 27.377 27.399 27.420 27.441 27.460 27.479 27.498 27.516 27.532 27.548 27.564 27.578 27.593 27.607 27.621 27.633 27.645 27.656 27.667 27.677 27.686 27.695 27.703 27.711 27.717 27.723 27.729 27.734 27.738 27.742 27.745 27.748 27.750 27.752 27.778 27.753 27.751 27.749 27.747 27.740 27.709 27.681 27.673 27.667 27.661 27.654 27.647 27.638 27.624 27.618 27.611 27.606 27.599 27.592 27.581 27.571 27.559 27.546 27.532 27.516 27.499 27.482 27.463 27.444 27.422 27.401 27.379 27.356
27.151 27.237 27.262 27.287 27.311 27.334 27.357 27.378 27.399 27.419 27.439 27.459 27.478 27.497 27.514 27.531 27.548 27.563 27.578 27.592 27.606 27.619 27.631 27.643 27.654 27.665 27.674 27.684 27.693 27.701 27.708 27.714 27.721 27.726 27.731 27.736 27.739 27.742 27.745 27.747 27.749 27.778 27.749 27.748 27.746 27.743 27.727 27.695 27.682 27.677 27.671 27.664 27.657 27.650 27.641 27.628 27.622 27.614 27.609 27.602 27.593 27.582 27.571 27.559 27.547 27.533 27.518 27.501 27.484 27.466 27.447 27.427 27.403 27.382 27.359
27.197 27.241 27.264 27.288 27.311 27.333 27.356 27.378 27.400 27.421 27.440 27.459 27.477 27.495 27.512 27.529 27.546 27.562 27.577 27.591 27.604 27.618 27.630 27.642 27.652 27.663 27.672 27.682 27.690 27.698 27.706 27.712 27.718 27.723 27.728 27.733 27.737 27.739 27.742 27.744 27.747 27.778 27.747 27.745 27.743 27.734 27.711 27.690 27.686 27.681 27.673 27.667 27.661 27.653 27.642 27.628 27.621 27.614 27.609 27.603 27.592 27.581 27.571 27.559 27.548 27.534 27.518 27.502 27.484 27.467 27.447 27.428 27.407 27.383 27.361
27.216 27.241 27.266 27.290 27.313 27.335 27.357 27.377 27.399 27.419 27.439 27.459 27.478 27.496 27.513 27.529 27.545 27.560 27.574 27.589 27.603 27.616 27.628 27.639 27.651 27.661 27.671 27.679 27.688 27.696 27.703 27.709 27.716 27.721 27.726 27.730 27.734 27.737 27.739 27.742 27.744 27.778 27.744 27.742 27.738 27.724 27.699 27.691 27.686 27.681 27.674 27.668 27.662 27.654 27.641 27.626 27.618 27.613 27.607 27.600 27.590 27.579 27.569 27.558 27.546 27.533 27.519 27.503 27.484 27.467 27.448 27.428 27.408 27.387 27.361
27.217 27.240 27.265 27.289 27.313 27.336 27.358 27.380 27.400 27.420 27.439 27.457 27.476 27.494 27.512 27.528 27.544 27.559 27.574 27.588 27.601 27.614 27.626 27.637 27.648 27.659 27.668 27.678 27.686 27.693 27.701 27.707 27.713 27.718 27.723 27.727 27.731 27.734 27.737 27.739 27.741 27.778 27.741 27.739 27.731 27.713 27.697 27.693 27.688 27.683 27.677 27.670 27.663 27.653 27.641 27.629 27.623 27.617 27.609 27.599 27.588 27.578 27.568 27.557 27.545 27.532 27.518 27.502 27.486 27.466 27.448 27.428 27.408 27.387 27.365
27.219 27.244 27.268 27.291 27.313 27.335 27.357 27.378 27.399 27.419 27.439 27.458 27.476 27.493 27.510 27.527 27.543 27.558 27.572 27.587 27.600 27.613 27.625 27.636 27.647 27.657 27.666 27.676 27.684 27.692 27.698 27.705 27.711 27.716 27.721 27.725 27.728 27.732 27.734 27.736 27.778 27.739 27.738 27.734 27.721 27.704 27.697 27.693 27.689 27.684 27.678 27.672 27.664 27.652 27.639 27.631 27.624 27.619 27.611 27.599 27.588 27.578 27.567 27.556 27.543 27.530 27.516 27.501 27.484 27.467 27.447 27.428 27.407 27.386 27.364
27.219 27.244 27.268 27.292 27.316 27.338 27.359 27.379 27.399 27.418 27.438 27.457 27.476 27.493 27.510 27.526 27.542 27.557 27.571 27.584 27.598 27.611 27.623 27.634 27.645 27.655 27.665 27.673 27.682 27.689 27.696 27.703 27.709 27.714 27.719 27.723 27.726 27.729 27.732 27.734 27.778 27.737 27.736 27.728 27.711 27.701 27.697 27.693 27.689 27.684 27.679 27.672 27.662 27.650 27.636 27.629 27.623 27.617 27.608 27.598 27.588 27.578 27.566 27.554 27.541 27.528 27.513 27.498 27.482 27.466 27.445 27.426 27.406 27.385 27.363
27.221 27.244 27.267 27.291 27.314 27.337 27.358 27.379 27.400 27.419 27.438 27.457 27.474 27.492 27.508 27.525 27.541 27.556 27.570 27.584 27.597 27.609 27.621 27.632 27.643 27.653 27.663 27.672 27.680 27.687 27.694 27.701 27.707 27.712 27.716 27.721 27.724 27.727 27.729 27.731 27.778 27.734 27.732 27.719 27.705 27.699 27.696 27.693 27.688 27.684 27.679 27.669 27.658 27.647 27.638 27.632 27.626 27.618 27.608 27.597 27.587 27.577 27.566 27.552 27.539 27.526 27.511 27.496 27.480 27.463 27.446 27.424 27.404 27.384 27.362
27.222 27.247 27.271 27.293 27.314 27.336 27.357 27.378 27.399 27.419 27.438 27.457 27.474 27.492 27.508 27.524 27.539 27.554 27.568 27.582 27.595 27.608 27.619 27.631 27.641 27.651 27.661 27.669 27.678 27.685 27.692 27.699 27.704 27.709 27.714 27.718 27.721 27.724 27.727 27.729 27.778 27.729 27.722 27.711 27.703 27.700 27.697 27.693 27.689 27.684 27.677 27.667 27.656 27.642 27.636 27.630 27.625 27.617 27.607 27.596 27.586 27.576 27.564 27.552 27.538 27.523 27.509 27.493 27.477 27.461 27.443 27.424 27.405 27.382 27.361
27.222 27.247 27.270 27.293 27.316 27.338 27.359 27.379 27.398 27.417 27.437 27.456 27.473 27.491 27.507 27.523 27.539 27.553 27.567 27.581 27.593 27.606 27.617 27.629 27.639 27.649 27.659 27.667 27.676 27.683 27.690 27.696 27.702 27.707 27.712 27.716 27.719 27.722 27.724 27.726 27.778 27.723 27.714 27.707 27.703 27.700 27.697 27.693 27.689 27.684 27.676 27.665 27.654 27.641 27.635 27.630 27.624 27.615 27.606 27.596 27.586 27.574 27.562 27.549 27.536 27.522 27.508 27.491 27.474 27.458 27.440 27.422 27.402 27.382 27.362
27.221 27.246 27.269 27.293 27.316 27.337 27.358 27.379 27.399 27.418 27.437 27.454 27.472 27.489 27.506 27.522 27.537 27.552 27.566 27.579 27.592 27.604 27.616 27.627 27.638 27.647 27.657 27.665 27.673 27.681 27.688 27.694 27.699 27.704 27.709 27.713 27.716 27.719 27.721 27.723 27.778 27.716 27.709 27.706 27.703 27.699 27.696 27.693 27.689 27.684 27.673 27.663 27.649 27.642 27.637 27.632 27.624 27.614 27.604 27.594 27.584 27.573 27.561 27.547 27.534 27.520 27.505 27.490 27.474 27.454 27.437 27.418 27.399 27.379 27.359
27.221 27.245 27.269 27.292 27.314 27.336 27.358 27.378 27.398 27.418 27.436 27.454 27.472 27.488 27.504 27.520 27.536 27.550 27.564 27.578 27.591 27.603 27.614 27.626 27.636 27.646 27.654 27.663 27.671 27.678 27.685 27.691 27.697 27.702 27.706 27.710 27.713 27.716 27.718 27.719 27.778 27.711 27.707 27.705 27.702 27.699 27.696 27.692 27.688 27.682 27.674 27.661 27.643 27.637 27.633 27.628 27.620 27.611 27.602 27.593 27.582 27.571 27.559 27.546 27.533 27.517 27.502 27.487 27.471 27.454 27.436 27.418 27.396 27.376 27.356
27.221 27.244 27.267 27.291 27.313 27.335 27.357 27.377 27.397 27.417 27.436 27.453 27.471 27.488 27.504 27.520 27.535 27.549 27.563 27.576 27.589 27.601 27.613 27.624 27.634 27.644 27.653 27.661 27.669 27.676 27.683 27.689 27.694 27.699 27.703 27.707 27.711 27.713 27.716 27.713 27.778 27.707 27.705 27.703 27.701 27.697 27.694 27.691 27.687 27.681 27.673 27.657 27.644 27.639 27.633 27.626 27.617 27.609 27.600 27.591 27.581 27.568 27.557 27.544 27.531 27.516 27.501 27.486 27.467 27.451 27.433 27.414 27.396 27.376 27.352
27.223 27.247 27.271 27.293 27.314 27.335 27.355 27.376 27.396 27.416 27.434 27.452 27.469 27.487 27.503 27.518 27.533 27.548 27.562 27.575 27.587 27.599 27.611 27.622 27.632 27.642 27.651 27.659 27.667 27.674 27.681 27.687 27.692 27.697 27.701 27.704 27.707 27.710 27.711 27.707 27.778 27.705 27.703 27.701 27.698 27.696 27.693 27.689 27.685 27.679 27.666 27.651 27.645 27.640 27.634 27.626 27.617 27.607 27.599 27.589 27.579 27.568 27.556 27.541 27.528 27.513 27.498 27.482 27.466 27.449 27.429 27.411 27.392 27.372 27.352
27.223 27.247 27.270 27.292 27.314 27.337 27.357 27.377 27.396 27.415 27.433 27.451 27.468 27.485 27.501 27.517 27.532 27.547 27.561 27.573 27.586 27.598 27.609 27.621 27.631 27.640 27.649 27.657 27.665 27.672 27.678 27.684 27.689 27.694 27.698 27.701 27.704 27.707 27.706 27.778 27.703 27.703 27.701 27.699 27.696 27.694 27.691 27.687 27.683 27.675 27.659 27.653 27.648 27.643 27.636 27.626 27.617 27.608 27.598 27.588 27.577 27.566 27.553 27.540 27.527 27.512 27.495 27.479 27.463 27.446 27.428 27.410 27.388 27.369 27.348
