LISFLOOD/results/run11.inittm
ncols         413
nrows         307
xllcorner     341179.518085
yllcorner     4516729.658735
cellsize      10.000000
NODATA_value  -9999.000000
[rows 261 to 289 of 307, columns 195 to 259 of 413]
7.636 7.689 7.746 7.804 7.863 7.921 7.976 8.096 8.265 8.577 9.329 9.319 9.185 9.149 9.124 9.101 9.067 8.998 8.813 8.737 8.922 8.933 8.656 8.022 7.426 6.487 4.080 2.177 1.902 1.861 1.817 1.773 1.729 1.684 1.638 1.590 1.540 1.482 1.421 1.356 1.292 1.230 1.169 1.109 1.052 0.996 0.942 0.889 0.838 0.788 0.740 0.693 0.649 0.605 0.563 0.522 0.483 0.446 0.411 0.377 0.344 0.313 0.283 0.255 0.229
7.687 7.735 7.786 7.839 7.893 7.948 7.999 8.050 8.114 8.418 9.312 9.288 9.182 9.153 9.123 9.088 9.045 8.983 8.911 8.919 8.989 8.959 8.566 7.909 7.354 6.224 3.658 2.006 1.912 1.870 1.827 1.783 1.739 1.694 1.648 1.598 1.546 1.491 1.433 1.372 1.313 1.250 1.188 1.128 1.069 1.013 0.958 0.906 0.854 0.804 0.756 0.709 0.664 0.620 0.578 0.537 0.498 0.461 0.425 0.391 0.358 0.327 0.298 0.271 0.244
7.742 7.784 7.830 7.878 7.928 7.979 8.028 8.075 8.123 8.972 9.611 9.234 9.212 9.193 9.171 9.134 9.089 9.022 8.983 9.000 8.963 8.891 8.482 7.922 7.317 5.919 3.300 1.986 1.923 1.881 1.838 1.794 1.751 1.706 1.659 1.611 1.560 1.505 1.446 1.384 1.322 1.262 1.203 1.145 1.091 1.034 0.978 0.924 0.872 0.822 0.773 0.726 0.681 0.637 0.594 0.554 0.515 0.478 0.442 0.407 0.375 0.344 0.314 0.287 0.261
7.801 7.837 7.878 7.922 7.968 8.014 8.061 8.105 8.181 9.341 9.789 9.207 9.193 9.196 9.201 9.172 9.117 9.072 9.044 9.114 9.082 8.727 8.303 7.901 7.244 5.532 2.998 1.982 1.935 1.893 1.850 1.807 1.763 1.718 1.672 1.624 1.574 1.521 1.462 1.402 1.340 1.279 1.219 1.161 1.103 1.048 0.994 0.943 0.894 0.843 0.793 0.746 0.700 0.656 0.613 0.573 0.533 0.496 0.460 0.426 0.393 0.362 0.333 0.305 0.279
7.861 7.893 7.929 7.969 8.011 8.054 8.097 8.138 8.352 9.318 9.294 9.159 9.148 9.148 9.170 9.192 9.148 9.117 9.129 9.434 9.279 8.617 8.183 7.773 7.113 5.162 2.852 1.989 1.948 1.906 1.863 1.819 1.776 1.732 1.686 1.639 1.590 1.537 1.481 1.421 1.359 1.298 1.238 1.179 1.123 1.068 1.013 0.961 0.909 0.859 0.812 0.766 0.722 0.677 0.634 0.593 0.554 0.516 0.480 0.446 0.413 0.382 0.353 0.325 0.299
7.924 7.951 7.982 8.018 8.056 8.096 8.136 8.173 9.036 9.437 9.191 9.131 9.112 9.098 9.082 9.067 9.083 9.093 9.186 9.420 9.233 8.525 8.114 7.639 6.908 4.776 2.716 2.003 1.962 1.919 1.877 1.834 1.791 1.746 1.701 1.655 1.607 1.555 1.500 1.441 1.381 1.320 1.259 1.201 1.144 1.088 1.034 0.981 0.930 0.881 0.833 0.786 0.741 0.697 0.655 0.614 0.577 0.539 0.503 0.468 0.435 0.404 0.374 0.347 0.321
7.988 8.011 8.038 8.069 8.104 8.141 8.177 8.243 9.607 9.659 9.157 9.117 9.090 9.068 9.043 9.015 8.976 8.911 8.954 8.932 8.786 8.425 8.062 7.569 6.618 4.312 2.433 2.018 1.977 1.934 1.892 1.849 1.806 1.762 1.718 1.672 1.624 1.574 1.521 1.463 1.403 1.343 1.283 1.224 1.167 1.111 1.057 1.004 0.953 0.903 0.856 0.808 0.763 0.720 0.678 0.637 0.598 0.560 0.524 0.490 0.458 0.428 0.398 0.371 0.344
8.053 8.072 8.096 8.123 8.154 8.187 8.219 8.558 9.576 9.543 9.194 9.143 9.109 9.083 9.052 9.012 8.911 8.819 8.767 8.701 8.592 8.422 8.057 7.476 6.298 3.876 2.173 2.035 1.993 1.951 1.908 1.865 1.822 1.779 1.735 1.690 1.643 1.594 1.542 1.487 1.428 1.368 1.308 1.249 1.192 1.136 1.082 1.029 0.978 0.928 0.880 0.833 0.788 0.744 0.702 0.662 0.623 0.585 0.549 0.516 0.483 0.452 0.422 0.395 0.369
8.121 8.135 8.155 8.179 8.207 8.237 8.261 9.139 9.527 9.412 9.255 9.197 9.161 9.137 9.102 9.052 8.900 8.834 8.784 8.693 8.623 8.451 8.058 7.387 5.933 3.548 2.134 2.050 2.009 1.969 1.926 1.883 1.841 1.797 1.753 1.709 1.663 1.616 1.565 1.511 1.454 1.395 1.335 1.276 1.219 1.163 1.108 1.056 1.004 0.954 0.906 0.859 0.814 0.771 0.729 0.688 0.649 0.612 0.576 0.542 0.510 0.479 0.449 0.422 0.397
8.189 8.200 8.216 8.237 8.261 8.286 8.319 9.592 9.631 9.391 9.317 9.263 9.228 9.232 9.197 9.144 9.031 9.054 9.071 8.878 8.658 8.449 7.949 7.266 5.433 3.243 2.128 2.065 2.024 1.981 1.939 1.898 1.856 1.814 1.774 1.730 1.686 1.639 1.590 1.538 1.482 1.424 1.364 1.306 1.248 1.192 1.137 1.084 1.033 0.983 0.934 0.888 0.843 0.799 0.757 0.717 0.678 0.641 0.605 0.571 0.539 0.508 0.479 0.452 0.426
8.257 8.265 8.278 8.296 8.316 8.351 8.806 9.783 9.764 9.477 9.422 9.563 9.612 9.622 9.517 9.368 9.292 9.640 9.819 9.350 8.693 8.345 7.778 7.008 4.928 3.033 2.134 2.081 2.039 1.998 1.956 1.914 1.873 1.831 1.788 1.745 1.701 1.656 1.609 1.561 1.508 1.456 1.398 1.339 1.281 1.224 1.168 1.115 1.063 1.013 0.965 0.918 0.873 0.829 0.787 0.747 0.708 0.671 0.636 0.602 0.569 0.539 0.510 0.483 0.457
8.324 8.331 8.341 8.355 8.367 8.502 9.776 9.776 9.738 9.620 9.581 9.700 9.713 9.753 9.799 9.442 9.391 9.842 9.894 9.450 8.669 8.283 7.654 6.511 4.387 2.864 2.147 2.098 2.057 2.015 1.973 1.932 1.891 1.848 1.807 1.764 1.722 1.678 1.632 1.584 1.534 1.479 1.423 1.365 1.308 1.253 1.199 1.150 1.098 1.048 0.999 0.952 0.906 0.862 0.820 0.779 0.741 0.703 0.668 0.634 0.602 0.572 0.543 0.516 0.491
8.388 8.393 8.401 8.409 8.414 8.737 9.846 9.816 9.734 9.708 9.683 9.670 9.675 9.692 9.707 9.505 9.509 9.557 9.488 9.082 8.591 8.250 7.534 5.866 3.693 2.416 2.154 2.116 2.075 2.033 1.992 1.950 1.909 1.867 1.826 1.784 1.742 1.699 1.655 1.609 1.560 1.508 1.453 1.397 1.341 1.286 1.232 1.179 1.127 1.077 1.029 0.982 0.937 0.894 0.852 0.812 0.776 0.738 0.703 0.669 0.637 0.607 0.578 0.552 0.526
8.449 8.452 8.456 8.459 8.479 9.449 9.872 9.854 9.713 9.685 9.662 9.647 9.641 9.639 9.609 9.518 9.498 9.441 9.327 8.898 8.597 8.137 7.391 5.313 3.089 2.220 2.173 2.135 2.094 2.052 2.011 1.969 1.928 1.887 1.846 1.805 1.764 1.722 1.678 1.634 1.587 1.537 1.484 1.430 1.375 1.320 1.266 1.213 1.161 1.112 1.063 1.017 0.972 0.929 0.888 0.848 0.809 0.773 0.737 0.704 0.672 0.642 0.616 0.589 0.564
8.503 8.504 8.506 8.506 8.627 9.858 9.830 9.784 9.696 9.667 9.645 9.627 9.611 9.592 9.552 9.431 9.381 9.328 9.216 8.941 8.619 7.958 7.252 4.915 2.760 2.232 2.192 2.157 2.115 2.073 2.032 1.990 1.949 1.908 1.867 1.827 1.786 1.744 1.702 1.659 1.614 1.567 1.517 1.464 1.410 1.355 1.301 1.248 1.197 1.148 1.100 1.054 1.009 0.966 0.925 0.886 0.847 0.810 0.776 0.742 0.711 0.681 0.653 0.627 0.602
8.614 8.607 8.608 8.569 8.984 9.896 9.891 9.739 9.693 9.659 9.636 9.613 9.589 9.563 9.528 9.406 9.361 9.317 9.179 8.915 8.609 7.849 7.037 4.474 2.535 2.247 2.212 2.174 2.133 2.092 2.052 2.013 1.972 1.931 1.890 1.849 1.809 1.768 1.727 1.685 1.641 1.596 1.549 1.498 1.446 1.392 1.339 1.286 1.236 1.186 1.138 1.092 1.048 1.006 0.964 0.924 0.887 0.850 0.815 0.782 0.751 0.722 0.694 0.668 0.644
9.096 9.074 8.992 8.732 9.633 9.873 9.850 9.741 9.707 9.674 9.648 9.622 9.592 9.562 9.527 9.434 9.475 9.578 9.257 8.896 8.538 7.744 6.716 4.088 2.373 2.267 2.233 2.194 2.154 2.113 2.072 2.031 1.991 1.951 1.912 1.872 1.834 1.794 1.753 1.712 1.669 1.626 1.581 1.533 1.483 1.431 1.378 1.326 1.276 1.226 1.179 1.133 1.089 1.046 1.005 0.966 0.928 0.892 0.857 0.824 0.794 0.765 0.738 0.712 0.688
9.706 9.801 9.703 9.241 9.964 9.937 9.891 9.771 9.746 9.739 9.708 9.668 9.625 9.580 9.524 9.387 9.346 9.384 9.191 8.922 8.469 7.606 6.197 3.552 2.342 2.289 2.254 2.215 2.175 2.134 2.093 2.053 2.013 1.973 1.934 1.895 1.856 1.816 1.777 1.737 1.699 1.657 1.614 1.568 1.521 1.472 1.421 1.369 1.319 1.269 1.222 1.176 1.132 1.089 1.048 1.009 0.971 0.936 0.901 0.869 0.838 0.810 0.783 0.757 0.734
9.769 10.042 10.000 9.607 10.989 12.043 11.983 11.032 10.949 10.922 10.791 10.603 10.497 10.354 9.808 9.416 9.255 9.173 9.081 8.944 8.363 7.402 5.408 2.802 2.344 2.311 2.276 2.237 2.197 2.156 2.116 2.076 2.036 1.997 1.958 1.919 1.880 1.842 1.803 1.764 1.724 1.684 1.643 1.601 1.560 1.513 1.465 1.416 1.369 1.310 1.264 1.222 1.178 1.135 1.094 1.055 1.017 0.981 0.947 0.916 0.885 0.857 0.830 0.805 0.782
9.811 10.088 10.226 10.096 11.161 12.041 12.004 11.954 12.164 11.742 11.182 11.551 12.289 12.109 11.276 10.306 9.709 9.286 9.097 8.872 8.146 7.057 4.516 2.452 2.366 2.334 2.299 2.259 2.219 2.179 2.139 2.099 2.059 2.021 1.982 1.943 1.905 1.867 1.829 1.791 1.753 1.714 1.674 1.634 1.592 1.548 1.502 1.454 1.405 1.355 1.310 1.265 1.221 1.178 1.138 1.099 1.062 1.027 0.996 0.964 0.934 0.906 0.879 0.855 0.833
8.871 10.135 10.387 10.922 11.376 11.369 11.220 11.118 11.011 11.002 11.315 12.263 12.359 12.074 11.767 11.041 10.048 9.346 9.053 8.599 7.779 6.646 3.902 2.434 2.389 2.358 2.323 2.284 2.243 2.203 2.163 2.123 2.084 2.045 2.007 1.968 1.931 1.893 1.856 1.818 1.781 1.743 1.705 1.666 1.626 1.584 1.541 1.496 1.449 1.402 1.357 1.312 1.268 1.226 1.186 1.148 1.111 1.076 1.044 1.012 0.982 0.954 0.928 0.908 0.886
8.807 9.932 10.468 10.982 11.413 11.702 12.211 12.424 12.371 12.365 12.556 12.602 12.314 11.933 11.810 11.057 9.673 9.042 8.695 8.266 7.594 6.258 3.591 2.456 2.413 2.382 2.348 2.309 2.269 2.229 2.189 2.149 2.110 2.071 2.033 1.995 1.957 1.920 1.883 1.846 1.809 1.773 1.736 1.698 1.659 1.620 1.579 1.537 1.493 1.449 1.405 1.361 1.318 1.276 1.236 1.198 1.162 1.128 1.096 1.064 1.034 1.007 0.982 0.959 0.938
8.839 9.090 10.374 10.792 10.922 11.380 12.258 12.503 12.689 13.091 13.565 14.066 13.472 12.652 11.621 10.657 9.452 8.954 8.400 7.802 7.336 5.648 2.789 2.471 2.438 2.407 2.371 2.332 2.292 2.252 2.212 2.173 2.135 2.098 2.061 2.023 1.985 1.948 1.911 1.875 1.838 1.802 1.766 1.729 1.693 1.655 1.617 1.577 1.537 1.496 1.454 1.411 1.369 1.328 1.288 1.251 1.215 1.181 1.149 1.117 1.088 1.062 1.037 1.016 0.994
8.881 8.977 9.711 10.309 10.589 11.074 12.006 12.521 12.668 12.549 12.570 12.448 12.214 11.581 10.587 9.958 9.388 8.961 8.319 7.676 6.977 5.176 2.640 2.496 2.464 2.432 2.396 2.357 2.317 2.278 2.238 2.199 2.161 2.123 2.085 2.047 2.011 1.974 1.938 1.903 1.869 1.833 1.798 1.763 1.727 1.691 1.654 1.617 1.579 1.541 1.502 1.462 1.421 1.381 1.342 1.305 1.269 1.236 1.204 1.173 1.144 1.118 1.094 1.072 1.051
8.928 8.998 9.075 9.279 10.243 11.127 11.934 12.036 11.675 11.513 11.446 11.377 11.306 10.934 10.207 9.962 9.533 8.983 8.265 7.569 6.538 4.592 2.835 2.521 2.491 2.458 2.421 2.382 2.343 2.304 2.264 2.226 2.188 2.149 2.112 2.075 2.038 2.002 1.967 1.932 1.897 1.862 1.827 1.792 1.758 1.723 1.688 1.654 1.618 1.586 1.549 1.512 1.473 1.435 1.398 1.361 1.326 1.293 1.261 1.231 1.203 1.177 1.153 1.131 1.111
8.981 9.046 9.115 9.192 9.442 10.864 11.529 11.335 11.122 11.014 10.942 10.901 10.867 10.733 10.351 11.006 10.678 9.544 8.489 7.551 6.174 3.812 2.602 2.547 2.518 2.484 2.447 2.409 2.369 2.331 2.292 2.253 2.215 2.177 2.139 2.103 2.067 2.031 1.996 1.961 1.927 1.892 1.858 1.824 1.791 1.757 1.724 1.691 1.658 1.625 1.591 1.556 1.521 1.485 1.454 1.419 1.384 1.352 1.320 1.291 1.263 1.237 1.214 1.192 1.173
9.039 9.099 9.164 9.233 9.310 10.204 11.233 11.183 11.084 11.012 10.973 11.028 11.198 11.007 10.655 12.008 11.927 10.199 8.737 7.618 5.945 3.310 2.607 2.574 2.546 2.511 2.474 2.436 2.397 2.358 2.319 2.281 2.243 2.205 2.168 2.132 2.096 2.061 2.026 1.991 1.957 1.923 1.889 1.857 1.824 1.792 1.759 1.728 1.697 1.666 1.633 1.601 1.569 1.537 1.505 1.472 1.439 1.407 1.382 1.352 1.326 1.300 1.277 1.256 1.237
9.101 9.158 9.218 9.283 9.352 9.481 10.401 11.121 11.077 11.033 11.019 11.254 11.499 11.373 11.096 11.074 10.903 9.988 8.642 7.470 5.439 2.909 2.633 2.602 2.574 2.539 2.503 2.464 2.426 2.387 2.348 2.310 2.272 2.234 2.198 2.162 2.126 2.091 2.056 2.022 1.988 1.954 1.922 1.889 1.857 1.826 1.795 1.764 1.734 1.704 1.674 1.644 1.614 1.585 1.556 1.526 1.496 1.467 1.439 1.411 1.385 1.360 1.343 1.322 1.303
9.167 9.220 9.277 9.338 9.402 9.475 9.990 10.995 11.103 11.094 11.157 11.353 11.334 11.261 11.127 11.057 10.577 9.551 8.350 7.174 4.748 2.726 2.659 2.631 2.602 2.567 2.533 2.494 2.456 2.417 2.378 2.339 2.302 2.264 2.228 2.192 2.156 2.121 2.087 2.053 2.019 1.987 1.954 1.922 1.891 1.861 1.831 1.801 1.772 1.743 1.714 1.686 1.658 1.631 1.603 1.576 1.549 1.523 1.498 1.472 1.447 1.424 1.405 1.384 1.367
