LISFLOOD/results/run13.mxe
ncols         83
nrows         62
xllcorner     341179.518085
yllcorner     4516699.658735
cellsize      50.000000
NODATA_value  -9999.000000
[rows 28 to 55 of 62, columns 0 to 62 of 83]
-9999.000 -9999.000 -9999.000 -9999.000 -9999.000 -9999.000 -9999.000 -9999.000 -9999.000 -9999.000 -9999.000 -9999.000 -9999.000 -9999.000 -9999.000 -9999.000 -9999.000 -9999.000 -9999.000 -9999.000 -9999.000 -9999.000 -9999.000 -9999.000 -9999.000 -9999.000 -9999.000 -9999.000 -9999.000 135.438 135.443 135.448 135.455 135.463 135.470 -9999.000 135.472 135.474 135.477 135.481 135.486 135.492 135.503 -9999.000 -9999.000 135.453 135.459 135.465 135.471 135.478 135.484 135.490 135.496 135.502 135.509 135.515 135.523 135.530 135.539 135.548 135.557 135.568 135.579
-9999.000 -9999.000 -9999.000 -9999.000 -9999.000 -9999.000 -9999.000 -9999.000 -9999.000 -9999.000 -9999.000 -9999.000 -9999.000 -9999.000 -9999.000 -9999.000 -9999.000 -9999.000 -9999.000 -9999.000 -9999.000 -9999.000 -9999.000 -9999.000 -9999.000 -9999.000 -9999.000 135.427 135.428 135.431 135.437 135.442 135.447 135.455 -9999.000 -9999.000 135.459 135.460 135.463 135.466 135.470 135.474 -9999.000 -9999.000 135.424 135.435 135.442 135.448 135.454 135.460 135.465 135.471 135.476 135.482 135.487 135.493 135.500 135.506 135.514 135.522 135.531 135.542 135.557
-9999.000 -9999.000 -9999.000 -9999.000 -9999.000 -9999.000 -9999.000 -9999.000 -9999.000 -9999.000 -9999.000 -9999.000 -9999.000 -9999.000 -9999.000 -9999.000 -9999.000 -9999.000 -9999.000 -9999.000 -9999.000 -9999.000 -9999.000 -9999.000 -9999.000 -9999.000 135.426 135.426 135.426 135.427 135.431 135.435 135.438 135.447 -9999.000 -9999.000 135.444 135.446 135.448 135.452 135.456 135.460 -9999.000 135.405 135.413 135.420 135.427 135.432 135.437 135.442 135.447 135.452 135.456 135.461 135.466 135.471 135.476 135.482 135.488 135.495 135.502 135.513 135.534
-9999.000 -9999.000 -9999.000 -9999.000 -9999.000 -9999.000 -9999.000 -9999.000 -9999.000 -9999.000 -9999.000 -9999.000 -9999.000 -9999.000 -9999.000 -9999.000 -9999.000 -9999.000 -9999.000 -9999.000 -9999.000 -9999.000 -9999.000 -9999.000 -9999.000 -9999.000 -9999.000 135.423 135.421 135.422 135.425 135.428 135.431 -9999.000 -9999.000 -9999.000 135.429 135.430 135.433 135.436 135.441 135.450 -9999.000 135.398 135.402 135.407 135.412 135.416 135.421 135.425 135.429 135.432 135.436 135.440 135.444 135.448 135.452 135.457 135.462 135.467 135.471 135.490 135.507
-9999.000 -9999.000 -9999.000 -9999.000 -9999.000 -9999.000 -9999.000 -9999.000 -9999.000 -9999.000 -9999.000 -9999.000 -9999.000 -9999.000 -9999.000 -9999.000 -9999.000 -9999.000 -9999.000 -9999.000 -9999.000 -9999.000 -9999.000 -9999.000 -9999.000 -9999.000 -9999.000 -9999.000 135.414 135.416 135.418 135.420 135.426 -9999.000 -9999.000 135.401 135.411 135.414 135.416 135.419 135.420 -9999.000 135.380 135.386 135.390 135.394 135.397 135.401 135.404 135.407 135.410 135.413 135.416 135.419 135.422 135.425 135.428 135.432 135.435 135.440 135.449 135.466 135.482
-9999.000 -9999.000 -9999.000 -9999.000 -9999.000 -9999.000 -9999.000 -9999.000 -9999.000 -9999.000 -9999.000 -9999.000 -9999.000 -9999.000 -9999.000 -9999.000 -9999.000 -9999.000 -9999.000 -9999.000 -9999.000 -9999.000 -9999.000 -9999.000 -9999.000 -9999.000 -9999.000 135.402 135.407 135.409 135.411 135.412 -9999.000 -9999.000 -9999.000 135.390 135.395 135.398 135.400 135.402 135.402 -9999.000 135.374 135.376 135.378 135.381 135.383 135.386 135.388 135.390 135.392 135.394 135.396 135.398 135.400 135.402 135.404 135.406 135.408 135.407 135.427 135.443 135.458
-9999.000 -9999.000 -9999.000 -9999.000 -9999.000 -9999.000 -9999.000 -9999.000 -9999.000 -9999.000 -9999.000 -9999.000 -9999.000 -9999.000 -9999.000 -9999.000 -9999.000 -9999.000 -9999.000 -9999.000 -9999.000 -9999.000 -9999.000 -9999.000 -9999.000 -9999.000 -9999.000 135.396 135.400 135.402 135.404 135.405 -9999.000 -9999.000 -9999.000 135.379 135.381 135.383 135.385 135.385 135.385 135.369 135.366 135.366 135.367 135.368 135.369 135.370 135.372 135.373 135.374 135.375 135.376 135.377 135.378 135.379 135.380 135.382 135.383 135.385 135.403 135.419 135.434
-9999.000 -9999.000 -9999.000 -9999.000 -9999.000 -9999.000 -9999.000 -9999.000 -9999.000 -9999.000 -9999.000 -9999.000 -9999.000 -9999.000 -9999.000 -9999.000 -9999.000 -9999.000 -9999.000 -9999.000 -9999.000 -9999.000 -9999.000 -9999.000 -9999.000 -9999.000 -9999.000 135.392 135.394 135.396 135.398 135.400 -9999.000 -9999.000 -9999.000 135.367 135.368 135.369 135.370 135.370 135.371 135.357 135.355 135.355 135.355 135.355 135.355 135.355 135.355 135.356 135.356 135.356 135.356 135.356 135.356 135.356 135.356 135.357 135.357 135.368 135.382 135.397 135.411
-9999.000 -9999.000 -9999.000 -9999.000 -9999.000 -9999.000 -9999.000 -9999.000 -9999.000 -9999.000 -9999.000 -9999.000 -9999.000 -9999.000 -9999.000 -9999.000 -9999.000 -9999.000 -9999.000 -9999.000 -9999.000 -9999.000 -9999.000 -9999.000 -9999.000 -9999.000 -9999.000 135.386 135.387 135.389 135.391 135.396 -9999.000 -9999.000 -9999.000 135.354 135.355 135.355 135.355 135.355 -9999.000 135.344 135.344 135.343 135.342 135.342 135.341 135.340 135.339 135.339 135.338 135.336 135.335 135.334 135.333 135.333 135.332 135.333 135.336 135.348 135.361 135.374 135.388
-9999.000 -9999.000 -9999.000 -9999.000 -9999.000 -9999.000 -9999.000 -9999.000 -9999.000 -9999.000 -9999.000 -9999.000 -9999.000 -9999.000 -9999.000 -9999.000 -9999.000 -9999.000 -9999.000 -9999.000 -9999.000 -9999.000 -9999.000 -9999.000 -9999.000 -9999.000 135.374 135.379 135.380 135.382 135.384 -9999.000 -9999.000 -9999.000 135.332 135.340 135.342 135.342 135.341 135.339 135.332 135.333 135.332 135.331 135.330 135.328 135.327 135.325 135.323 135.322 135.319 135.317 135.315 135.313 135.311 135.309 135.307 135.307 135.314 135.326 135.338 135.351 135.364
-9999.000 -9999.000 -9999.000 -9999.000 -9999.000 -9999.000 -9999.000 -9999.000 -9999.000 -9999.000 -9999.000 -9999.000 -9999.000 -9999.000 -9999.000 -9999.000 -9999.000 -9999.000 -9999.000 -9999.000 -9999.000 -9999.000 -9999.000 -9999.000 -9999.000 -9999.000 135.368 135.372 135.373 135.375 135.378 -9999.000 -9999.000 -9999.000 135.323 135.328 135.329 135.330 135.329 135.327 135.324 135.322 135.321 135.319 135.317 135.315 135.313 135.310 135.308 135.305 135.302 135.298 135.295 135.292 135.288 135.285 135.280 135.273 135.292 135.304 135.316 135.328 135.341
-9999.000 -9999.000 -9999.000 -9999.000 -9999.000 -9999.000 -9999.000 -9999.000 -9999.000 -9999.000 -9999.000 -9999.000 -9999.000 -9999.000 -9999.000 -9999.000 -9999.000 -9999.000 -9999.000 -9999.000 -9999.000 -9999.000 -9999.000 -9999.000 -9999.000 -9999.000 135.362 135.364 135.366 135.368 135.370 -9999.000 -9999.000 -9999.000 135.316 135.318 135.319 135.319 135.318 135.316 135.314 135.312 135.310 135.308 135.305 135.302 135.299 135.296 135.292 135.288 135.284 135.279 135.275 135.270 135.265 135.261 135.257 135.253 135.268 135.281 135.293 135.305 135.317
-9999.000 -9999.000 -9999.000 -9999.000 -9999.000 -9999.000 -9999.000 -9999.000 -9999.000 -9999.000 -9999.000 -9999.000 -9999.000 -9999.000 -9999.000 -9999.000 -9999.000 -9999.000 -9999.000 -9999.000 -9999.000 -9999.000 -9999.000 -9999.000 -9999.000 135.351 135.356 135.358 135.359 135.361 135.365 -9999.000 -9999.000 -9999.000 135.307 135.308 135.309 135.309 135.308 135.306 135.304 135.302 135.299 135.296 135.293 135.290 135.286 135.281 135.277 135.272 135.266 135.260 135.255 135.249 135.243 135.237 135.233 135.232 135.246 135.259 135.271 135.283 135.294
-9999.000 -9999.000 -9999.000 -9999.000 -9999.000 -9999.000 -9999.000 -9999.000 -9999.000 -9999.000 -9999.000 -9999.000 -9999.000 -9999.000 -9999.000 -9999.000 -9999.000 -9999.000 -9999.000 -9999.000 -9999.000 -9999.000 -9999.000 -9999.000 135.344 135.346 135.349 135.351 135.353 135.354 135.359 -9999.000 -9999.000 135.293 135.298 135.299 135.300 135.300 135.299 135.297 135.295 135.292 135.289 135.285 135.282 135.277 135.273 135.267 135.262 135.255 135.249 135.242 135.235 135.227 135.219 135.212 135.207 135.211 135.224 135.237 135.250 135.261 135.271
-9999.000 -9999.000 -9999.000 -9999.000 -9999.000 -9999.000 -9999.000 -9999.000 -9999.000 -9999.000 -9999.000 -9999.000 -9999.000 -9999.000 -9999.000 -9999.000 -9999.000 -9999.000 -9999.000 -9999.000 -9999.000 -9999.000 -9999.000 -9999.000 135.342 135.342 135.343 135.345 135.346 135.347 -9999.000 -9999.000 -9999.000 135.289 135.291 135.292 135.292 135.291 135.290 135.288 135.285 135.282 135.279 135.275 135.271 135.266 135.260 135.254 135.247 135.240 135.232 135.224 135.215 135.206 135.196 135.185 135.171 135.189 135.203 135.216 135.229 135.240 135.250
-9999.000 -9999.000 -9999.000 -9999.000 -9999.000 -9999.000 -9999.000 -9999.000 -9999.000 -9999.000 -9999.000 -9999.000 -9999.000 -9999.000 -9999.000 -9999.000 -9999.000 -9999.000 -9999.000 -9999.000 -9999.000 -9999.000 -9999.000 -9999.000 135.337 135.337 135.338 135.339 135.340 135.341 -9999.000 -9999.000 -9999.000 135.283 135.284 135.284 135.284 135.283 135.282 135.279 135.277 135.273 135.269 135.265 135.260 135.254 135.248 135.241 135.233 135.225 135.216 135.206 135.195 135.184 135.173 135.162 135.151 135.168 135.183 135.197 135.209 135.220 135.230
-9999.000 -9999.000 -9999.000 -9999.000 -9999.000 -9999.000 -9999.000 -9999.000 -9999.000 -9999.000 -9999.000 -9999.000 -9999.000 -9999.000 -9999.000 -9999.000 -9999.000 -9999.000 -9999.000 -9999.000 -9999.000 -9999.000 -9999.000 -9999.000 135.331 135.331 135.332 135.333 135.335 135.336 -9999.000 -9999.000 135.274 135.277 135.278 135.278 135.277 135.276 135.274 135.272 135.269 135.265 135.260 135.256 135.250 135.244 135.237 135.229 135.220 135.210 135.200 135.188 135.176 135.163 135.151 135.139 135.132 135.148 135.164 135.178 135.191 135.202 135.211
-9999.000 -9999.000 -9999.000 -9999.000 -9999.000 -9999.000 -9999.000 -9999.000 -9999.000 -9999.000 -9999.000 -9999.000 -9999.000 -9999.000 -9999.000 -9999.000 -9999.000 -9999.000 -9999.000 -9999.000 -9999.000 -9999.000 -9999.000 -9999.000 -9999.000 135.324 135.325 135.327 135.329 135.333 -9999.000 135.269 135.271 135.272 135.273 135.272 135.271 135.270 135.267 135.264 135.261 135.257 135.252 135.247 135.241 135.234 135.226 135.217 135.208 135.197 135.185 135.172 135.158 135.142 135.127 135.113 135.111 135.130 135.146 135.161 135.174 135.185 135.195
-9999.000 -9999.000 -9999.000 -9999.000 -9999.000 -9999.000 -9999.000 -9999.000 -9999.000 -9999.000 -9999.000 -9999.000 -9999.000 -9999.000 -9999.000 -9999.000 -9999.000 -9999.000 -9999.000 -9999.000 -9999.000 -9999.000 -9999.000 135.311 135.312 135.316 135.318 135.321 135.323 -9999.000 -9999.000 135.267 135.268 135.268 135.268 135.267 135.266 135.264 135.261 135.258 135.254 135.250 135.244 135.239 135.232 135.225 135.216 135.207 135.197 135.185 135.172 135.157 135.140 135.122 135.101 135.074 135.091 135.113 135.131 135.146 135.159 135.170 135.179
-9999.000 -9999.000 -9999.000 -9999.000 -9999.000 -9999.000 -9999.000 -9999.000 -9999.000 -9999.000 -9999.000 -9999.000 -9999.000 -9999.000 -9999.000 -9999.000 -9999.000 -9999.000 -9999.000 -9999.000 -9999.000 -9999.000 -9999.000 135.305 135.307 135.309 135.312 135.314 135.318 -9999.000 135.264 135.265 135.265 135.265 135.264 135.263 135.261 135.258 135.255 135.252 135.248 135.243 135.238 135.231 135.224 135.217 135.208 135.198 135.187 135.174 135.160 135.143 135.124 135.103 135.080 135.056 135.078 135.100 135.118 135.134 135.147 135.157 135.166
-9999.000 -9999.000 -9999.000 -9999.000 -9999.000 -9999.000 -9999.000 -9999.000 -9999.000 -9999.000 -9999.000 -9999.000 -9999.000 -9999.000 -9999.000 -9999.000 -9999.000 -9999.000 -9999.000 -9999.000 -9999.000 -9999.000 -9999.000 135.297 135.300 135.303 135.304 135.306 135.312 -9999.000 135.264 135.264 135.263 135.262 135.261 135.259 135.257 135.254 135.250 135.247 135.242 135.237 135.231 135.225 135.218 135.209 135.200 135.190 135.178 135.165 135.150 135.132 135.111 135.087 135.062 135.038 135.066 135.090 135.108 135.124 135.136 135.146 135.154
-9999.000 -9999.000 -9999.000 -9999.000 -9999.000 -9999.000 -9999.000 -9999.000 -9999.000 -9999.000 -9999.000 -9999.000 -9999.000 -9999.000 -9999.000 -9999.000 -9999.000 -9999.000 -9999.000 -9999.000 -9999.000 -9999.000 -9999.000 135.294 135.295 135.296 135.297 135.299 -9999.000 135.265 135.264 135.263 135.261 135.260 135.258 135.255 135.253 135.250 135.246 135.242 135.237 135.232 135.226 135.219 135.212 135.203 135.194 135.184 135.172 135.158 135.142 135.124 135.101 135.073 135.040 135.022 135.059 135.084 135.102 135.117 135.128 135.137 135.144
-9999.000 -9999.000 -9999.000 -9999.000 -9999.000 -9999.000 -9999.000 -9999.000 -9999.000 -9999.000 -9999.000 -9999.000 -9999.000 -9999.000 -9999.000 -9999.000 -9999.000 -9999.000 -9999.000 -9999.000 -9999.000 -9999.000 135.287 135.289 135.290 135.291 135.290 135.289 135.275 135.265 135.264 135.262 135.260 135.258 135.255 135.252 135.249 135.246 135.242 135.237 135.233 135.227 135.221 135.214 135.207 135.198 135.189 135.178 135.167 135.153 135.138 135.119 135.096 135.063 135.005 135.039 135.065 135.085 135.100 135.112 135.122 135.130 135.137
-9999.000 -9999.000 -9999.000 -9999.000 -9999.000 -9999.000 -9999.000 -9999.000 -9999.000 -9999.000 -9999.000 -9999.000 -9999.000 -9999.000 -9999.000 -9999.000 -9999.000 -9999.000 -9999.000 -9999.000 -9999.000 -9999.000 135.285 135.286 135.286 135.285 135.284 135.279 135.272 135.267 135.264 135.261 135.258 135.256 135.253 135.250 135.246 135.243 135.238 135.234 135.229 135.223 135.217 135.210 135.202 135.194 135.185 135.175 135.163 135.151 135.136 135.120 135.101 135.079 135.058 135.064 135.077 135.089 135.101 135.111 135.119 135.126 135.131
-9999.000 -9999.000 -9999.000 -9999.000 -9999.000 -9999.000 -9999.000 -9999.000 -9999.000 -9999.000 -9999.000 -9999.000 -9999.000 -9999.000 -9999.000 -9999.000 -9999.000 -9999.000 -9999.000 -9999.000 -9999.000 -9999.000 135.282 135.283 135.282 135.281 135.279 135.275 135.271 135.267 135.263 135.260 135.257 135.254 135.251 135.247 135.244 135.240 135.235 135.231 135.225 135.220 135.213 135.206 135.199 135.191 135.182 135.172 135.161 135.149 135.137 135.123 135.108 135.094 135.083 135.083 135.088 135.095 135.103 135.110 135.117 135.122 135.126
-9999.000 -9999.000 -9999.000 -9999.000 -9999.000 -9999.000 -9999.000 -9999.000 -9999.000 -9999.000 -9999.000 -9999.000 -9999.000 -9999.000 -9999.000 -9999.000 -9999.000 -9999.000 -9999.000 -9999.000 -9999.000 135.278 135.280 135.280 135.279 135.278 135.276 135.273 135.269 135.266 135.263 135.259 135.256 135.253 135.249 135.245 135.241 135.237 135.233 135.228 135.222 135.217 135.210 135.204 135.196 135.188 135.179 135.170 135.160 135.150 135.138 135.127 135.115 135.105 135.098 135.096 135.097 135.101 135.106 135.111 135.116 135.120 135.123
-9999.000 -9999.000 -9999.000 -9999.000 -9999.000 -9999.000 -9999.000 -9999.000 -9999.000 -9999.000 -9999.000 -9999.000 -9999.000 -9999.000 -9999.000 -9999.000 -9999.000 -9999.000 -9999.000 -9999.000 -9999.000 135.277 135.278 135.278 135.277 135.276 135.274 135.271 135.268 135.265 135.262 135.258 135.255 135.251 135.247 135.243 135.239 135.235 135.230 135.225 135.220 135.214 135.208 135.201 135.194 135.186 135.178 135.169 135.160 135.150 135.140 135.130 135.121 135.113 135.107 135.105 135.105 135.106 135.109 135.112 135.115 135.118 135.120
-9999.000 -9999.000 -9999.000 -9999.000 -9999.000 -9999.000 -9999.000 -9999.000 -9999.000 -9999.000 -9999.000 -9999.000 -9999.000 -9999.000 -9999.000 -9999.000 -9999.000 -9999.000 -9999.000 -9999.000 -9999.000 135.276 135.276 135.276 135.275 135.274 135.272 135.270 135.267 135.264 135.261 135.258 135.254 135.250 135.246 135.242 135.238 135.233 135.229 135.224 135.218 135.212 135.206 135.199 135.192 135.185 135.177 135.168 135.160 135.151 135.142 135.134 135.126 135.119 135.114 135.111 135.110 135.110 135.112 135.113 135.115 135.117 135.118
