LISFLOOD/results/run1.inittm
ncols         413
nrows         307
xllcorner     341179.518085
yllcorner     4516729.658735
cellsize      10.000000
NODATA_value  -9999.000000
[rows 0 to 29 of 307, columns 264 to 329 of 413]
-9999.000 -9999.000 -9999.000 -9999.000 -9999.000 -9999.000 -9999.000 -9999.000 -9999.000 -9999.000 -9999.000 -9999.000 -9999.000 -9999.000 -9999.000 -9999.000 -9999.000 -9999.000 -9999.000 -9999.000 -9999.000 -9999.000 -9999.000 -9999.000 -9999.000 -9999.000 -9999.000 -9999.000 -9999.000 -9999.000 -9999.000 -9999.000 -9999.000 -9999.000 -9999.000 -9999.000 -9999.000 -9999.000 -9999.000 -9999.000 -9999.000 -9999.000 -9999.000 -9999.000 -9999.000 -9999.000 -9999.000 -9999.000 -9999.000 -9999.000 -9999.000 -9999.000 -9999.000 -9999.000 -9999.000 -9999.000 -9999.000 -9999.000 -9999.000 -9999.000 -9999.000 -9999.000 -9999.000 -9999.000 -9999.000 -9999.000
-9999.000 -9999.000 -9999.000 -9999.000 -9999.000 -9999.000 -9999.000 -9999.000 -9999.000 -9999.000 -9999.000 -9999.000 -9999.000 -9999.000 -9999.000 -9999.000 -9999.000 -9999.000 -9999.000 -9999.000 -9999.000 -9999.000 -9999.000 -9999.000 -9999.000 -9999.000 -9999.000 -9999.000 -9999.000 -9999.000 -9999.000 -9999.000 -9999.000 -9999.000 -9999.000 -9999.000 -9999.000 -9999.000 -9999.000 -9999.000 -9999.000 -9999.000 -9999.000 -9999.000 -9999.000 -9999.000 -9999.000 -9999.000 -9999.000 -9999.000 -9999.000 -9999.000 -9999.000 -9999.000 -9999.000 -9999.000 -9999.000 -9999.000 -9999.000 -9999.000 -9999.000 -9999.000 -9999.000 -9999.000 -9999.000 -9999.000
-9999.000 -9999.000 -9999.000 -9999.000 -9999.000 -9999.000 -9999.000 -9999.000 -9999.000 -9999.000 -9999.000 -9999.000 -9999.000 -9999.000 -9999.000 -9999.000 -9999.000 -9999.000 -9999.000 -9999.000 -9999.000 -9999.000 -9999.000 -9999.000 -9999.000 -9999.000 -9999.000 -9999.000 -9999.000 -9999.000 -9999.000 -9999.000 -9999.000 -9999.000 -9999.000 -9999.000 -9999.000 -9999.000 -9999.000 -9999.000 -9999.000 -9999.000 -9999.000 -9999.000 -9999.000 -9999.000 -9999.000 -9999.000 -9999.000 -9999.000 -9999.000 -9999.000 -9999.000 -9999.000 -9999.000 -9999.000 -9999.000 -9999.000 -9999.000 -9999.000 -9999.000 -9999.000 -9999.000 -9999.000 -9999.000 -9999.000
-9999.000 -9999.000 -9999.000 -9999.000 -9999.000 -9999.000 -9999.000 -9999.000 -9999.000 -9999.000 -9999.000 -9999.000 -9999.000 -9999.000 -9999.000 -9999.000 -9999.000 -9999.000 -9999.000 -9999.000 -9999.000 -9999.000 -9999.000 -9999.000 -9999.000 -9999.000 -9999.000 -9999.000 -9999.000 -9999.000 -9999.000 -9999.000 -9999.000 -9999.000 -9999.000 -9999.000 -9999.000 -9999.000 -9999.000 -9999.000 -9999.000 -9999.000 -9999.000 -9999.000 -9999.000 -9999.000 -9999.000 -9999.000 -9999.000 -9999.000 -9999.000 -9999.000 -9999.000 -9999.000 -9999.000 -9999.000 -9999.000 -9999.000 -9999.000 -9999.000 -9999.000 -9999.000 -9999.000 -9999.000 -9999.000 -9999.000
-9999.000 -9999.000 -9999.000 -9999.000 -9999.000 -9999.000 -9999.000 -9999.000 -9999.000 -9999.000 -9999.000 -9999.000 -9999.000 -9999.000 -9999.000 -9999.000 -9999.000 -9999.000 -9999.000 -9999.000 -9999.000 -9999.000 -9999.000 -9999.000 -9999.000 -9999.000 -9999.000 -9999.000 -9999.000 -9999.000 -9999.000 -9999.000 -9999.000 -9999.000 -9999.000 -9999.000 -9999.000 -9999.000 -9999.000 -9999.000 -9999.000 -9999.000 -9999.000 -9999.000 -9999.000 -9999.000 -9999.000 -9999.000 -9999.000 -9999.000 -9999.000 -9999.000 -9999.000 -9999.000 -9999.000 -9999.000 -9999.000 -9999.000 -9999.000 -9999.000 -9999.000 -9999.000 -9999.000 -9999.000 -9999.000 -9999.000
-9999.000 -9999.000 -9999.000 -9999.000 -9999.000 -9999.000 -9999.000 -9999.000 -9999.000 -9999.000 -9999.000 -9999.000 -9999.000 -9999.000 -9999.000 -9999.000 -9999.000 -9999.000 -9999.000 -9999.000 -9999.000 -9999.000 -9999.000 -9999.000 -9999.000 -9999.000 -9999.000 -9999.000 -9999.000 -9999.000 -9999.000 -9999.000 -9999.000 -9999.000 -9999.000 -9999.000 -9999.000 -9999.000 -9999.000 -9999.000 -9999.000 -9999.000 -9999.000 -9999.000 -9999.000 -9999.000 -9999.000 -9999.000 -9999.000 -9999.000 -9999.000 -9999.000 -9999.000 -9999.000 -9999.000 -9999.000 -9999.000 -9999.000 -9999.000 -9999.000 -9999.000 -9999.000 -9999.000 -9999.000 -9999.000 -9999.000
-9999.000 -9999.000 -9999.000 -9999.000 -9999.000 -9999.000 -9999.000 -9999.000 -9999.000 -9999.000 -9999.000 -9999.000 -9999.000 -9999.000 -9999.000 -9999.000 -9999.000 -9999.000 -9999.000 -9999.000 -9999.000 -9999.000 -9999.000 -9999.000 -9999.000 -9999.000 -9999.000 -9999.000 -9999.000 -9999.000 -9999.000 -9999.000 -9999.000 -9999.000 -9999.000 -9999.000 -9999.000 -9999.000 -9999.000 -9999.000 -9999.000 -9999.000 -9999.000 -9999.000 -9999.000 -9999.000 -9999.000 -9999.000 -9999.000 -9999.000 -9999.000 -9999.000 -9999.000 -9999.000 -9999.000 -9999.000 -9999.000 -9999.000 -9999.000 -9999.000 -9999.000 -9999.000 -9999.000 -9999.000 -9999.000 -9999.000
-9999.000 -9999.000 -9999.000 -9999.000 -9999.000 -9999.000 -9999.000 -9999.000 -9999.000 -9999.000 -9999.000 -9999.000 -9999.000 -9999.000 -9999.000 -9999.000 -9999.000 -9999.000 -9999.000 -9999.000 -9999.000 -9999.000 -9999.000 -9999.000 -9999.000 -9999.000 -9999.000 -9999.000 -9999.000 -9999.000 -9999.000 -9999.000 -9999.000 -9999.000 -9999.000 -9999.000 -9999.000 -9999.000 -9999.000 -9999.000 -9999.000 -9999.000 -9999.000 -9999.000 -9999.000 -9999.000 -9999.000 -9999.000 -9999.000 -9999.000 -9999.000 -9999.000 -9999.000 -9999.000 -9999.000 -9999.000 -9999.000 -9999.000 -9999.000 -9999.000 -9999.000 -9999.000 -9999.000 -9999.000 -9999.000 -9999.000
-9999.000 -9999.000 -9999.000 -9999.000 -9999.000 -9999.000 -9999.000 -9999.000 -9999.000 -9999.000 -9999.000 -9999.000 -9999.000 -9999.000 -9999.000 -9999.000 -9999.000 -9999.000 -9999.000 -9999.000 -9999.000 -9999.000 -9999.000 -9999.000 -9999.000 -9999.000 -9999.000 -9999.000 -9999.000 -9999.000 -9999.000 -9999.000 -9999.000 -9999.000 -9999.000 -9999.000 -9999.000 -9999.000 -9999.000 -9999.000 -9999.000 -9999.000 -9999.000 -9999.000 -9999.000 -9999.000 -9999.000 -9999.000 -9999.000 -9999.000 -9999.000 -9999.000 -9999.000 -9999.000 -9999.000 -9999.000 -9999.000 -9999.000 -9999.000 -9999.000 -9999.000 -9999.000 -9999.000 -9999.000 -9999.000 -9999.000
-9999.000 -9999.000 -9999.000 -9999.000 -9999.000 -9999.000 -9999.000 -9999.000 -9999.000 -9999.000 -9999.000 -9999.000 -9999.000 -9999.000 -9999.000 -9999.000 -9999.000 -9999.000 -9999.000 -9999.000 -9999.000 -9999.000 -9999.000 -9999.000 -9999.000 -9999.000 -9999.000 -9999.000 -9999.000 -9999.000 -9999.000 -9999.000 -9999.000 -9999.000 -9999.000 -9999.000 -9999.000 -9999.000 -9999.000 -9999.000 -9999.000 -9999.000 -9999.000 -9999.000 -9999.000 -9999.000 -9999.000 -9999.000 -9999.000 -9999.000 -9999.000 -9999.000 -9999.000 -9999.000 -9999.000 -9999.000 -9999.000 -9999.000 -9999.000 -9999.000 -9999.000 -9999.000 -9999.000 -9999.000 -9999.000 -9999.000
7.531 7.482 7.302 6.567 6.141 -9999.000 -9999.000 -9999.000 -9999.000 -9999.000 -9999.000 -9999.000 -9999.000 -9999.000 -9999.000 -9999.000 -9999.000 -9999.000 -9999.000 -9999.000 -9999.000 -9999.000 -9999.000 -9999.000 -9999.000 -9999.000 -9999.000 -9999.000 -9999.000 -9999.000 -9999.000 -9999.000 -9999.000 -9999.000 -9999.000 -9999.000 -9999.000 -9999.000 -9999.000 -9999.000 -9999.000 -9999.000 -9999.000 -9999.000 -9999.000 -9999.000 -9999.000 -9999.000 -9999.000 -9999.000 -9999.000 -9999.000 -9999.000 -9999.000 -9999.000 -9999.000 -9999.000 -9999.000 -9999.000 -9999.000 -9999.000 -9999.000 -9999.000 -9999.000 -9999.000 -9999.000
7.786 7.536 6.997 6.282 5.922 5.722 5.584 5.477 5.383 5.275 5.161 5.108 5.091 5.052 4.927 4.906 4.888 4.867 4.838 4.816 4.548 4.071 3.924 3.880 3.867 3.848 3.717 3.671 3.649 3.638 3.822 2.956 2.781 2.765 2.748 2.731 2.712 2.692 2.676 2.646 2.608 2.586 2.564 2.596 2.038 0.906 0.693 0.672 0.653 0.633 0.614 0.596 0.578 -9999.000 -9999.000 -9999.000 -9999.000 -9999.000 -9999.000 -9999.000 -9999.000 -9999.000 -9999.000 -9999.000 -9999.000 -9999.000
8.163 7.386 6.569 6.026 5.756 5.602 5.518 5.444 5.326 5.161 5.043 4.992 4.963 4.938 4.909 4.892 4.875 4.853 4.826 4.804 4.544 4.070 3.895 3.878 3.862 3.809 3.696 3.656 3.632 3.616 3.586 2.858 2.805 2.788 2.767 2.744 2.721 2.698 2.677 2.632 2.595 2.570 2.540 2.347 1.344 0.732 0.679 0.659 0.639 0.618 0.597 0.577 0.559 0.542 0.524 0.508 0.493 0.477 0.463 0.448 0.435 0.422 0.409 0.397 0.386 0.376
7.757 6.897 6.158 5.817 5.611 5.502 5.437 5.396 5.285 5.117 5.019 4.961 4.928 4.911 4.894 4.882 4.868 4.848 4.820 4.799 4.548 4.066 3.873 3.925 3.906 3.808 3.747 3.722 3.781 4.111 3.158 2.803 2.810 2.802 2.783 2.759 2.734 2.711 2.650 2.619 2.589 2.562 2.518 1.911 0.880 0.684 0.662 0.643 0.623 0.602 0.583 0.563 0.544 0.526 0.508 0.491 0.474 0.458 0.443 0.428 0.414 0.401 0.388 0.376 0.364 0.354
6.994 6.337 5.918 5.669 5.513 5.428 5.344 5.268 5.156 5.067 5.017 4.966 4.916 4.896 4.881 4.869 4.859 4.844 4.819 4.798 4.546 4.036 3.858 3.917 3.900 3.796 3.768 3.754 3.747 4.057 2.911 2.778 2.785 2.781 2.777 2.767 2.747 2.717 2.688 2.691 2.654 2.551 2.318 1.367 0.713 0.664 0.643 0.624 0.605 0.584 0.564 0.544 0.525 0.506 0.488 0.471 0.453 0.437 0.422 0.407 0.393 0.379 0.367 0.355 0.344 0.333
6.184 5.990 5.759 5.569 5.458 5.378 5.266 5.134 5.040 4.985 4.949 4.930 4.908 4.884 4.866 4.852 4.843 4.829 4.807 4.788 4.534 4.037 3.843 3.890 3.851 3.751 3.751 3.734 3.714 3.494 2.768 2.758 2.757 2.750 2.745 2.747 2.764 2.744 2.746 2.738 2.699 2.447 1.809 0.908 0.672 0.646 0.625 0.606 0.587 0.565 0.544 0.524 0.505 0.486 0.468 0.450 0.433 0.417 0.402 0.387 0.373 0.359 0.347 0.334 0.323 0.313
5.844 5.764 5.644 5.543 5.443 5.326 5.186 5.059 4.992 4.943 4.906 4.880 4.866 4.861 4.849 4.835 4.823 4.810 4.792 4.778 4.504 4.020 3.804 3.792 3.764 3.717 3.726 3.751 4.081 3.050 2.735 2.736 2.730 2.721 2.712 2.712 2.693 2.734 2.745 2.724 2.622 2.078 1.207 0.713 0.664 0.638 0.607 0.584 0.566 0.546 0.526 0.505 0.486 0.467 0.448 0.431 0.414 0.397 0.382 0.367 0.353 0.339 0.327 0.315 0.304 0.293
5.742 5.658 5.584 5.524 5.402 5.256 5.123 5.023 4.973 4.929 4.889 4.860 4.844 4.831 4.819 4.812 4.804 4.791 4.773 4.759 4.468 3.966 3.793 3.776 3.718 3.682 3.682 3.728 3.704 2.792 2.714 2.713 2.703 2.691 2.682 2.656 2.618 2.643 2.644 2.637 2.386 1.504 0.813 0.738 0.728 0.674 0.592 0.567 0.546 0.525 0.504 0.484 0.465 0.448 0.429 0.412 0.394 0.378 0.363 0.348 0.334 0.321 0.308 0.296 0.285 0.274
5.706 5.636 5.551 5.439 5.309 5.184 5.076 5.012 4.968 4.922 4.878 4.847 4.831 4.816 4.803 4.794 4.784 4.771 4.753 4.740 4.423 3.810 3.784 3.761 3.677 3.648 3.644 3.756 3.251 2.707 2.693 2.692 2.680 2.662 2.642 2.598 2.560 2.553 2.568 2.561 1.860 1.011 0.832 0.822 0.852 0.766 0.580 0.550 0.529 0.508 0.487 0.466 0.446 0.427 0.409 0.392 0.377 0.361 0.345 0.331 0.316 0.303 0.290 0.278 0.267 0.257
5.635 5.577 5.491 5.365 5.224 5.117 5.039 4.997 4.959 4.916 4.867 4.837 4.819 4.804 4.789 4.778 4.767 4.752 4.733 4.719 4.389 3.839 3.861 3.831 3.649 3.623 3.613 3.787 2.867 2.672 2.670 2.672 2.659 2.637 2.607 2.553 2.511 2.494 2.534 2.201 1.269 0.912 0.898 0.993 0.938 0.795 0.575 0.534 0.512 0.491 0.469 0.449 0.429 0.411 0.392 0.374 0.358 0.342 0.326 0.312 0.299 0.286 0.273 0.261 0.249 0.239
5.529 5.487 5.394 5.268 5.146 5.066 5.014 4.980 4.946 4.906 4.856 4.830 4.810 4.793 4.776 4.763 4.750 4.732 4.713 4.697 4.386 3.916 3.887 3.864 3.633 3.606 3.586 3.496 2.697 2.652 2.647 2.650 2.641 2.618 2.576 2.512 2.482 2.468 2.338 1.504 0.969 0.951 1.123 1.131 0.985 0.786 0.566 0.518 0.496 0.474 0.453 0.433 0.413 0.394 0.376 0.358 0.342 0.325 0.309 0.295 0.281 0.267 0.254 0.243 0.233 0.222
5.417 5.379 5.291 5.179 5.091 5.035 4.999 4.968 4.939 4.902 4.862 4.832 4.807 4.786 4.767 4.752 4.735 4.712 4.693 4.665 4.358 3.938 3.933 3.928 3.921 3.888 4.164 3.198 2.652 2.633 2.624 2.623 2.604 2.574 2.534 2.487 2.463 2.422 1.792 1.048 0.986 1.113 1.232 1.202 1.005 0.763 0.548 0.501 0.481 0.459 0.438 0.417 0.398 0.379 0.361 0.343 0.326 0.309 0.294 0.279 0.265 0.252 0.239 0.227 0.216 0.205
5.317 5.281 5.207 5.121 5.063 5.020 4.991 4.960 4.929 4.896 4.874 4.849 4.814 4.784 4.765 4.749 4.737 4.713 4.692 4.624 4.303 3.913 3.896 3.872 3.849 3.846 4.337 3.008 2.630 2.616 2.601 2.585 2.571 2.546 2.538 2.525 2.498 2.028 1.328 1.062 1.052 1.315 1.293 1.244 1.004 0.728 0.526 0.484 0.463 0.442 0.421 0.402 0.383 0.364 0.346 0.328 0.311 0.294 0.279 0.264 0.250 0.237 0.224 0.212 0.201 0.190
5.251 5.218 5.157 5.096 5.046 5.008 4.977 4.948 4.909 4.887 4.868 4.851 4.827 4.745 4.735 4.731 4.724 4.706 4.695 4.570 4.228 3.877 3.857 3.838 3.827 3.816 3.781 2.781 2.618 2.601 2.581 2.559 2.539 2.518 2.512 2.597 2.297 1.500 1.118 1.102 1.315 1.330 1.336 1.224 0.981 0.682 0.503 0.471 0.449 0.427 0.406 0.386 0.367 0.348 0.331 0.314 0.297 0.281 0.265 0.250 0.236 0.222 0.209 0.197 0.186 0.176
5.213 5.181 5.122 5.072 5.033 5.003 4.972 4.931 4.895 4.877 4.861 4.859 4.782 4.711 4.708 4.705 4.701 4.680 4.682 4.507 4.158 3.849 3.836 3.818 3.808 3.957 3.331 2.629 2.606 2.588 2.564 2.539 2.518 2.495 2.488 2.432 1.737 1.213 1.134 1.254 1.300 1.298 1.330 1.172 0.942 0.621 0.484 0.458 0.436 0.414 0.393 0.373 0.353 0.334 0.316 0.298 0.282 0.267 0.251 0.237 0.222 0.209 0.196 0.184 0.172 0.162
5.178 5.148 5.103 5.058 5.026 4.999 4.966 4.910 4.882 4.861 4.839 4.797 4.720 4.691 4.683 4.678 4.673 4.646 4.659 4.441 4.094 3.821 3.815 3.797 3.778 3.666 2.860 2.545 2.592 2.579 2.550 2.521 2.496 2.461 2.295 1.758 1.346 1.169 1.191 1.296 1.276 1.253 1.246 1.105 0.884 0.555 0.469 0.446 0.423 0.402 0.381 0.361 0.341 0.322 0.303 0.286 0.268 0.252 0.237 0.223 0.209 0.196 0.183 0.171 0.159 0.149
5.149 5.122 5.086 5.053 5.028 5.004 4.969 4.937 4.910 4.887 4.836 4.712 4.691 4.671 4.661 4.653 4.643 4.617 4.628 4.375 4.004 3.799 3.799 3.806 4.238 3.230 2.601 2.507 2.568 2.610 2.576 2.546 2.514 2.346 1.709 1.268 1.064 1.144 1.308 1.286 1.249 1.231 1.201 1.058 0.814 0.505 0.456 0.434 0.412 0.391 0.369 0.349 0.329 0.310 0.292 0.274 0.257 0.241 0.225 0.210 0.196 0.183 0.170 0.159 0.147 0.137
5.139 5.112 5.079 5.055 5.033 5.012 4.986 4.963 4.939 4.915 4.776 4.692 4.671 4.654 4.644 4.632 4.616 4.591 4.583 4.306 3.908 3.777 3.771 3.769 3.924 2.851 2.534 2.486 2.528 2.703 2.749 2.816 2.683 2.100 1.341 0.987 1.035 1.320 1.391 1.302 1.288 1.311 1.191 0.983 0.694 0.473 0.443 0.420 0.398 0.377 0.357 0.338 0.318 0.299 0.281 0.263 0.246 0.229 0.214 0.199 0.185 0.171 0.158 0.147 0.135 0.125
5.144 5.113 5.082 5.058 5.037 5.012 4.985 4.961 4.936 4.863 4.726 4.670 4.652 4.641 4.629 4.613 4.588 4.567 4.526 4.233 3.783 3.755 3.748 3.739 3.538 2.694 2.513 2.467 2.458 2.667 2.781 3.050 2.812 1.910 1.131 0.943 1.077 1.347 1.326 1.287 1.282 1.306 1.163 0.900 0.567 0.457 0.433 0.410 0.388 0.366 0.345 0.325 0.306 0.288 0.271 0.253 0.236 0.219 0.204 0.189 0.174 0.161 0.148 0.136 0.125 0.114
5.156 5.117 5.086 5.063 5.038 5.006 4.977 4.954 4.914 4.757 4.679 4.648 4.636 4.627 4.622 4.613 4.589 4.570 4.464 4.151 3.756 3.736 3.727 3.951 3.113 2.644 2.500 2.450 2.411 2.449 2.578 2.772 2.493 1.678 1.008 0.901 1.177 1.331 1.294 1.269 1.254 1.212 1.087 0.764 0.490 0.447 0.424 0.401 0.379 0.357 0.336 0.316 0.296 0.277 0.259 0.242 0.226 0.210 0.194 0.179 0.165 0.152 0.139 0.127 0.116 0.105
