LISFLOOD/results/run12.inittm
ncols         413
nrows         307
xllcorner     341179.518085
yllcorner     4516729.658735
cellsize      10.000000
NODATA_value  -9999.000000
[rows 58 to 86 of 307, columns 260 to 324 of 413]
7.234 7.198 7.002 6.977 6.964 6.950 6.934 6.912 6.834 6.816 6.621 6.097 5.497 5.455 5.531 5.693 5.913 3.921 3.268 3.064 2.652 2.436 2.552 2.897 2.732 2.724 2.539 2.257 2.649 2.637 2.603 2.582 2.549 2.492 2.464 2.365 2.244 1.945 1.068 0.561 0.529 0.507 0.485 0.462 0.440 0.419 0.398 0.378 0.358 0.340 0.322 0.304 0.288 0.271 0.254 0.239 0.224 0.209 0.196 0.182 0.170 0.158 0.146 0.135 0.124
7.290 7.099 7.003 6.985 6.964 6.944 6.926 6.843 6.814 6.753 6.412 5.844 5.486 5.480 5.488 5.620 4.985 3.631 3.273 3.005 2.460 2.404 2.814 2.959 2.712 2.749 2.598 2.291 2.579 2.575 2.556 2.539 2.507 2.474 2.431 2.318 2.237 1.906 0.988 0.556 0.528 0.505 0.483 0.461 0.441 0.420 0.399 0.379 0.359 0.341 0.322 0.304 0.288 0.271 0.256 0.241 0.226 0.211 0.198 0.184 0.172 0.159 0.148 0.137 0.126
7.261 7.064 7.037 7.016 6.990 6.963 6.935 6.868 6.852 6.592 6.216 5.699 5.463 5.451 5.452 6.609 4.334 3.590 3.400 2.966 2.379 2.383 2.850 2.903 2.677 2.711 2.463 2.270 2.567 2.554 2.521 2.498 2.470 2.442 2.396 2.308 2.258 1.697 0.786 0.552 0.529 0.506 0.483 0.461 0.439 0.418 0.398 0.379 0.361 0.342 0.324 0.306 0.289 0.272 0.257 0.241 0.226 0.212 0.199 0.186 0.173 0.161 0.149 0.138 0.128
7.166 7.081 7.066 7.047 7.027 7.004 6.937 6.911 6.748 6.402 5.993 5.486 5.453 5.433 5.414 5.282 3.881 3.608 3.502 3.020 2.362 2.362 2.809 2.726 2.649 2.669 2.262 2.248 2.607 2.591 2.507 2.479 2.453 2.426 2.397 2.326 2.242 1.450 0.643 0.553 0.529 0.506 0.483 0.461 0.440 0.419 0.399 0.379 0.360 0.342 0.324 0.307 0.291 0.274 0.258 0.243 0.228 0.214 0.201 0.187 0.174 0.163 0.151 0.140 0.129
7.134 7.102 7.078 7.048 7.019 6.988 6.939 6.901 6.575 6.154 5.628 5.477 5.473 5.518 7.029 4.588 3.648 3.582 3.545 3.107 2.343 2.336 2.797 2.550 2.612 2.653 2.191 2.233 2.642 2.632 2.515 2.489 2.471 2.447 2.411 2.352 2.142 1.201 0.595 0.554 0.530 0.507 0.484 0.462 0.441 0.420 0.400 0.381 0.361 0.343 0.325 0.308 0.291 0.275 0.259 0.245 0.230 0.216 0.202 0.189 0.177 0.164 0.153 0.142 0.132
7.181 7.163 7.142 7.121 7.090 7.012 6.996 6.772 6.321 5.731 5.481 5.466 5.446 5.456 6.547 3.986 3.573 3.557 3.571 3.175 2.325 2.294 2.788 2.478 2.580 2.538 2.122 2.641 2.631 2.611 2.530 2.503 2.488 2.467 2.429 2.371 1.986 0.970 0.578 0.552 0.529 0.508 0.486 0.463 0.442 0.421 0.401 0.382 0.362 0.344 0.326 0.309 0.292 0.276 0.261 0.246 0.231 0.217 0.204 0.191 0.179 0.167 0.156 0.144 0.134
7.201 7.181 7.153 7.126 7.043 7.006 6.918 6.566 6.002 5.507 5.492 5.453 5.425 5.413 5.148 3.683 3.521 3.533 3.558 3.279 2.419 2.265 2.750 2.450 2.424 2.073 2.097 2.655 2.708 2.595 2.507 2.505 2.493 2.469 2.438 2.382 1.840 0.836 0.575 0.551 0.528 0.505 0.483 0.462 0.442 0.422 0.403 0.383 0.364 0.346 0.328 0.311 0.294 0.278 0.262 0.247 0.233 0.219 0.206 0.193 0.181 0.169 0.158 0.147 0.137
7.216 7.201 7.181 7.144 7.051 7.023 6.767 6.341 5.820 5.552 5.857 5.433 5.428 6.715 4.310 3.472 3.350 3.401 3.477 3.262 2.396 2.235 2.557 2.419 2.127 1.899 2.402 2.621 2.718 2.547 2.438 2.471 2.498 2.475 2.442 2.383 1.662 0.747 0.576 0.552 0.528 0.506 0.484 0.463 0.442 0.421 0.401 0.382 0.364 0.347 0.329 0.312 0.296 0.279 0.264 0.249 0.234 0.221 0.208 0.195 0.183 0.171 0.160 0.149 0.139
7.213 7.197 7.181 7.105 7.079 6.926 6.549 6.125 5.693 5.564 5.652 5.419 5.405 5.383 3.679 3.363 3.306 3.287 3.265 3.059 2.214 2.217 2.324 2.151 1.851 1.875 2.577 2.584 2.592 2.432 2.368 2.434 2.513 2.491 2.433 2.314 1.370 0.641 0.576 0.552 0.529 0.507 0.484 0.463 0.442 0.422 0.402 0.383 0.364 0.346 0.329 0.312 0.296 0.281 0.266 0.251 0.236 0.223 0.209 0.197 0.185 0.173 0.162 0.152 0.142
7.206 7.183 7.158 7.096 7.068 6.742 6.297 6.041 5.566 5.538 5.545 5.523 5.556 4.659 3.507 3.451 3.387 3.317 3.262 2.965 2.140 2.200 2.174 1.807 1.791 2.065 2.559 2.544 2.518 2.358 2.313 2.387 2.478 2.450 2.364 2.127 1.082 0.604 0.574 0.552 0.530 0.507 0.486 0.464 0.443 0.423 0.403 0.384 0.366 0.347 0.330 0.313 0.297 0.281 0.266 0.251 0.237 0.224 0.211 0.198 0.187 0.176 0.165 0.154 0.144
7.290 7.261 7.177 7.169 6.934 6.489 6.110 5.975 5.533 5.512 5.499 5.489 5.764 4.040 3.588 3.573 3.506 3.406 3.331 2.974 2.116 2.325 2.073 1.680 1.769 2.287 2.641 2.623 2.595 2.333 2.271 2.277 2.292 2.295 2.264 1.809 0.852 0.598 0.574 0.550 0.527 0.504 0.483 0.462 0.441 0.422 0.402 0.384 0.366 0.349 0.332 0.314 0.298 0.283 0.267 0.253 0.239 0.226 0.213 0.201 0.188 0.177 0.167 0.157 0.147
7.285 7.205 7.172 7.109 6.708 6.221 6.120 5.882 5.514 5.498 5.476 5.454 5.153 3.793 3.685 3.573 3.495 3.407 3.304 2.954 2.093 2.323 1.831 1.647 1.783 2.263 2.713 2.734 2.684 2.341 2.228 2.139 2.130 2.157 2.176 1.447 0.666 0.598 0.574 0.551 0.528 0.506 0.484 0.463 0.442 0.422 0.403 0.384 0.366 0.348 0.331 0.315 0.299 0.284 0.269 0.254 0.241 0.227 0.214 0.202 0.191 0.179 0.169 0.159 0.149
7.302 7.235 7.237 6.913 6.432 6.158 6.140 5.761 5.566 5.558 5.552 6.597 4.493 3.723 3.597 3.418 3.436 3.376 3.218 2.800 1.994 1.977 1.583 1.628 1.940 2.139 2.668 2.651 2.619 2.342 2.192 2.073 2.104 2.087 2.041 1.179 0.629 0.597 0.574 0.552 0.529 0.507 0.484 0.463 0.443 0.423 0.404 0.384 0.367 0.349 0.332 0.316 0.299 0.284 0.270 0.256 0.242 0.229 0.217 0.204 0.193 0.182 0.171 0.162 0.152
7.260 7.230 7.123 6.629 6.211 6.194 6.016 5.578 5.555 5.539 5.522 5.494 4.002 3.597 3.382 3.267 3.223 3.158 3.177 2.831 1.977 1.645 1.525 1.701 2.223 2.195 2.554 2.594 2.566 2.348 2.193 2.044 2.133 2.163 1.921 0.961 0.620 0.596 0.572 0.549 0.527 0.506 0.485 0.464 0.444 0.424 0.404 0.386 0.367 0.350 0.333 0.316 0.301 0.286 0.271 0.257 0.243 0.230 0.218 0.206 0.195 0.184 0.173 0.164 0.154
7.266 7.241 6.878 6.336 6.145 6.163 5.841 5.562 5.560 5.579 6.116 4.933 3.829 3.601 3.312 3.114 3.019 3.044 3.158 2.976 2.399 1.612 1.498 1.607 2.255 2.179 2.175 2.615 2.599 2.354 2.211 2.025 2.073 2.178 1.673 0.778 0.618 0.595 0.572 0.549 0.527 0.505 0.484 0.463 0.443 0.424 0.406 0.387 0.368 0.351 0.334 0.317 0.302 0.286 0.272 0.258 0.244 0.231 0.219 0.207 0.196 0.186 0.176 0.166 0.157
7.279 7.057 6.542 6.122 6.100 6.020 5.574 5.549 5.532 5.529 6.376 4.402 3.790 3.633 3.311 3.038 2.968 3.006 3.242 3.081 2.703 1.939 1.482 1.447 2.063 2.157 2.014 2.626 2.608 2.324 2.196 2.007 2.010 2.093 1.409 0.657 0.616 0.592 0.569 0.547 0.526 0.505 0.484 0.464 0.443 0.423 0.404 0.386 0.368 0.352 0.335 0.318 0.303 0.287 0.273 0.259 0.246 0.233 0.221 0.209 0.198 0.187 0.177 0.168 0.159
7.226 6.768 6.191 6.031 6.108 5.828 5.561 5.545 5.516 5.495 5.302 4.007 3.726 3.589 3.348 3.087 2.950 2.966 3.274 3.180 2.911 2.479 1.860 1.393 1.664 2.044 1.943 2.471 2.446 2.287 2.171 1.988 1.966 1.921 1.186 0.647 0.616 0.592 0.569 0.547 0.525 0.503 0.482 0.463 0.443 0.424 0.406 0.387 0.369 0.351 0.334 0.319 0.303 0.289 0.274 0.260 0.247 0.234 0.222 0.210 0.199 0.189 0.179 0.170 0.161
7.025 6.427 6.007 5.994 5.977 5.597 5.610 5.704 6.195 7.295 4.651 3.773 3.632 3.526 3.345 3.162 2.931 2.926 3.247 3.180 2.922 2.827 2.263 1.371 1.349 1.743 1.698 2.315 2.297 2.268 2.113 1.997 1.957 1.701 0.853 0.641 0.616 0.593 0.570 0.547 0.525 0.503 0.483 0.462 0.442 0.423 0.404 0.387 0.369 0.352 0.336 0.319 0.303 0.288 0.274 0.261 0.248 0.235 0.223 0.212 0.201 0.191 0.181 0.172 0.163
6.737 6.107 6.013 6.013 5.791 5.568 5.577 5.602 6.056 6.288 4.131 3.670 3.556 3.464 3.312 3.153 2.909 2.894 3.108 3.126 2.896 2.901 2.561 1.448 1.285 1.342 1.304 2.148 2.241 2.215 2.037 2.013 1.987 1.462 0.694 0.640 0.617 0.593 0.570 0.548 0.526 0.504 0.483 0.463 0.443 0.423 0.404 0.386 0.368 0.352 0.336 0.319 0.304 0.289 0.275 0.261 0.248 0.236 0.223 0.212 0.202 0.192 0.182 0.173 0.165
6.380 5.989 5.999 5.983 5.574 5.550 5.546 5.546 5.953 5.199 3.842 3.700 3.663 3.549 3.344 3.142 2.893 2.869 2.847 2.936 2.871 2.878 2.747 1.884 1.263 1.209 1.187 1.827 2.182 2.162 2.059 2.087 1.946 1.231 0.668 0.637 0.613 0.589 0.567 0.544 0.523 0.502 0.481 0.461 0.442 0.423 0.405 0.387 0.369 0.352 0.336 0.319 0.304 0.290 0.276 0.262 0.249 0.237 0.225 0.213 0.203 0.193 0.183 0.175 0.167
6.078 5.959 6.077 5.841 5.546 5.534 5.519 5.508 6.676 4.416 3.769 3.763 3.736 3.634 3.386 3.237 3.123 2.876 2.803 2.838 2.838 2.851 2.827 2.363 1.529 1.187 1.159 1.642 2.199 2.185 2.179 2.213 1.787 1.008 0.661 0.637 0.613 0.590 0.567 0.545 0.523 0.502 0.482 0.461 0.442 0.423 0.404 0.386 0.369 0.352 0.336 0.321 0.306 0.291 0.276 0.263 0.250 0.238 0.226 0.215 0.204 0.194 0.185 0.177 0.169
5.958 5.942 5.930 5.572 5.542 5.522 5.497 5.481 5.453 3.889 3.742 3.766 3.706 3.593 3.432 3.407 3.355 3.014 2.761 2.738 2.808 2.824 2.821 2.522 1.827 1.203 1.132 1.343 2.214 2.213 2.253 2.203 1.616 0.857 0.657 0.634 0.612 0.589 0.568 0.546 0.524 0.503 0.482 0.462 0.442 0.423 0.404 0.387 0.369 0.352 0.336 0.321 0.306 0.291 0.277 0.264 0.251 0.238 0.227 0.216 0.206 0.196 0.187 0.178 0.171
6.003 6.023 5.773 5.584 5.601 5.601 5.632 5.788 4.713 3.650 3.719 3.709 3.654 3.586 3.524 3.583 3.472 3.158 2.743 2.641 2.728 2.769 2.806 2.523 2.098 1.362 1.108 1.100 1.765 2.236 2.234 2.154 1.443 0.743 0.657 0.633 0.610 0.587 0.564 0.543 0.523 0.503 0.483 0.463 0.443 0.424 0.406 0.388 0.371 0.353 0.337 0.322 0.307 0.292 0.278 0.264 0.252 0.240 0.228 0.217 0.207 0.197 0.188 0.180 0.173
6.122 6.134 5.594 5.568 5.573 5.562 5.589 5.652 4.066 3.582 3.677 3.622 3.604 3.576 3.542 3.594 3.490 3.131 2.872 2.598 2.582 2.585 2.739 2.503 2.268 1.652 1.089 1.043 1.313 2.072 2.218 2.010 1.257 0.698 0.654 0.632 0.610 0.587 0.565 0.543 0.522 0.501 0.481 0.461 0.442 0.424 0.406 0.389 0.372 0.355 0.339 0.323 0.308 0.293 0.279 0.266 0.253 0.241 0.229 0.219 0.209 0.199 0.191 0.182 0.175
6.162 5.873 5.556 5.549 5.542 5.525 5.548 5.131 3.713 3.535 3.563 3.551 3.573 3.559 3.511 3.453 3.405 3.064 2.920 2.663 2.558 2.511 2.496 2.467 2.251 1.878 1.250 1.012 1.013 1.688 2.142 1.853 1.058 0.679 0.652 0.629 0.606 0.584 0.563 0.543 0.522 0.502 0.482 0.462 0.443 0.424 0.406 0.388 0.371 0.354 0.338 0.323 0.308 0.294 0.281 0.268 0.255 0.243 0.232 0.221 0.211 0.202 0.193 0.185 0.178
6.037 5.566 5.543 5.529 5.508 5.496 6.029 4.519 3.590 3.471 3.476 3.504 3.577 3.608 3.518 3.316 3.207 2.986 2.897 2.773 2.722 2.596 2.463 2.372 2.203 2.025 1.501 0.988 0.957 1.353 2.000 1.602 0.878 0.676 0.652 0.628 0.606 0.583 0.562 0.540 0.519 0.499 0.480 0.462 0.443 0.426 0.407 0.389 0.373 0.356 0.340 0.325 0.310 0.296 0.282 0.269 0.257 0.245 0.234 0.223 0.213 0.204 0.196 0.188 0.181
5.808 5.558 5.544 5.516 5.487 5.471 5.441 4.063 3.513 3.402 3.432 3.476 3.552 3.543 3.468 3.276 3.098 2.931 2.868 2.757 2.749 2.727 2.664 2.423 2.174 2.084 1.689 1.007 0.934 1.053 1.691 1.381 0.761 0.675 0.651 0.628 0.605 0.583 0.561 0.541 0.520 0.500 0.481 0.462 0.443 0.425 0.408 0.391 0.374 0.358 0.342 0.327 0.312 0.298 0.284 0.272 0.259 0.247 0.237 0.226 0.216 0.207 0.199 0.192 0.185
5.664 5.678 5.696 5.696 5.734 6.660 4.912 3.750 3.407 3.353 3.403 3.504 3.514 3.454 3.394 3.244 3.020 2.883 2.824 2.740 2.727 2.723 2.692 2.511 2.217 2.063 1.789 1.139 0.909 0.974 1.504 1.214 0.716 0.674 0.651 0.627 0.604 0.583 0.561 0.540 0.520 0.500 0.481 0.462 0.444 0.426 0.408 0.391 0.375 0.359 0.344 0.329 0.314 0.301 0.287 0.274 0.262 0.251 0.239 0.229 0.220 0.211 0.203 0.196 0.191
5.644 5.653 5.654 5.649 5.686 6.379 4.396 3.576 3.345 3.317 3.370 3.485 3.463 3.389 3.337 3.208 2.943 2.815 2.773 2.716 2.698 2.718 2.732 2.518 2.303 2.057 1.769 1.181 0.887 0.959 1.471 1.139 0.707 0.673 0.650 0.627 0.604 0.582 0.561 0.540 0.517 0.498 0.479 0.461 0.443 0.426 0.409 0.393 0.377 0.361 0.346 0.331 0.316 0.303 0.290 0.277 0.266 0.254 0.243 0.234 0.224 0.216 0.208 0.202 0.196
