LISFLOOD/results/run12.mxe
ncols         413
nrows         307
xllcorner     341179.518085
yllcorner     4516729.658735
cellsize      10.000000
NODATA_value  -9999.000000
[rows 140 to 167 of 307, columns 310 to 371 of 413]
140.304 140.361 140.419 140.475 140.518 140.518 140.517 140.515 140.513 140.511 140.509 140.507 140.506 140.504 140.502 140.500 140.497 140.495 140.493 140.491 140.489 140.487 140.485 140.483 140.481 140.479 140.477 140.475 140.473 140.471 140.469 140.467 140.465 140.463 140.461 140.459 140.458 140.456 140.454 140.453 140.451 140.450 140.449 140.448 140.446 140.445 140.444 140.444 140.443 140.442 140.441 140.441 140.441 140.440 140.440 140.440 140.440 140.440 140.441 140.441 140.442 140.442
140.326 140.384 140.443 140.507 140.513 140.510 140.508 140.506 140.505 140.503 140.501 140.499 140.497 140.495 140.493 140.492 140.490 140.488 140.486 140.484 140.482 140.480 140.478 140.476 140.474 140.472 140.470 140.468 140.466 140.464 140.462 140.460 140.459 140.457 140.455 140.454 140.452 140.451 140.449 140.448 140.447 140.445 140.444 140.443 140.442 140.441 140.440 140.440 140.439 140.438 140.438 140.438 140.437 140.437 140.437 140.437 140.437 140.438 140.438 140.439 140.439 140.440
140.348 140.405 140.461 140.502 140.503 140.501 140.500 140.498 140.496 140.495 140.493 140.491 140.489 140.487 140.485 140.484 140.482 140.480 140.478 140.476 140.474 140.472 140.470 140.468 140.467 140.465 140.463 140.461 140.459 140.458 140.456 140.454 140.453 140.451 140.449 140.448 140.447 140.445 140.444 140.443 140.442 140.440 140.439 140.438 140.438 140.437 140.436 140.436 140.435 140.435 140.434 140.434 140.434 140.434 140.434 140.434 140.435 140.435 140.436 140.437 140.437 140.438
140.370 140.428 140.492 140.497 140.495 140.493 140.491 140.490 140.488 140.486 140.485 140.483 140.481 140.479 140.477 140.476 140.474 140.472 140.470 140.468 140.467 140.465 140.463 140.461 140.460 140.458 140.456 140.454 140.453 140.451 140.450 140.448 140.447 140.445 140.444 140.442 140.441 140.440 140.439 140.438 140.437 140.436 140.435 140.434 140.433 140.433 140.432 140.432 140.431 140.431 140.431 140.431 140.431 140.431 140.431 140.432 140.432 140.433 140.433 140.434 140.435 140.437
140.391 140.446 140.487 140.488 140.486 140.485 140.483 140.481 140.480 140.478 140.476 140.475 140.473 140.471 140.470 140.468 140.466 140.464 140.463 140.461 140.459 140.458 140.456 140.454 140.453 140.451 140.449 140.448 140.446 140.445 140.443 140.442 140.440 140.439 140.438 140.437 140.436 140.434 140.433 140.433 140.432 140.431 140.430 140.429 140.429 140.428 140.428 140.428 140.427 140.427 140.427 140.427 140.428 140.428 140.428 140.429 140.429 140.430 140.431 140.432 140.433 -9999.000
140.414 140.477 140.482 140.480 140.478 140.476 140.475 140.473 140.471 140.470 140.468 140.467 140.465 140.463 140.462 140.460 140.458 140.457 140.455 140.453 140.452 140.450 140.449 140.447 140.446 140.444 140.443 140.441 140.440 140.438 140.437 140.436 140.434 140.433 140.432 140.431 140.430 140.429 140.428 140.427 140.427 140.426 140.425 140.425 140.424 140.424 140.424 140.424 140.424 140.424 140.424 140.424 140.424 140.425 140.425 140.426 140.427 140.428 140.429 140.430 140.431 -9999.000
140.431 140.472 140.472 140.471 140.469 140.468 140.466 140.465 140.463 140.462 140.460 140.459 140.457 140.455 140.454 140.452 140.451 140.449 140.447 140.446 140.444 140.443 140.441 140.440 140.439 140.437 140.436 140.434 140.433 140.432 140.431 140.430 140.428 140.427 140.426 140.425 140.425 140.424 140.423 140.422 140.422 140.421 140.421 140.420 140.420 140.420 140.420 140.420 140.420 140.420 140.420 140.421 140.421 140.422 140.422 140.423 140.424 140.425 140.426 140.428 -9999.000 -9999.000
140.461 140.467 140.464 140.463 140.461 140.460 140.458 140.457 140.455 140.454 140.452 140.450 140.449 140.447 140.446 140.444 140.443 140.441 140.440 140.439 140.437 140.436 140.434 140.433 140.432 140.430 140.429 140.428 140.427 140.426 140.424 140.423 140.422 140.422 140.421 140.420 140.419 140.418 140.418 140.417 140.417 140.416 140.416 140.416 140.416 140.416 140.416 140.416 140.416 140.416 140.417 140.417 140.418 140.419 140.419 140.420 140.421 140.422 140.423 -9999.000 -9999.000 -9999.000
140.456 140.457 140.456 140.454 140.453 140.451 140.450 140.448 140.447 140.445 140.444 140.442 140.441 140.440 140.438 140.437 140.435 140.434 140.432 140.431 140.430 140.428 140.427 140.426 140.425 140.423 140.422 140.421 140.420 140.419 140.418 140.417 140.416 140.416 140.415 140.414 140.414 140.413 140.413 140.412 140.412 140.412 140.411 140.411 140.411 140.411 140.412 140.412 140.412 140.413 140.413 140.414 140.415 140.415 140.416 140.417 140.419 140.420 140.422 -9999.000 -9999.000 -9999.000
140.451 140.449 140.447 140.446 140.444 140.443 140.442 140.440 140.439 140.437 140.436 140.434 140.433 140.432 140.430 140.429 140.428 140.426 140.425 140.424 140.422 140.421 140.420 140.419 140.418 140.417 140.416 140.415 140.414 140.413 140.412 140.411 140.411 140.410 140.409 140.409 140.408 140.408 140.407 140.407 140.407 140.407 140.407 140.407 140.407 140.407 140.408 140.408 140.408 140.409 140.410 140.410 140.411 140.412 140.413 140.415 140.416 140.417 -9999.000 -9999.000 -9999.000 -9999.000
140.441 140.440 140.439 140.438 140.436 140.435 140.433 140.432 140.431 140.429 140.428 140.427 140.425 140.424 140.423 140.421 140.420 140.419 140.418 140.416 140.415 140.414 140.413 140.412 140.411 140.410 140.409 140.408 140.407 140.407 140.406 140.405 140.405 140.404 140.404 140.403 140.403 140.403 140.402 140.402 140.402 140.402 140.402 140.402 140.403 140.403 140.403 140.404 140.405 140.405 140.406 140.407 140.408 140.409 140.410 140.412 140.413 140.415 -9999.000 -9999.000 -9999.000 -9999.000
140.433 140.432 140.430 140.429 140.428 140.427 140.425 140.424 140.423 140.421 140.420 140.419 140.417 140.416 140.415 140.414 140.412 140.411 140.410 140.409 140.408 140.407 140.406 140.405 140.404 140.403 140.402 140.402 140.401 140.400 140.400 140.399 140.399 140.398 140.398 140.398 140.397 140.397 140.397 140.397 140.397 140.397 140.398 140.398 140.398 140.399 140.399 140.400 140.401 140.401 140.402 140.403 140.405 140.406 140.407 140.409 140.411 -9999.000 -9999.000 -9999.000 -9999.000 -9999.000
140.425 140.423 140.422 140.421 140.420 140.418 140.417 140.416 140.414 140.413 140.412 140.411 140.409 140.408 140.407 140.406 140.405 140.404 140.403 140.402 140.401 140.400 140.399 140.398 140.397 140.396 140.396 140.395 140.394 140.394 140.393 140.393 140.393 140.392 140.392 140.392 140.392 140.392 140.392 140.392 140.392 140.393 140.393 140.393 140.394 140.395 140.395 140.396 140.397 140.398 140.399 140.400 140.401 140.403 140.404 140.405 -9999.000 -9999.000 -9999.000 -9999.000 -9999.000 -9999.000
140.416 140.415 140.414 140.413 140.411 140.410 140.409 140.408 140.406 140.405 140.404 140.403 140.402 140.400 140.399 140.398 140.397 140.396 140.395 140.394 140.393 140.393 140.392 140.391 140.390 140.390 140.389 140.388 140.388 140.388 140.387 140.387 140.387 140.387 140.386 140.386 140.387 140.387 140.387 140.387 140.387 140.388 140.388 140.389 140.390 140.390 140.391 140.392 140.393 140.394 140.395 140.396 140.398 140.399 140.401 140.403 -9999.000 -9999.000 -9999.000 -9999.000 -9999.000 -9999.000
140.408 140.407 140.406 140.404 140.403 140.402 140.401 140.399 140.398 140.397 140.396 140.395 140.394 140.393 140.392 140.391 140.390 140.389 140.388 140.387 140.386 140.385 140.385 140.384 140.383 140.383 140.382 140.382 140.382 140.381 140.381 140.381 140.381 140.381 140.381 140.381 140.381 140.381 140.382 140.382 140.383 140.383 140.384 140.385 140.385 140.386 140.387 140.388 140.389 140.390 140.392 140.393 140.394 140.396 140.399 -9999.000 -9999.000 -9999.000 -9999.000 -9999.000 -9999.000 -9999.000
140.400 140.399 140.397 140.396 140.395 140.394 140.393 140.391 140.390 140.389 140.388 140.387 140.386 140.385 140.384 140.383 140.382 140.381 140.380 140.380 140.379 140.378 140.378 140.377 140.377 140.376 140.376 140.375 140.375 140.375 140.375 140.375 140.375 140.375 140.375 140.375 140.376 140.376 140.377 140.377 140.378 140.378 140.379 140.380 140.381 140.382 140.383 140.384 140.385 140.387 140.388 140.389 140.390 140.391 -9999.000 -9999.000 -9999.000 -9999.000 -9999.000 -9999.000 -9999.000 -9999.000
140.392 140.390 140.389 140.388 140.387 140.386 140.384 140.383 140.382 140.381 140.380 140.379 140.378 140.377 140.376 140.375 140.374 140.374 140.373 140.372 140.372 140.371 140.371 140.370 140.370 140.369 140.369 140.369 140.369 140.369 140.369 140.369 140.369 140.369 140.369 140.370 140.370 140.371 140.371 140.372 140.373 140.374 140.375 140.376 140.377 140.378 140.379 140.380 140.382 140.383 140.384 140.386 140.387 140.388 -9999.000 -9999.000 -9999.000 -9999.000 -9999.000 -9999.000 -9999.000 -9999.000
140.383 140.382 140.381 140.380 140.379 140.377 140.376 140.375 140.374 140.373 140.372 140.371 140.370 140.369 140.368 140.368 140.367 140.366 140.366 140.365 140.364 140.364 140.364 140.363 140.363 140.363 140.362 140.362 140.362 140.362 140.363 140.363 140.363 140.363 140.364 140.364 140.365 140.366 140.366 140.367 140.368 140.369 140.370 140.371 140.372 140.374 140.375 140.376 140.378 140.379 140.381 140.382 140.384 140.386 -9999.000 -9999.000 -9999.000 -9999.000 -9999.000 -9999.000 -9999.000 -9999.000
140.375 140.374 140.373 140.371 140.370 140.369 140.368 140.367 140.366 140.365 140.364 140.363 140.362 140.361 140.361 140.360 140.359 140.359 140.358 140.358 140.357 140.357 140.356 140.356 140.356 140.356 140.356 140.356 140.356 140.356 140.356 140.357 140.357 140.358 140.358 140.359 140.359 140.360 140.361 140.362 140.363 140.364 140.366 140.367 140.368 140.370 140.371 140.373 140.374 140.376 140.378 140.379 140.380 -9999.000 -9999.000 -9999.000 -9999.000 -9999.000 -9999.000 -9999.000 -9999.000 -9999.000
140.367 140.366 140.364 140.363 140.362 140.361 140.360 140.359 140.358 140.357 140.356 140.355 140.354 140.354 140.353 140.352 140.352 140.351 140.351 140.350 140.350 140.350 140.349 140.349 140.349 140.349 140.349 140.349 140.349 140.350 140.350 140.351 140.351 140.352 140.352 140.353 140.354 140.355 140.356 140.357 140.358 140.360 140.361 140.362 140.364 140.366 140.367 140.369 140.371 140.372 140.374 140.376 140.378 -9999.000 -9999.000 -9999.000 -9999.000 -9999.000 -9999.000 -9999.000 -9999.000 -9999.000
140.358 140.357 140.356 140.355 140.354 140.353 140.352 140.351 140.350 140.349 140.348 140.347 140.347 140.346 140.345 140.345 140.344 140.344 140.343 140.343 140.343 140.342 140.342 140.342 140.342 140.342 140.342 140.343 140.343 140.343 140.344 140.344 140.345 140.346 140.347 140.348 140.349 140.350 140.351 140.352 140.353 140.355 140.356 140.358 140.360 140.362 140.363 140.365 140.367 140.369 140.371 140.374 -9999.000 -9999.000 -9999.000 -9999.000 -9999.000 -9999.000 -9999.000 -9999.000 -9999.000 -9999.000
140.350 140.349 140.348 140.347 140.346 140.345 140.344 140.343 140.342 140.341 140.340 140.339 140.339 140.338 140.337 140.337 140.337 140.336 140.336 140.336 140.335 140.335 140.335 140.335 140.335 140.336 140.336 140.336 140.337 140.337 140.338 140.338 140.339 140.340 140.341 140.342 140.343 140.344 140.346 140.347 140.349 140.350 140.352 140.354 140.356 140.358 140.359 140.361 140.363 140.365 140.367 -9999.000 -9999.000 -9999.000 -9999.000 -9999.000 -9999.000 -9999.000 -9999.000 -9999.000 -9999.000 -9999.000
140.342 140.341 140.339 140.338 140.337 140.336 140.335 140.334 140.334 140.333 140.332 140.331 140.331 140.330 140.330 140.329 140.329 140.329 140.328 140.328 140.328 140.328 140.328 140.328 140.328 140.329 140.329 140.330 140.330 140.331 140.331 140.332 140.333 140.334 140.335 140.336 140.338 140.339 140.340 140.342 140.344 140.345 140.347 140.349 140.351 140.354 140.356 140.358 140.360 140.362 140.365 -9999.000 -9999.000 -9999.000 -9999.000 -9999.000 -9999.000 -9999.000 -9999.000 -9999.000 -9999.000 -9999.000
140.333 140.332 140.331 140.330 140.329 140.328 140.327 140.326 140.326 140.325 140.324 140.323 140.323 140.322 140.322 140.322 140.321 140.321 140.321 140.321 140.321 140.321 140.321 140.321 140.322 140.322 140.322 140.323 140.324 140.324 140.325 140.326 140.327 140.328 140.329 140.331 140.332 140.334 140.335 140.337 140.339 140.341 140.343 140.345 140.347 140.350 140.352 140.354 140.357 140.360 -9999.000 -9999.000 -9999.000 -9999.000 -9999.000 -9999.000 -9999.000 -9999.000 -9999.000 -9999.000 -9999.000 -9999.000
140.325 140.324 140.323 140.322 140.321 140.320 140.319 140.318 140.317 140.317 140.316 140.315 140.315 140.314 140.314 140.314 140.314 140.313 140.313 140.313 140.313 140.314 140.314 140.314 140.315 140.315 140.316 140.316 140.317 140.318 140.319 140.320 140.321 140.322 140.324 140.325 140.327 140.328 140.330 140.332 140.334 140.336 140.338 140.341 140.343 140.346 140.348 140.351 140.353 -9999.000 -9999.000 -9999.000 -9999.000 -9999.000 -9999.000 -9999.000 -9999.000 -9999.000 -9999.000 -9999.000 -9999.000 -9999.000
140.316 140.315 140.314 140.313 140.312 140.312 140.311 140.310 140.309 140.309 140.308 140.307 140.307 140.307 140.306 140.306 140.306 140.306 140.306 140.306 140.306 140.306 140.307 140.307 140.308 140.308 140.309 140.310 140.310 140.311 140.313 140.314 140.315 140.316 140.318 140.319 140.321 140.323 140.325 140.327 140.329 140.331 140.334 140.336 140.339 140.342 140.345 140.349 140.351 -9999.000 -9999.000 -9999.000 -9999.000 -9999.000 -9999.000 -9999.000 -9999.000 -9999.000 -9999.000 -9999.000 -9999.000 -9999.000
140.308 140.307 140.306 140.305 140.304 140.303 140.302 140.302 140.301 140.300 140.300 140.299 140.299 140.299 140.298 140.298 140.298 140.298 140.298 140.298 140.299 140.299 140.299 140.300 140.301 140.301 140.302 140.303 140.304 140.305 140.306 140.307 140.309 140.310 140.312 140.314 140.315 140.317 140.319 140.322 140.324 140.326 140.329 140.332 140.334 140.337 140.341 -9999.000 -9999.000 -9999.000 -9999.000 -9999.000 -9999.000 -9999.000 -9999.000 -9999.000 -9999.000 -9999.000 -9999.000 -9999.000 -9999.000 -9999.000
140.300 140.299 140.298 140.297 140.296 140.295 140.294 140.293 140.293 140.292 140.292 140.291 140.291 140.291 140.291 140.290 140.290 140.290 140.291 140.291 140.291 140.292 140.292 140.293 140.294 140.294 140.295 140.296 140.297 140.298 140.300 140.301 140.303 140.304 140.306 140.308 140.310 140.312 140.314 140.316 140.319 140.322 140.324 140.327 140.330 140.332 -9999.000 -9999.000 -9999.000 -9999.000 -9999.000 -9999.000 -9999.000 -9999.000 -9999.000 -9999.000 -9999.000 -9999.000 -9999.000 -9999.000 -9999.000 -9999.000
