LISFLOOD/results/run12.totaltm
ncols         413
nrows         307
xllcorner     341179.518085
yllcorner     4516729.658735
cellsize      10.000000
NODATA_value  -9999.000000
[rows 99 to 131 of 307, columns 150 to 224 of 413]
0.000 0.000 0.000 0.000 0.000 0.000 0.000 0.000 0.000 0.000 0.000 0.000 0.000 0.000 0.000 0.000 0.000 0.000 0.000 0.000 0.000 0.000 0.000 0.000 0.000 0.000 0.000 0.000 0.000 0.000 0.000 0.000 0.000 0.000 0.000 0.000 0.000 0.000 0.000 0.000 0.000 0.897 2.450 3.639 4.962 6.167 6.402 6.918 7.197 7.312 7.389 7.472 7.846 7.691 7.166 6.973 7.275 8.009 8.986 9.938 9.999 10.246 10.403 10.373 10.257 10.584 11.021 11.084 12.635 15.383 16.612 18.295 19.064 19.094 19.113
0.000 0.000 0.000 0.000 0.000 0.000 0.000 0.000 0.000 0.000 0.000 0.000 0.000 0.000 0.000 0.000 0.000 0.000 0.000 0.000 0.000 0.000 0.000 0.000 0.000 0.000 0.000 0.000 0.000 0.000 0.000 0.000 0.000 0.000 0.000 0.000 0.000 0.000 0.000 0.000 0.000 2.104 3.395 4.038 5.268 6.204 6.658 6.897 7.114 7.219 7.302 7.412 7.803 7.691 7.587 7.724 7.813 8.636 9.849 10.106 10.142 10.218 10.324 10.222 10.214 10.831 10.952 11.161 13.982 15.708 16.859 18.765 19.047 19.071 19.084
0.000 0.000 0.000 0.000 0.000 0.000 0.000 0.000 0.000 0.000 0.000 0.000 0.000 0.000 0.000 0.000 0.000 0.000 0.000 0.000 0.000 0.000 0.000 0.000 0.000 0.000 0.000 0.000 0.000 0.000 0.000 0.000 0.000 0.000 0.000 0.000 0.000 0.000 0.000 0.000 1.747 3.903 4.577 5.036 5.868 6.441 6.721 6.799 7.038 7.172 7.199 7.466 8.803 8.867 8.839 9.117 9.382 9.598 9.971 10.007 9.985 10.132 10.197 9.972 10.345 10.769 10.726 11.815 14.754 15.991 17.482 18.978 19.025 19.046 19.054
0.000 0.000 0.000 0.000 0.000 0.000 0.000 0.000 0.000 0.000 0.000 0.000 0.000 0.000 0.000 0.000 0.000 0.000 0.000 0.000 0.000 0.000 0.000 0.000 0.000 0.000 0.000 0.000 0.000 0.000 0.000 0.000 0.000 0.000 0.000 0.000 0.000 0.000 0.000 0.000 3.253 5.212 5.519 5.929 6.398 6.655 6.728 6.777 6.923 7.072 7.161 7.817 8.867 9.164 9.237 9.417 9.692 9.820 9.926 9.863 9.952 10.075 10.062 9.985 10.583 10.643 10.644 12.736 15.223 16.389 18.419 18.974 19.001 19.015 19.023
0.000 0.000 0.000 0.000 0.000 0.000 0.000 0.000 0.000 0.000 0.000 0.000 0.000 0.000 0.000 0.000 0.000 0.000 0.000 0.000 0.000 0.000 0.000 0.000 0.000 0.000 0.000 0.000 0.000 0.000 0.000 0.000 0.000 0.000 0.000 0.000 0.000 0.000 0.000 0.000 3.654 5.616 6.129 6.373 6.564 6.719 6.767 6.812 6.871 6.971 7.278 8.337 8.707 8.932 9.051 9.308 9.598 9.781 9.747 9.599 9.843 9.943 9.949 10.144 10.427 10.219 10.809 13.772 15.586 17.066 18.901 18.951 18.975 18.984 18.988
0.000 0.000 0.000 0.000 0.000 0.000 0.000 0.000 0.000 0.000 0.000 0.000 0.000 0.000 0.000 0.000 0.000 0.000 0.000 0.000 0.000 0.000 0.000 0.000 0.000 0.000 0.000 0.000 0.000 0.000 0.000 0.000 0.000 0.000 0.000 0.000 0.000 0.000 0.000 0.000 4.171 5.549 6.233 6.394 6.554 6.706 6.767 6.812 6.865 7.018 7.268 8.121 8.695 8.849 8.896 9.085 9.570 9.738 9.521 9.497 9.773 9.765 9.834 10.097 9.982 9.958 11.582 14.473 15.944 17.806 18.896 18.925 18.944 18.952 18.909
0.000 0.000 0.000 0.000 0.000 0.000 0.000 0.000 0.000 0.000 0.000 0.000 0.000 0.000 0.000 0.000 0.000 0.000 0.000 0.000 0.000 0.000 0.000 0.000 0.000 0.000 0.000 0.000 0.000 0.000 0.000 0.000 0.000 0.000 0.000 0.000 0.000 0.000 0.000 1.451 4.502 5.429 6.144 6.181 6.335 6.527 6.708 6.829 6.891 6.954 6.928 6.993 7.440 8.338 8.608 8.877 9.599 9.700 9.648 9.634 9.708 9.602 9.892 9.978 9.628 10.052 12.747 15.082 16.508 18.526 18.874 18.898 18.912 18.918 18.484
0.000 0.000 0.000 0.000 0.000 0.000 0.000 0.000 0.000 0.000 0.000 0.000 0.000 0.000 0.000 0.000 0.000 0.000 0.000 0.000 0.000 0.000 0.000 0.000 0.000 0.000 0.000 0.000 0.000 0.000 0.000 0.000 0.000 0.000 0.000 0.000 0.000 0.000 0.671 2.829 4.718 5.392 6.023 6.117 6.146 6.318 6.483 6.782 6.830 6.476 5.478 4.997 6.265 7.565 8.372 9.121 9.557 9.437 9.556 9.730 9.767 9.796 9.854 9.780 9.701 11.061 13.938 15.594 17.221 18.789 18.848 18.867 18.878 18.882 17.603
0.000 0.000 0.000 0.000 0.000 0.000 0.000 0.000 0.000 0.000 0.000 0.000 0.000 0.000 0.000 0.000 0.000 0.000 0.000 0.000 0.000 0.000 0.000 0.000 0.000 0.000 0.000 0.000 0.000 0.000 0.000 0.000 0.000 0.000 0.000 0.000 0.000 0.000 1.570 3.397 4.699 5.268 5.667 6.074 6.263 6.328 6.519 6.735 6.346 4.778 3.259 2.791 4.283 6.953 8.380 9.398 9.443 9.184 9.219 9.504 9.656 9.748 9.701 9.131 9.829 12.397 14.731 16.039 17.891 18.791 18.821 18.833 18.844 18.834 16.396
0.000 0.000 0.000 0.000 0.000 0.000 0.000 0.000 0.000 0.000 0.000 0.000 0.000 0.000 0.000 0.000 0.000 0.000 0.000 0.000 0.000 0.000 0.000 0.000 0.000 0.000 0.000 0.000 0.000 0.000 0.000 0.000 0.000 0.000 0.000 0.000 0.000 0.000 1.436 3.371 4.483 4.627 4.746 5.508 6.202 6.384 6.607 6.656 4.943 2.910 2.056 2.534 4.716 7.095 8.931 9.359 9.231 8.978 8.971 9.033 9.225 9.628 9.278 9.146 10.723 13.623 15.202 16.631 18.606 18.765 18.792 18.799 18.806 18.382 15.233
0.000 0.000 0.000 0.000 0.000 0.000 0.000 0.000 0.000 0.000 0.000 0.000 0.000 0.000 0.000 0.000 0.000 0.000 0.000 0.000 0.000 0.000 0.000 0.000 0.000 0.000 0.000 0.000 0.000 0.000 0.000 0.000 0.000 0.000 0.000 0.000 0.000 0.000 1.392 3.274 4.392 4.281 4.122 4.482 5.901 6.352 6.563 6.291 4.314 2.758 2.042 3.189 6.107 7.803 9.043 9.222 9.014 8.903 8.902 8.902 9.388 9.552 9.064 9.494 12.188 14.446 15.499 17.370 18.694 18.738 18.759 18.765 18.767 17.106 14.223
0.000 0.000 0.000 0.000 0.000 0.000 0.000 0.000 0.000 0.000 0.000 0.000 0.000 0.000 0.000 0.000 0.000 0.000 0.000 0.000 0.000 0.000 0.000 0.000 0.000 0.000 0.000 0.000 0.000 0.000 0.000 0.000 0.000 0.000 0.000 0.000 0.000 0.340 1.843 3.526 4.331 4.237 4.133 4.373 5.832 6.398 6.513 5.837 4.617 4.154 3.447 4.236 6.982 8.379 8.868 8.977 8.959 8.913 9.087 9.150 9.344 9.263 8.926 10.518 13.364 14.891 15.843 18.048 18.680 18.710 18.722 18.730 18.675 16.002 13.538
0.000 0.000 0.000 0.000 0.000 0.000 0.000 0.000 0.000 0.000 0.000 0.000 0.000 0.000 0.000 0.000 0.000 0.000 0.000 0.000 0.000 0.000 0.000 0.000 0.000 0.000 0.000 0.000 0.000 0.000 0.000 0.000 0.000 0.000 0.000 0.000 0.711 1.554 2.813 4.064 4.918 5.131 5.127 5.200 5.936 6.379 6.411 5.744 5.243 5.536 5.542 5.831 7.603 8.302 8.785 8.881 8.902 8.884 9.206 9.258 9.296 9.145 9.141 11.713 14.099 15.132 16.436 18.557 18.654 18.678 18.687 18.692 18.323 15.426 13.513
0.000 0.000 0.000 0.000 0.000 0.000 0.000 0.000 0.000 0.000 0.000 0.000 0.000 0.000 0.000 0.000 0.000 0.000 0.000 0.000 0.000 0.000 0.000 0.000 0.000 0.000 0.000 0.000 0.000 0.000 0.000 0.000 0.000 0.000 0.193 1.101 2.439 3.257 3.386 4.054 4.862 5.356 5.719 5.956 6.245 6.342 6.211 5.633 5.541 6.397 6.476 6.852 7.559 7.951 8.672 8.787 8.844 8.787 8.941 9.219 9.253 9.187 10.372 12.786 14.481 15.280 17.139 18.593 18.625 18.643 18.652 18.634 17.818 15.100 13.609
0.000 0.000 0.000 0.000 0.000 0.000 0.000 0.000 0.000 0.000 0.000 0.000 0.000 0.000 0.000 0.000 0.000 0.000 0.000 0.000 0.000 0.000 0.000 0.000 0.000 0.000 0.000 0.000 0.000 0.000 0.000 0.000 0.000 0.000 0.652 1.789 3.047 3.373 3.448 3.632 3.926 4.121 5.108 6.114 6.253 6.286 6.154 5.859 6.022 6.424 6.476 6.534 7.006 7.877 8.451 8.680 8.763 8.609 8.626 9.130 9.206 9.698 11.367 13.563 14.759 15.581 17.731 18.567 18.595 18.607 18.615 18.578 17.515 14.988 13.962
0.000 0.000 0.000 0.000 0.000 0.000 0.000 0.000 0.000 0.000 0.000 0.000 0.000 0.000 0.000 0.000 0.000 0.000 0.000 0.000 0.000 0.000 0.000 0.000 0.000 0.000 0.000 0.000 0.000 0.000 0.000 0.000 0.000 0.120 1.349 2.425 3.091 3.261 3.338 3.436 3.536 3.649 4.913 6.119 6.191 6.088 6.006 5.961 6.109 6.332 6.402 6.228 6.752 7.823 8.378 8.637 8.680 8.502 8.574 9.084 9.391 10.249 12.002 13.914 14.962 16.158 18.369 18.537 18.561 18.571 18.574 18.533 17.376 15.321 15.306
0.000 0.000 0.000 0.000 0.000 0.000 0.000 0.000 0.000 0.000 0.000 0.000 0.000 0.000 0.000 0.000 0.000 0.000 0.000 0.000 0.000 0.000 0.000 0.000 0.000 0.000 0.000 0.000 0.000 0.000 0.000 0.000 0.000 0.995 1.966 2.761 3.025 3.176 3.244 3.416 3.876 4.417 5.655 6.083 6.028 5.179 5.254 5.839 5.997 6.354 6.531 6.601 6.709 7.564 8.103 8.452 8.457 8.309 8.516 9.117 9.658 10.734 12.526 14.136 15.227 17.044 18.464 18.507 18.523 18.531 18.534 18.491 17.208 16.786 16.628
0.000 0.000 0.000 0.000 0.000 0.000 0.000 0.000 0.000 0.000 0.000 0.000 0.000 0.000 0.000 0.000 0.000 0.000 0.000 0.000 0.000 0.000 0.000 0.000 0.000 0.000 0.000 0.000 0.000 0.000 0.000 0.000 1.387 1.616 2.081 2.736 2.927 3.094 3.636 4.694 5.412 5.263 5.712 6.010 5.107 3.524 4.389 5.461 5.658 6.102 6.105 6.393 6.973 7.414 7.741 8.083 8.181 7.948 8.352 9.121 9.911 11.364 13.096 14.321 15.531 18.072 18.441 18.475 18.486 18.489 18.491 18.418 16.915 16.909 16.869
0.000 0.000 0.000 0.000 0.000 0.000 0.000 0.000 0.000 0.000 0.000 0.000 0.000 0.000 0.000 0.000 0.000 0.000 0.000 0.000 0.000 0.000 0.000 0.000 0.000 0.000 0.000 0.000 0.000 0.000 0.000 1.523 1.907 1.728 2.019 2.623 2.819 3.528 4.875 5.370 5.557 5.635 5.853 5.908 4.172 3.390 4.245 5.089 5.599 5.644 4.161 4.951 6.812 7.356 7.665 7.882 8.061 8.011 8.406 9.175 10.272 12.188 13.711 14.499 15.876 18.343 18.410 18.436 18.444 18.444 18.446 18.130 16.936 16.960 16.995
0.000 0.000 0.000 0.000 0.000 0.000 0.000 0.000 0.000 0.000 0.000 0.000 0.000 0.000 0.000 0.000 0.000 0.000 0.000 0.000 0.000 0.000 0.000 0.000 0.000 0.000 0.000 0.000 0.000 0.000 0.517 2.343 2.189 1.915 2.053 2.596 2.773 3.633 4.815 4.922 5.249 5.651 5.794 5.720 5.176 4.318 4.157 4.930 5.553 5.553 4.263 4.854 6.755 6.972 7.595 7.739 7.755 7.944 8.444 9.173 10.476 12.843 14.256 14.771 16.332 18.331 18.377 18.393 18.401 18.402 18.400 17.493 16.841 16.889 16.957
0.000 0.000 0.000 0.000 0.000 0.000 0.000 0.000 0.000 0.000 0.000 0.000 0.000 0.000 0.000 0.000 0.000 0.000 0.000 0.000 0.000 0.000 0.000 0.000 0.000 0.000 0.000 0.000 0.000 0.000 2.330 2.608 2.549 2.369 2.410 2.667 3.224 3.707 3.893 3.919 4.182 5.473 5.584 4.987 5.089 5.016 4.781 4.993 5.499 5.701 6.347 6.434 6.821 6.902 7.527 7.559 7.663 7.871 8.371 9.355 10.903 13.507 14.580 15.192 16.981 18.306 18.339 18.348 18.357 18.357 18.341 17.100 16.797 16.858 16.904
0.000 0.000 0.000 0.000 0.000 0.000 0.000 0.000 0.000 0.000 0.000 0.000 0.000 0.000 0.000 0.000 0.000 0.000 0.000 0.000 0.000 0.000 0.000 0.000 0.000 0.000 0.000 0.000 0.000 0.307 2.576 2.708 2.733 2.688 2.707 2.857 3.606 3.740 3.781 3.649 3.961 5.368 5.379 5.234 5.137 5.117 5.300 5.514 5.659 6.090 6.512 6.709 6.925 6.997 7.441 7.473 7.587 7.819 8.457 10.213 11.883 14.078 14.878 15.801 17.772 18.271 18.297 18.306 18.311 18.313 18.290 17.145 16.701 16.799 15.909
0.000 0.000 0.000 0.000 0.000 0.000 0.000 0.000 0.000 0.000 0.000 0.000 0.000 0.000 0.000 0.000 0.000 0.000 0.000 0.000 0.000 0.000 0.000 0.000 0.000 0.000 0.000 0.000 0.000 0.029 2.450 2.762 2.817 2.861 2.892 3.105 3.554 3.526 3.633 3.616 3.941 5.064 5.287 5.247 5.199 5.218 5.343 5.712 6.248 6.359 6.522 6.706 6.849 6.969 7.355 7.405 7.522 7.870 8.805 11.163 12.529 14.219 15.356 16.700 18.168 18.237 18.253 18.261 18.266 18.268 18.204 17.179 17.184 17.131 16.107
0.000 0.000 0.000 0.000 0.000 0.000 0.000 0.000 0.000 0.000 0.000 0.000 0.000 0.000 0.000 0.000 0.000 0.000 0.000 0.000 0.000 0.000 0.000 0.000 0.000 0.000 0.000 0.000 0.000 0.000 1.657 2.479 2.853 3.014 3.077 3.302 3.480 3.190 2.960 3.274 3.784 4.684 5.134 5.181 5.182 5.229 5.582 5.931 6.477 6.531 6.644 6.761 6.866 6.997 7.298 7.368 7.501 7.857 9.471 11.803 12.787 14.251 15.922 17.758 18.163 18.202 18.208 18.216 18.221 18.219 18.123 17.199 17.217 17.238 17.391
0.000 0.000 0.000 0.000 0.000 0.000 0.000 0.000 0.000 0.000 0.000 0.000 0.000 0.000 0.000 0.000 0.000 0.000 0.000 0.000 0.000 0.000 0.000 0.000 0.000 0.000 0.000 0.000 0.000 0.000 0.000 0.916 2.528 3.029 3.148 3.307 3.373 2.957 2.545 2.765 3.455 4.486 4.991 5.001 5.089 5.572 5.791 6.317 6.451 6.486 6.641 6.743 6.819 7.042 7.244 7.269 7.389 8.295 10.824 12.274 12.906 14.411 16.478 18.069 18.131 18.162 18.167 18.168 18.172 18.172 17.864 17.194 17.179 17.348 17.376
0.000 0.000 0.000 0.000 0.000 0.000 0.000 0.000 0.000 0.000 0.000 0.000 0.000 0.000 0.000 0.000 0.000 0.000 0.000 0.000 0.000 0.000 0.000 0.000 0.000 0.000 0.000 0.000 0.000 0.000 0.000 0.000 1.758 2.477 2.886 3.007 2.743 2.064 2.142 2.418 3.262 4.442 4.747 4.726 5.014 5.521 5.463 6.221 6.359 5.697 5.749 6.338 6.713 7.051 7.198 7.176 8.023 10.347 11.985 12.456 13.067 14.803 17.117 18.056 18.093 18.116 18.124 18.123 18.127 18.122 17.264 17.232 17.253 17.336 13.336
0.000 0.000 0.000 0.000 0.000 0.000 0.000 0.000 0.000 0.000 0.000 0.000 0.000 0.000 0.000 0.000 0.000 0.000 0.000 0.000 0.000 0.000 0.000 0.000 0.000 0.000 0.000 0.000 0.000 0.000 0.000 0.000 0.508 1.056 1.488 1.736 1.846 1.887 1.929 2.079 3.129 4.681 4.958 5.083 5.292 5.560 5.566 6.171 6.323 5.531 4.391 5.162 6.854 7.879 8.238 8.493 10.013 12.108 12.681 12.923 13.658 15.462 17.834 18.021 18.054 18.071 18.076 18.077 18.078 18.005 17.186 17.201 17.237 14.683 8.855
0.000 0.000 0.000 0.000 0.000 0.000 0.000 0.000 0.000 0.000 0.000 0.000 0.000 0.000 0.000 0.000 0.000 0.000 0.000 0.000 0.000 0.000 0.000 0.000 0.000 0.000 0.000 0.000 0.000 0.000 0.001 0.878 1.138 1.448 1.606 1.752 1.863 1.858 1.785 5.081 5.466 5.567 5.663 5.696 5.717 5.954 6.160 6.271 6.296 4.840 2.406 3.108 6.409 7.969 8.536 8.873 9.893 11.299 12.311 13.386 14.724 16.181 17.909 17.986 18.011 18.023 18.031 17.979 17.454 17.088 17.097 17.121 17.060 11.703 0.000
0.000 0.000 0.000 0.000 0.000 0.000 0.000 0.000 0.000 0.000 0.000 0.000 0.000 0.000 0.000 0.000 0.000 0.000 0.000 0.000 0.000 0.000 0.000 0.000 0.000 0.000 0.000 0.000 0.381 1.116 1.308 1.372 1.398 1.422 1.397 1.276 1.270 1.251 1.361 2.899 4.916 5.164 5.206 5.173 3.987 5.142 5.721 5.776 5.632 3.158 1.984 3.288 5.333 6.532 6.643 6.591 6.807 7.365 8.417 10.868 15.242 16.789 17.883 17.952 17.966 17.978 17.916 17.043 16.988 17.016 17.097 17.128 16.288 6.575 0.000
0.000 0.000 0.000 0.000 0.000 0.000 0.000 0.000 0.000 0.000 0.000 0.000 0.000 0.000 0.000 0.000 0.000 0.000 0.000 0.000 0.000 0.000 0.000 0.000 0.000 0.000 0.162 0.946 1.052 1.078 0.825 0.726 0.686 0.398 0.121 0.682 0.991 1.277 1.391 1.503 2.116 2.742 4.246 4.968 4.496 5.014 5.229 5.154 4.868 3.340 3.244 5.540 6.181 6.258 5.643 5.947 6.734 6.866 6.636 9.789 15.572 16.923 17.855 17.917 17.925 17.932 17.363 17.026 16.961 17.033 17.168 17.193 16.634 0.802 0.000
0.000 0.000 0.000 0.000 0.000 0.000 0.000 0.000 0.000 0.000 0.000 0.000 0.000 0.000 0.000 0.000 0.000 0.000 0.000 0.000 0.000 0.000 0.000 0.000 0.000 0.616 0.737 0.767 0.000 0.000 0.000 0.000 0.000 0.000 0.000 0.587 1.174 1.606 1.536 1.732 2.607 3.237 4.304 4.929 4.895 5.089 5.170 5.076 4.960 4.966 5.066 5.971 6.169 6.208 5.823 6.183 8.000 8.751 9.533 13.375 16.498 16.893 17.813 17.882 17.883 17.873 17.079 17.102 17.150 17.185 17.208 17.242 16.987 1.169 0.000
0.000 0.000 0.000 0.000 0.000 0.000 0.000 0.000 0.000 0.000 0.000 0.000 0.000 0.000 0.000 0.000 0.000 0.000 0.000 0.000 0.000 0.000 0.072 0.351 0.551 0.578 0.000 0.000 0.000 0.000 0.000 0.000 0.000 0.000 0.000 0.927 1.517 2.203 2.868 3.406 3.820 4.108 4.866 4.920 4.969 5.053 5.111 5.047 5.017 5.228 5.284 5.624 5.882 5.937 5.164 5.974 8.401 9.373 11.805 15.707 17.427 17.491 17.801 17.836 17.785 17.366 16.847 17.016 17.159 17.203 17.229 17.264 17.300 17.323 17.357
0.000 0.000 0.000 0.000 0.000 0.000 0.000 0.000 0.000 0.000 0.000 0.000 0.000 0.000 0.000 0.000 0.000 0.000 0.000 0.000 0.000 0.000 0.214 0.322 0.078 0.000 0.000 0.000 0.000 0.000 0.000 0.000 0.000 0.000 0.432 1.277 1.349 1.949 3.088 3.922 4.424 4.701 4.873 4.922 4.961 5.004 5.029 5.008 5.302 5.352 5.298 5.357 5.765 5.795 4.444 6.251 8.611 10.046 13.718 16.788 17.698 17.732 17.761 17.392 16.522 15.827 14.647 14.336 14.402 13.548 10.389 0.991 0.967 5.351 15.311
