LISFLOOD/results/run10.mxe
ncols         413
nrows         307
xllcorner     341179.518085
yllcorner     4516729.658735
cellsize      10.000000
NODATA_value  -9999.000000
[rows 216 to 242 of 307, columns 248 to 309 of 413]
133.753 133.783 133.813 133.844 133.875 133.906 133.938 133.970 134.002 134.034 134.067 134.099 134.132 134.165 134.198 134.232 134.265 134.299 134.333 134.367 134.401 134.435 134.469 134.504 134.538 134.572 134.607 134.641 134.675 134.710 134.744 134.778 134.812 134.847 134.883 134.922 134.927 134.920 134.915 134.911 134.906 134.902 134.898 134.894 134.890 134.887 134.883 134.880 134.877 134.874 134.871 134.868 134.865 134.863 134.861 134.859 134.857 134.855 134.853 134.852 134.851 134.849
133.746 133.776 133.807 133.838 133.869 133.901 133.933 133.965 133.997 134.030 134.063 134.096 134.129 134.162 134.196 134.230 134.263 134.297 134.332 134.366 134.400 134.435 134.469 134.504 134.538 134.573 134.608 134.642 134.677 134.712 134.746 134.780 134.815 134.849 134.883 134.918 134.917 134.913 134.908 134.903 134.899 134.895 134.890 134.886 134.882 134.879 134.875 134.872 134.868 134.865 134.862 134.859 134.857 134.854 134.852 134.850 134.848 134.846 134.844 134.843 134.841 134.840
133.739 133.769 133.800 133.832 133.863 133.895 133.927 133.960 133.993 134.025 134.059 134.092 134.125 134.159 134.193 134.227 134.261 134.296 134.330 134.365 134.399 134.434 134.469 134.504 134.539 134.574 134.609 134.644 134.679 134.714 134.748 134.783 134.817 134.851 134.884 134.914 134.910 134.905 134.901 134.896 134.891 134.887 134.883 134.878 134.874 134.870 134.867 134.863 134.860 134.857 134.854 134.851 134.848 134.845 134.843 134.841 134.839 134.837 134.835 134.833 134.832 134.831
133.732 133.763 133.794 133.826 133.857 133.890 133.922 133.955 133.988 134.021 134.054 134.088 134.122 134.156 134.190 134.225 134.259 134.294 134.329 134.364 134.399 134.434 134.469 134.504 134.540 134.575 134.610 134.645 134.681 134.716 134.751 134.786 134.820 134.855 134.887 134.909 134.904 134.898 134.893 134.888 134.884 134.879 134.875 134.870 134.866 134.862 134.858 134.855 134.851 134.848 134.845 134.842 134.839 134.836 134.834 134.832 134.829 134.828 134.826 134.824 134.823 134.821
133.724 133.756 133.787 133.819 133.851 133.884 133.917 133.950 133.983 134.016 134.050 134.084 134.118 134.153 134.187 134.222 134.257 134.292 134.327 134.363 134.398 134.433 134.469 134.505 134.540 134.576 134.611 134.647 134.682 134.718 134.753 134.788 134.824 134.860 134.900 134.905 134.897 134.891 134.886 134.881 134.876 134.871 134.867 134.862 134.858 134.854 134.850 134.846 134.842 134.839 134.836 134.833 134.830 134.827 134.825 134.822 134.820 134.818 134.816 134.815 134.813 134.812
133.717 133.748 133.780 133.813 133.845 133.878 133.911 133.944 133.978 134.012 134.046 134.080 134.115 134.149 134.184 134.219 134.255 134.290 134.326 134.361 134.397 134.433 134.469 134.505 134.541 134.577 134.613 134.649 134.685 134.720 134.756 134.791 134.826 134.861 134.896 134.894 134.889 134.884 134.878 134.873 134.868 134.863 134.858 134.854 134.849 134.845 134.841 134.837 134.833 134.830 134.827 134.823 134.821 134.818 134.815 134.813 134.811 134.809 134.807 134.805 134.803 134.802
133.709 133.741 133.774 133.806 133.839 133.872 133.905 133.939 133.973 134.007 134.042 134.076 134.111 134.146 134.181 134.217 134.253 134.288 134.324 134.360 134.396 134.433 134.469 134.505 134.542 134.578 134.614 134.651 134.687 134.723 134.759 134.794 134.829 134.862 134.892 134.887 134.882 134.876 134.871 134.865 134.860 134.855 134.850 134.845 134.841 134.836 134.832 134.828 134.824 134.821 134.817 134.814 134.811 134.808 134.806 134.803 134.801 134.799 134.797 134.795 134.794 134.792
133.702 133.734 133.766 133.799 133.832 133.866 133.900 133.934 133.968 134.002 134.037 134.072 134.107 134.143 134.178 134.214 134.250 134.286 134.323 134.359 134.396 134.432 134.469 134.506 134.542 134.579 134.616 134.653 134.689 134.726 134.762 134.798 134.833 134.866 134.887 134.880 134.874 134.868 134.863 134.857 134.852 134.846 134.841 134.837 134.832 134.827 134.823 134.819 134.815 134.811 134.808 134.805 134.802 134.799 134.796 134.793 134.791 134.789 134.787 134.785 134.784 134.782
133.694 133.727 133.759 133.792 133.826 133.860 133.894 133.928 133.963 133.997 134.032 134.068 134.103 134.139 134.175 134.211 134.248 134.284 134.321 134.358 134.395 134.432 134.469 134.506 134.543 134.581 134.618 134.655 134.692 134.729 134.766 134.802 134.840 134.881 134.878 134.872 134.866 134.860 134.855 134.849 134.843 134.838 134.833 134.828 134.823 134.818 134.814 134.810 134.806 134.802 134.798 134.795 134.792 134.789 134.786 134.784 134.781 134.779 134.777 134.775 134.774 134.772
133.686 133.719 133.752 133.786 133.819 133.853 133.888 133.922 133.957 133.992 134.028 134.064 134.100 134.136 134.172 134.209 134.245 134.282 134.320 134.357 134.394 134.432 134.469 134.507 134.544 134.582 134.619 134.657 134.695 134.732 134.769 134.806 134.843 134.877 134.871 134.865 134.859 134.852 134.846 134.840 134.835 134.829 134.824 134.819 134.814 134.809 134.804 134.800 134.796 134.792 134.789 134.785 134.782 134.779 134.776 134.774 134.771 134.769 134.767 134.765 134.764 134.762
133.678 133.711 133.745 133.778 133.813 133.847 133.882 133.916 133.952 133.987 134.023 134.059 134.095 134.132 134.169 134.206 134.243 134.280 134.318 134.356 134.393 134.431 134.469 134.507 134.545 134.583 134.621 134.659 134.697 134.735 134.773 134.811 134.847 134.872 134.865 134.858 134.851 134.844 134.838 134.832 134.826 134.820 134.815 134.809 134.804 134.800 134.795 134.791 134.786 134.782 134.779 134.775 134.772 134.769 134.766 134.763 134.761 134.759 134.757 134.755 134.753 134.752
133.670 133.704 133.737 133.771 133.806 133.840 133.875 133.911 133.946 133.982 134.018 134.055 134.091 134.128 134.166 134.203 134.241 134.278 134.316 134.354 134.393 134.431 134.469 134.508 134.546 134.585 134.623 134.662 134.700 134.739 134.778 134.818 134.863 134.868 134.858 134.850 134.843 134.836 134.830 134.823 134.817 134.811 134.806 134.800 134.795 134.790 134.785 134.781 134.776 134.772 134.769 134.765 134.762 134.759 134.756 134.753 134.751 134.748 134.746 134.744 134.743 134.741
133.662 133.696 133.730 133.764 133.799 133.834 133.869 133.905 133.940 133.977 134.013 134.050 134.087 134.124 134.162 134.200 134.238 134.276 134.315 134.353 134.392 134.431 134.469 134.508 134.547 134.586 134.625 134.664 134.703 134.742 134.781 134.820 134.859 134.856 134.849 134.842 134.835 134.828 134.821 134.814 134.808 134.802 134.796 134.790 134.785 134.780 134.775 134.771 134.766 134.762 134.758 134.755 134.751 134.748 134.745 134.743 134.740 134.738 134.736 134.734 134.732 134.731
133.654 133.688 133.722 133.757 133.791 133.827 133.862 133.898 133.935 133.971 134.008 134.045 134.083 134.121 134.159 134.197 134.235 134.274 134.313 134.352 134.391 134.430 134.470 134.509 134.548 134.588 134.627 134.667 134.706 134.745 134.784 134.821 134.855 134.848 134.841 134.834 134.826 134.819 134.812 134.805 134.799 134.792 134.786 134.781 134.775 134.770 134.765 134.760 134.756 134.752 134.748 134.744 134.741 134.738 134.735 134.732 134.729 134.727 134.725 134.723 134.721 134.720
133.645 133.680 133.714 133.749 133.784 133.820 133.856 133.892 133.929 133.966 134.003 134.040 134.078 134.116 134.155 134.194 134.232 134.272 134.311 134.350 134.390 134.430 134.470 134.510 134.550 134.590 134.629 134.669 134.709 134.749 134.788 134.825 134.850 134.842 134.833 134.825 134.818 134.810 134.803 134.796 134.789 134.783 134.776 134.771 134.765 134.760 134.755 134.750 134.745 134.741 134.737 134.733 134.730 134.727 134.724 134.721 134.718 134.716 134.714 134.712 134.711 134.709
133.637 133.671 133.706 133.741 133.777 133.813 133.849 133.885 133.922 133.960 133.997 134.035 134.074 134.112 134.151 134.190 134.230 134.269 134.309 134.349 134.389 134.430 134.470 134.510 134.551 134.591 134.632 134.672 134.712 134.753 134.795 134.841 134.846 134.834 134.825 134.817 134.809 134.801 134.793 134.786 134.779 134.773 134.766 134.760 134.755 134.749 134.744 134.739 134.735 134.730 134.726 134.722 134.719 134.716 134.713 134.710 134.707 134.705 134.703 134.701 134.700 134.698
133.628 133.663 133.698 133.733 133.769 133.805 133.842 133.879 133.916 133.954 133.992 134.030 134.069 134.108 134.147 134.187 134.227 134.267 134.307 134.348 134.388 134.429 134.470 134.511 134.552 134.593 134.634 134.675 134.715 134.756 134.796 134.837 134.833 134.825 134.816 134.808 134.799 134.791 134.784 134.776 134.769 134.762 134.756 134.750 134.744 134.738 134.733 134.728 134.724 134.719 134.715 134.711 134.708 134.705 134.701 134.699 134.696 134.694 134.692 134.690 134.688 134.687
133.619 133.654 133.689 133.725 133.761 133.798 133.835 133.872 133.910 133.948 133.986 134.025 134.064 134.103 134.143 134.183 134.224 134.264 134.305 134.346 134.387 134.429 134.470 134.512 134.553 134.595 134.636 134.678 134.719 134.759 134.797 134.833 134.825 134.816 134.807 134.798 134.790 134.782 134.774 134.766 134.759 134.752 134.745 134.739 134.733 134.727 134.722 134.717 134.712 134.708 134.704 134.700 134.696 134.693 134.690 134.687 134.685 134.682 134.680 134.679 134.677 134.676
133.610 133.645 133.681 133.717 133.753 133.790 133.827 133.865 133.903 133.941 133.980 134.019 134.059 134.098 134.139 134.179 134.220 134.261 134.303 134.345 134.386 134.428 134.471 134.513 134.555 134.597 134.639 134.681 134.722 134.764 134.802 134.828 134.818 134.808 134.798 134.789 134.780 134.772 134.763 134.756 134.748 134.741 134.734 134.728 134.722 134.716 134.711 134.706 134.701 134.696 134.692 134.688 134.685 134.682 134.679 134.676 134.673 134.671 134.669 134.667 134.665 134.664
133.601 133.636 133.672 133.708 133.745 133.782 133.820 133.857 133.896 133.935 133.974 134.013 134.053 134.094 134.134 134.175 134.217 134.259 134.301 134.343 134.385 134.428 134.471 134.514 134.556 134.599 134.642 134.684 134.727 134.771 134.819 134.824 134.810 134.799 134.789 134.779 134.770 134.761 134.753 134.745 134.737 134.730 134.723 134.716 134.710 134.704 134.699 134.694 134.689 134.685 134.680 134.677 134.673 134.670 134.667 134.664 134.661 134.659 134.657 134.655 134.654 134.653
133.591 133.627 133.663 133.700 133.737 133.774 133.812 133.850 133.889 133.928 133.967 134.007 134.047 134.088 134.130 134.171 134.213 134.255 134.298 134.341 134.384 134.428 134.471 134.515 134.558 134.602 134.645 134.688 134.730 134.773 134.815 134.810 134.800 134.789 134.779 134.769 134.759 134.750 134.742 134.734 134.726 134.718 134.711 134.705 134.698 134.693 134.687 134.682 134.677 134.673 134.668 134.665 134.661 134.658 134.655 134.652 134.650 134.647 134.645 134.644 134.642 134.641
133.582 133.618 133.654 133.691 133.728 133.766 133.804 133.842 133.881 133.920 133.960 134.001 134.042 134.083 134.125 134.167 134.209 134.252 134.295 134.339 134.383 134.427 134.471 134.516 134.560 134.604 134.648 134.692 134.734 134.774 134.811 134.801 134.790 134.779 134.768 134.758 134.749 134.739 134.730 134.722 134.714 134.706 134.699 134.693 134.686 134.680 134.675 134.670 134.665 134.660 134.656 134.652 134.649 134.645 134.643 134.640 134.637 134.635 134.633 134.632 134.630 134.629
133.572 133.608 133.645 133.682 133.719 133.757 133.795 133.834 133.873 133.913 133.953 133.994 134.035 134.077 134.119 134.162 134.205 134.249 134.293 134.337 134.382 134.426 134.472 134.517 134.562 134.607 134.652 134.696 134.740 134.780 134.806 134.792 134.780 134.769 134.758 134.747 134.737 134.728 134.719 134.710 134.702 134.694 134.687 134.680 134.674 134.668 134.662 134.657 134.652 134.648 134.644 134.640 134.636 134.633 134.630 134.627 134.625 134.623 134.621 134.619 134.618 134.617
133.562 133.598 133.635 133.672 133.710 133.748 133.787 133.826 133.865 133.905 133.946 133.987 134.029 134.071 134.114 134.157 134.201 134.245 134.289 134.334 134.380 134.426 134.472 134.518 134.564 134.610 134.656 134.702 134.749 134.800 134.793 134.782 134.770 134.758 134.747 134.736 134.725 134.716 134.706 134.698 134.689 134.681 134.674 134.667 134.661 134.655 134.649 134.644 134.639 134.635 134.631 134.627 134.624 134.620 134.617 134.615 134.613 134.610 134.609 134.607 134.606 134.605
133.552 133.588 133.625 133.663 133.700 133.739 133.778 133.817 133.857 133.897 133.938 133.980 134.022 134.064 134.107 134.151 134.196 134.241 134.286 134.332 134.378 134.425 134.472 134.519 134.566 134.614 134.661 134.708 134.753 134.796 134.784 134.772 134.759 134.747 134.735 134.724 134.713 134.703 134.694 134.685 134.676 134.668 134.661 134.654 134.648 134.642 134.636 134.631 134.626 134.622 134.618 134.614 134.611 134.607 134.605 134.602 134.600 134.598 134.596 134.595 134.593 134.592
133.542 133.578 133.615 133.653 133.691 133.729 133.768 133.808 133.848 133.889 133.930 133.972 134.014 134.057 134.101 134.145 134.190 134.236 134.282 134.329 134.376 134.424 134.472 134.520 134.569 134.617 134.666 134.714 134.760 134.791 134.776 134.762 134.748 134.735 134.723 134.711 134.700 134.690 134.680 134.671 134.663 134.655 134.647 134.640 134.634 134.628 134.623 134.617 134.613 134.608 134.604 134.601 134.597 134.594 134.592 134.589 134.587 134.585 134.583 134.582 134.581 134.580
133.531 133.568 133.605 133.643 133.681 133.719 133.759 133.798 133.839 133.880 133.921 133.963 134.006 134.050 134.094 134.139 134.185 134.231 134.278 134.325 134.374 134.422 134.471 134.521 134.571 134.621 134.671 134.724 134.782 134.787 134.767 134.751 134.737 134.723 134.710 134.698 134.687 134.676 134.667 134.657 134.649 134.641 134.633 134.626 134.620 134.614 134.609 134.604 134.599 134.595 134.591 134.587 134.584 134.581 134.578 134.576 134.574 134.572 134.570 134.569 134.568 134.567
