LISFLOOD/results/run11.inittm
ncols         413
nrows         307
xllcorner     341179.518085
yllcorner     4516729.658735
cellsize      10.000000
NODATA_value  -9999.000000
[rows 0 to 28 of 307, columns 260 to 324 of 413]
-9999.000 -9999.000 -9999.000 -9999.000 -9999.000 -9999.000 -9999.000 -9999.000 -9999.000 -9999.000 -9999.000 -9999.000 -9999.000 -9999.000 -9999.000 -9999.000 -9999.000 -9999.000 -9999.000 -9999.000 -9999.000 -9999.000 -9999.000 -9999.000 -9999.000 -9999.000 -9999.000 -9999.000 -9999.000 -9999.000 -9999.000 -9999.000 -9999.000 -9999.000 -9999.000 -9999.000 -9999.000 -9999.000 -9999.000 -9999.000 -9999.000 -9999.000 -9999.000 -9999.000 -9999.000 -9999.000 -9999.000 -9999.000 -9999.000 -9999.000 -9999.000 -9999.000 -9999.000 -9999.000 -9999.000 -9999.000 -9999.000 -9999.000 -9999.000 -9999.000 -9999.000 -9999.000 -9999.000 -9999.000 -9999.000
-9999.000 -9999.000 -9999.000 -9999.000 -9999.000 -9999.000 -9999.000 -9999.000 -9999.000 -9999.000 -9999.000 -9999.000 -9999.000 -9999.000 -9999.000 -9999.000 -9999.000 -9999.000 -9999.000 -9999.000 -9999.000 -9999.000 -9999.000 -9999.000 -9999.000 -9999.000 -9999.000 -9999.000 -9999.000 -9999.000 -9999.000 -9999.000 -9999.000 -9999.000 -9999.000 -9999.000 -9999.000 -9999.000 -9999.000 -9999.000 -9999.000 -9999.000 -9999.000 -9999.000 -9999.000 -9999.000 -9999.000 -9999.000 -9999.000 -9999.000 -9999.000 -9999.000 -9999.000 -9999.000 -9999.000 -9999.000 -9999.000 -9999.000 -9999.000 -9999.000 -9999.000 -9999.000 -9999.000 -9999.000 -9999.000
-9999.000 -9999.000 -9999.000 -9999.000 -9999.000 -9999.000 -9999.000 -9999.000 -9999.000 -9999.000 -9999.000 -9999.000 -9999.000 -9999.000 -9999.000 -9999.000 -9999.000 -9999.000 -9999.000 -9999.000 -9999.000 -9999.000 -9999.000 -9999.000 -9999.000 -9999.000 -9999.000 -9999.000 -9999.000 -9999.000 -9999.000 -9999.000 -9999.000 -9999.000 -9999.000 -9999.000 -9999.000 -9999.000 -9999.000 -9999.000 -9999.000 -9999.000 -9999.000 -9999.000 -9999.000 -9999.000 -9999.000 -9999.000 -9999.000 -9999.000 -9999.000 -9999.000 -9999.000 -9999.000 -9999.000 -9999.000 -9999.000 -9999.000 -9999.000 -9999.000 -9999.000 -9999.000 -9999.000 -9999.000 -9999.000
-9999.000 -9999.000 -9999.000 -9999.000 -9999.000 -9999.000 -9999.000 -9999.000 -9999.000 -9999.000 -9999.000 -9999.000 -9999.000 -9999.000 -9999.000 -9999.000 -9999.000 -9999.000 -9999.000 -9999.000 -9999.000 -9999.000 -9999.000 -9999.000 -9999.000 -9999.000 -9999.000 -9999.000 -9999.000 -9999.000 -9999.000 -9999.000 -9999.000 -9999.000 -9999.000 -9999.000 -9999.000 -9999.000 -9999.000 -9999.000 -9999.000 -9999.000 -9999.000 -9999.000 -9999.000 -9999.000 -9999.000 -9999.000 -9999.000 -9999.000 -9999.000 -9999.000 -9999.000 -9999.000 -9999.000 -9999.000 -9999.000 -9999.000 -9999.000 -9999.000 -9999.000 -9999.000 -9999.000 -9999.000 -9999.000
-9999.000 -9999.000 -9999.000 -9999.000 -9999.000 -9999.000 -9999.000 -9999.000 -9999.000 -9999.000 -9999.000 -9999.000 -9999.000 -9999.000 -9999.000 -9999.000 -9999.000 -9999.000 -9999.000 -9999.000 -9999.000 -9999.000 -9999.000 -9999.000 -9999.000 -9999.000 -9999.000 -9999.000 -9999.000 -9999.000 -9999.000 -9999.000 -9999.000 -9999.000 -9999.000 -9999.000 -9999.000 -9999.000 -9999.000 -9999.000 -9999.000 -9999.000 -9999.000 -9999.000 -9999.000 -9999.000 -9999.000 -9999.000 -9999.000 -9999.000 -9999.000 -9999.000 -9999.000 -9999.000 -9999.000 -9999.000 -9999.000 -9999.000 -9999.000 -9999.000 -9999.000 -9999.000 -9999.000 -9999.000 -9999.000
-9999.000 -9999.000 -9999.000 -9999.000 -9999.000 -9999.000 -9999.000 -9999.000 -9999.000 -9999.000 -9999.000 -9999.000 -9999.000 -9999.000 -9999.000 -9999.000 -9999.000 -9999.000 -9999.000 -9999.000 -9999.000 -9999.000 -9999.000 -9999.000 -9999.000 -9999.000 -9999.000 -9999.000 -9999.000 -9999.000 -9999.000 -9999.000 -9999.000 -9999.000 -9999.000 -9999.000 -9999.000 -9999.000 -9999.000 -9999.000 -9999.000 -9999.000 -9999.000 -9999.000 -9999.000 -9999.000 -9999.000 -9999.000 -9999.000 -9999.000 -9999.000 -9999.000 -9999.000 -9999.000 -9999.000 -9999.000 -9999.000 -9999.000 -9999.000 -9999.000 -9999.000 -9999.000 -9999.000 -9999.000 -9999.000
-9999.000 -9999.000 -9999.000 -9999.000 -9999.000 -9999.000 -9999.000 -9999.000 -9999.000 -9999.000 -9999.000 -9999.000 -9999.000 -9999.000 -9999.000 -9999.000 -9999.000 -9999.000 -9999.000 -9999.000 -9999.000 -9999.000 -9999.000 -9999.000 -9999.000 -9999.000 -9999.000 -9999.000 -9999.000 -9999.000 -9999.000 -9999.000 -9999.000 -9999.000 -9999.000 -9999.000 -9999.000 -9999.000 -9999.000 -9999.000 -9999.000 -9999.000 -9999.000 -9999.000 -9999.000 -9999.000 -9999.000 -9999.000 -9999.000 -9999.000 -9999.000 -9999.000 -9999.000 -9999.000 -9999.000 -9999.000 -9999.000 -9999.000 -9999.000 -9999.000 -9999.000 -9999.000 -9999.000 -9999.000 -9999.000
-9999.000 -9999.000 -9999.000 -9999.000 -9999.000 -9999.000 -9999.000 -9999.000 -9999.000 -9999.000 -9999.000 -9999.000 -9999.000 -9999.000 -9999.000 -9999.000 -9999.000 -9999.000 -9999.000 -9999.000 -9999.000 -9999.000 -9999.000 -9999.000 -9999.000 -9999.000 -9999.000 -9999.000 -9999.000 -9999.000 -9999.000 -9999.000 -9999.000 -9999.000 -9999.000 -9999.000 -9999.000 -9999.000 -9999.000 -9999.000 -9999.000 -9999.000 -9999.000 -9999.000 -9999.000 -9999.000 -9999.000 -9999.000 -9999.000 -9999.000 -9999.000 -9999.000 -9999.000 -9999.000 -9999.000 -9999.000 -9999.000 -9999.000 -9999.000 -9999.000 -9999.000 -9999.000 -9999.000 -9999.000 -9999.000
-9999.000 -9999.000 -9999.000 -9999.000 -9999.000 -9999.000 -9999.000 -9999.000 -9999.000 -9999.000 -9999.000 -9999.000 -9999.000 -9999.000 -9999.000 -9999.000 -9999.000 -9999.000 -9999.000 -9999.000 -9999.000 -9999.000 -9999.000 -9999.000 -9999.000 -9999.000 -9999.000 -9999.000 -9999.000 -9999.000 -9999.000 -9999.000 -9999.000 -9999.000 -9999.000 -9999.000 -9999.000 -9999.000 -9999.000 -9999.000 -9999.000 -9999.000 -9999.000 -9999.000 -9999.000 -9999.000 -9999.000 -9999.000 -9999.000 -9999.000 -9999.000 -9999.000 -9999.000 -9999.000 -9999.000 -9999.000 -9999.000 -9999.000 -9999.000 -9999.000 -9999.000 -9999.000 -9999.000 -9999.000 -9999.000
-9999.000 -9999.000 -9999.000 -9999.000 -9999.000 -9999.000 -9999.000 -9999.000 -9999.000 -9999.000 -9999.000 -9999.000 -9999.000 -9999.000 -9999.000 -9999.000 -9999.000 -9999.000 -9999.000 -9999.000 -9999.000 -9999.000 -9999.000 -9999.000 -9999.000 -9999.000 -9999.000 -9999.000 -9999.000 -9999.000 -9999.000 -9999.000 -9999.000 -9999.000 -9999.000 -9999.000 -9999.000 -9999.000 -9999.000 -9999.000 -9999.000 -9999.000 -9999.000 -9999.000 -9999.000 -9999.000 -9999.000 -9999.000 -9999.000 -9999.000 -9999.000 -9999.000 -9999.000 -9999.000 -9999.000 -9999.000 -9999.000 -9999.000 -9999.000 -9999.000 -9999.000 -9999.000 -9999.000 -9999.000 -9999.000
10.077 11.971 12.191 12.133 12.064 12.000 11.509 9.896 9.161 -9999.000 -9999.000 -9999.000 -9999.000 -9999.000 -9999.000 -9999.000 -9999.000 -9999.000 -9999.000 -9999.000 -9999.000 -9999.000 -9999.000 -9999.000 -9999.000 -9999.000 -9999.000 -9999.000 -9999.000 -9999.000 -9999.000 -9999.000 -9999.000 -9999.000 -9999.000 -9999.000 -9999.000 -9999.000 -9999.000 -9999.000 -9999.000 -9999.000 -9999.000 -9999.000 -9999.000 -9999.000 -9999.000 -9999.000 -9999.000 -9999.000 -9999.000 -9999.000 -9999.000 -9999.000 -9999.000 -9999.000 -9999.000 -9999.000 -9999.000 -9999.000 -9999.000 -9999.000 -9999.000 -9999.000 -9999.000
10.073 11.855 12.991 12.940 12.791 12.159 10.722 9.406 8.779 8.437 8.202 8.024 7.870 7.685 7.493 7.409 7.407 7.388 7.141 7.116 7.097 7.071 7.037 7.009 6.592 5.857 5.625 5.572 5.558 5.539 5.343 5.279 5.256 5.247 5.689 4.088 3.849 3.851 3.834 3.814 3.793 3.771 3.751 3.707 3.655 3.630 3.604 3.697 2.722 1.041 0.741 0.717 0.697 0.676 0.656 0.636 0.618 -9999.000 -9999.000 -9999.000 -9999.000 -9999.000 -9999.000 -9999.000 -9999.000
9.994 11.759 13.474 13.593 13.442 11.717 9.882 8.951 8.483 8.214 8.079 7.965 7.766 7.489 7.301 7.219 7.183 7.149 7.109 7.090 7.072 7.047 7.014 6.989 6.588 5.855 5.561 5.568 5.549 5.483 5.316 5.264 5.237 5.220 5.181 3.916 3.834 3.886 3.862 3.836 3.807 3.780 3.754 3.693 3.643 3.614 3.577 3.240 1.647 0.796 0.726 0.705 0.683 0.661 0.638 0.617 0.597 0.578 0.561 0.543 0.527 0.511 0.494 0.479 0.465
9.416 10.851 12.916 12.842 12.629 10.446 9.170 8.577 8.218 8.033 7.930 7.878 7.693 7.416 7.263 7.168 7.123 7.104 7.084 7.074 7.062 7.039 7.006 6.982 6.593 5.847 5.526 5.666 5.646 5.468 5.382 5.357 5.519 6.585 4.416 3.794 3.821 3.899 3.884 3.859 3.830 3.802 3.714 3.676 3.638 3.600 3.535 2.512 1.004 0.732 0.707 0.687 0.666 0.644 0.623 0.603 0.583 0.563 0.544 0.526 0.508 0.491 0.474 0.458 0.443
8.824 9.661 10.987 10.986 10.583 9.457 8.737 8.312 8.043 7.909 7.772 7.656 7.473 7.330 7.259 7.180 7.106 7.082 7.064 7.054 7.047 7.032 7.005 6.982 6.590 5.797 5.507 5.652 5.636 5.410 5.402 5.457 5.468 6.436 4.000 3.766 3.839 3.861 3.873 3.867 3.842 3.801 3.763 3.840 3.796 3.588 3.182 1.678 0.771 0.711 0.688 0.668 0.648 0.626 0.604 0.583 0.562 0.542 0.523 0.504 0.486 0.468 0.452 0.436 0.421
8.523 9.048 9.412 9.350 9.177 8.859 8.456 8.129 7.949 7.824 7.644 7.431 7.283 7.198 7.148 7.123 7.097 7.066 7.042 7.028 7.021 7.008 6.983 6.968 6.572 5.802 5.489 5.603 5.543 5.345 5.366 5.437 5.417 5.006 3.742 3.751 3.806 3.813 3.822 3.849 3.869 3.837 3.859 3.947 3.890 3.402 2.347 1.042 0.721 0.692 0.669 0.648 0.629 0.606 0.584 0.562 0.541 0.521 0.501 0.482 0.464 0.447 0.430 0.414 0.399
8.242 8.624 8.732 8.676 8.567 8.451 8.245 8.083 7.926 7.736 7.509 7.309 7.208 7.134 7.078 7.042 7.028 7.029 7.021 7.003 6.992 6.978 6.959 6.953 6.527 5.779 5.431 5.416 5.379 5.306 5.332 5.455 6.547 4.229 3.699 3.738 3.767 3.768 3.768 3.797 3.767 3.883 3.950 3.940 3.729 2.775 1.453 0.771 0.716 0.687 0.651 0.626 0.606 0.586 0.563 0.542 0.521 0.500 0.481 0.462 0.443 0.426 0.409 0.394 0.378
7.991 8.269 8.517 8.470 8.385 8.249 8.136 8.052 7.856 7.618 7.407 7.252 7.179 7.113 7.056 7.018 7.000 6.985 6.974 6.970 6.964 6.951 6.932 6.926 6.476 5.693 5.423 5.404 5.312 5.264 5.282 5.423 5.392 3.793 3.681 3.727 3.728 3.723 3.724 3.687 3.619 3.683 3.732 3.758 3.288 1.876 0.899 0.797 0.817 0.758 0.636 0.607 0.585 0.562 0.540 0.518 0.498 0.480 0.461 0.442 0.423 0.406 0.389 0.373 0.358
7.869 8.000 8.323 8.364 8.316 8.211 8.083 7.912 7.702 7.503 7.333 7.236 7.174 7.103 7.039 7.002 6.984 6.968 6.954 6.947 6.939 6.924 6.904 6.897 6.405 5.451 5.419 5.392 5.258 5.224 5.234 5.497 4.567 3.657 3.664 3.697 3.694 3.678 3.657 3.583 3.524 3.528 3.592 3.600 2.422 1.177 0.919 0.914 0.982 0.878 0.624 0.590 0.568 0.544 0.522 0.499 0.478 0.458 0.438 0.420 0.404 0.387 0.370 0.354 0.339
7.827 7.814 8.057 8.233 8.191 8.112 7.982 7.787 7.563 7.394 7.274 7.215 7.163 7.095 7.028 6.991 6.971 6.954 6.938 6.927 6.916 6.900 6.879 6.867 6.359 5.485 5.598 5.565 5.226 5.194 5.192 5.568 3.920 3.620 3.636 3.666 3.663 3.639 3.601 3.512 3.456 3.444 3.544 2.968 1.522 1.019 1.003 1.171 1.108 0.921 0.624 0.573 0.550 0.527 0.504 0.482 0.461 0.440 0.421 0.401 0.383 0.366 0.349 0.334 0.321
7.806 7.761 7.837 8.023 8.011 7.961 7.827 7.630 7.437 7.314 7.238 7.193 7.146 7.081 7.014 6.984 6.962 6.942 6.923 6.909 6.895 6.875 6.853 6.837 6.354 5.621 5.647 5.674 5.209 5.177 5.156 4.997 3.646 3.601 3.604 3.631 3.633 3.607 3.549 3.453 3.416 3.413 3.194 1.872 1.083 1.064 1.324 1.372 1.178 0.916 0.618 0.556 0.533 0.509 0.487 0.465 0.444 0.423 0.403 0.384 0.366 0.349 0.332 0.316 0.301
7.879 7.733 7.713 7.801 7.832 7.789 7.661 7.487 7.349 7.268 7.221 7.180 7.139 7.086 7.026 6.991 6.962 6.937 6.914 6.896 6.877 6.851 6.829 6.793 6.316 5.647 5.710 5.768 5.761 5.732 6.672 4.475 3.573 3.579 3.573 3.590 3.570 3.536 3.483 3.419 3.390 3.332 2.310 1.178 1.101 1.299 1.517 1.485 1.213 0.891 0.597 0.538 0.516 0.493 0.471 0.448 0.427 0.407 0.387 0.368 0.350 0.332 0.316 0.300 0.284
7.964 7.709 7.640 7.665 7.676 7.635 7.527 7.392 7.306 7.248 7.212 7.174 7.138 7.101 7.071 7.028 6.981 6.943 6.920 6.902 6.889 6.863 6.839 6.733 6.234 5.637 5.677 5.647 5.617 5.635 6.848 4.154 3.534 3.557 3.542 3.524 3.512 3.479 3.483 3.493 3.459 2.678 1.577 1.192 1.184 1.632 1.624 1.563 1.222 0.852 0.569 0.520 0.497 0.474 0.453 0.433 0.412 0.391 0.371 0.352 0.334 0.317 0.300 0.284 0.269
7.946 7.678 7.579 7.584 7.574 7.534 7.443 7.349 7.282 7.235 7.199 7.166 7.119 7.093 7.073 7.054 7.021 6.888 6.879 6.881 6.876 6.852 6.852 6.654 6.117 5.594 5.603 5.587 5.589 5.586 5.533 3.782 3.512 3.538 3.516 3.492 3.469 3.443 3.447 3.649 3.111 1.860 1.257 1.239 1.572 1.690 1.708 1.544 1.196 0.794 0.543 0.506 0.482 0.458 0.436 0.414 0.394 0.374 0.356 0.337 0.319 0.302 0.285 0.269 0.253
7.870 7.624 7.532 7.531 7.514 7.476 7.386 7.314 7.265 7.232 7.198 7.147 7.102 7.081 7.063 7.073 6.952 6.839 6.843 6.844 6.842 6.813 6.837 6.561 6.008 5.538 5.568 5.557 5.565 6.052 4.702 3.523 3.489 3.523 3.495 3.467 3.442 3.415 3.418 3.334 2.216 1.383 1.274 1.461 1.642 1.650 1.721 1.477 1.148 0.717 0.521 0.493 0.469 0.446 0.423 0.401 0.379 0.359 0.339 0.321 0.303 0.287 0.271 0.254 0.239
7.803 7.578 7.496 7.483 7.459 7.419 7.356 7.297 7.258 7.230 7.194 7.120 7.088 7.063 7.036 6.976 6.856 6.814 6.808 6.807 6.804 6.765 6.805 6.462 5.912 5.492 5.533 5.530 5.515 5.297 3.906 3.396 3.467 3.514 3.479 3.444 3.416 3.368 3.094 2.244 1.581 1.337 1.346 1.635 1.614 1.587 1.588 1.386 1.074 0.628 0.505 0.480 0.456 0.433 0.410 0.388 0.367 0.346 0.326 0.307 0.289 0.271 0.255 0.239 0.226
7.759 7.553 7.468 7.440 7.411 7.379 7.333 7.294 7.267 7.241 7.203 7.168 7.142 7.113 7.033 6.841 6.814 6.789 6.781 6.774 6.764 6.729 6.763 6.361 5.783 5.461 5.493 5.534 6.781 4.523 3.485 3.351 3.463 3.572 3.532 3.496 3.457 3.173 2.163 1.475 1.185 1.308 1.647 1.624 1.581 1.562 1.526 1.324 0.981 0.552 0.491 0.468 0.444 0.421 0.398 0.376 0.354 0.334 0.314 0.295 0.277 0.259 0.242 0.226 0.211
7.727 7.543 7.455 7.426 7.399 7.366 7.328 7.303 7.281 7.258 7.229 7.223 7.202 7.171 6.944 6.816 6.790 6.769 6.759 6.746 6.728 6.697 6.696 6.253 5.631 5.431 5.450 5.472 5.919 3.889 3.394 3.327 3.417 3.679 3.782 3.970 3.787 2.767 1.585 1.094 1.152 1.543 1.789 1.642 1.628 1.709 1.518 1.218 0.818 0.512 0.477 0.452 0.429 0.406 0.385 0.364 0.343 0.323 0.303 0.283 0.265 0.247 0.231 0.214 0.199
7.688 7.547 7.477 7.436 7.407 7.372 7.338 7.317 7.297 7.276 7.256 7.232 7.203 7.079 6.869 6.788 6.766 6.754 6.742 6.722 6.692 6.667 6.609 6.140 5.439 5.401 5.411 5.428 5.060 3.640 3.372 3.307 3.302 3.640 3.826 4.315 3.990 2.465 1.330 1.047 1.243 1.711 1.689 1.644 1.648 1.707 1.487 1.103 0.648 0.493 0.467 0.442 0.418 0.394 0.372 0.351 0.330 0.311 0.292 0.273 0.254 0.237 0.220 0.204 0.188
