LISFLOOD/results/run11.totaltm
ncols         413
nrows         307
xllcorner     341179.518085
yllcorner     4516729.658735
cellsize      10.000000
NODATA_value  -9999.000000
[rows 231 to 263 of 307, columns 150 to 224 of 413]
0.000 0.000 0.000 0.000 0.000 0.000 0.000 0.000 3.166 5.435 6.860 7.238 7.462 7.967 9.180 9.459 9.487 9.459 9.411 9.523 9.657 9.713 9.707 9.337 10.189 13.513 14.133 14.176 14.212 13.729 10.964 10.234 10.288 10.317 10.318 10.287 10.261 10.919 10.777 12.403 18.398 20.468 20.491 20.495 20.487 20.431 20.227 20.033 20.100 20.538 20.994 21.262 21.610 21.837 21.898 21.930 21.948 21.941 21.917 21.697 21.518 21.409 21.374 21.453 21.789 21.853 21.896 21.957 22.019 22.117 22.190 22.237 22.258 21.477 21.546
0.000 0.000 0.000 0.000 0.000 0.000 0.000 1.008 4.271 6.299 7.065 7.231 7.633 8.416 9.383 9.429 9.438 9.408 9.448 9.567 9.621 9.605 9.179 9.400 11.987 14.038 14.099 14.136 14.078 11.471 10.092 10.237 10.311 10.351 10.366 10.375 10.390 10.756 10.619 14.219 19.561 20.439 20.460 20.459 20.449 20.407 20.352 20.485 20.861 21.205 21.409 21.569 21.776 21.846 21.883 21.907 21.917 21.844 21.620 21.328 21.123 21.004 21.041 21.104 21.337 21.603 21.678 21.813 21.879 22.064 22.156 22.214 22.081 20.738 21.448
0.000 0.000 0.000 0.000 0.000 0.000 0.000 0.000 3.426 6.463 7.044 7.321 7.962 9.110 9.369 9.396 9.393 9.389 9.480 9.531 9.531 9.156 9.064 10.694 13.692 14.016 14.058 14.056 12.542 9.882 10.000 10.226 10.304 10.358 10.392 10.448 10.743 10.817 11.273 16.644 20.348 20.415 20.431 20.482 20.904 21.017 21.108 21.273 21.437 21.577 21.665 21.746 21.808 21.838 21.864 21.878 21.815 21.557 21.240 20.863 20.642 20.722 20.799 20.957 21.108 21.183 21.264 21.468 21.746 22.036 22.141 22.178 21.663 20.668 21.685
0.000 0.000 0.000 0.000 0.000 0.000 0.000 0.000 2.454 6.505 7.099 7.623 8.606 9.289 9.339 9.355 9.342 9.388 9.447 9.471 9.198 8.721 9.775 12.793 13.929 13.974 14.000 13.212 9.826 9.712 10.007 10.064 10.129 10.100 10.058 9.992 10.663 10.257 12.633 19.059 20.686 20.776 21.189 21.366 21.447 21.491 21.534 21.584 21.643 21.693 21.725 21.772 21.801 21.822 21.841 21.842 21.593 21.222 20.891 20.472 20.541 20.656 20.723 20.948 21.030 21.019 21.076 21.262 21.687 22.062 22.122 22.121 21.707 21.478 21.966
0.000 0.000 0.000 0.000 0.000 0.000 0.000 0.000 3.777 6.832 7.438 8.129 9.121 9.274 9.306 9.303 9.314 9.369 9.406 9.270 8.758 9.186 12.216 13.833 13.895 13.932 13.731 10.794 9.399 9.631 9.935 10.009 10.123 10.146 10.246 10.376 10.580 10.661 14.486 20.090 21.333 21.389 21.479 21.521 21.551 21.578 21.606 21.634 21.678 21.707 21.727 21.755 21.774 21.786 21.792 21.785 21.517 21.151 20.823 20.575 20.688 20.774 20.837 20.909 20.945 20.863 20.970 21.179 21.889 22.073 22.096 21.903 21.827 21.892 22.093
0.000 0.000 0.000 0.000 0.000 0.000 0.000 0.452 5.641 7.203 7.933 9.023 9.209 9.244 9.264 9.258 9.289 9.332 9.297 8.811 8.860 11.619 13.742 13.811 13.853 13.839 11.773 9.465 9.538 9.698 9.712 9.717 9.777 9.825 9.906 10.301 10.157 11.617 16.874 20.766 21.409 21.457 21.492 21.519 21.546 21.574 21.602 21.627 21.658 21.681 21.693 21.701 21.682 21.677 21.647 21.617 21.449 21.095 20.791 20.677 20.732 20.776 20.821 20.864 20.864 20.784 20.917 21.389 22.013 22.051 21.993 21.892 21.936 21.996 22.095
0.000 0.000 0.000 0.000 0.000 2.182 3.599 4.494 6.732 7.591 8.899 9.148 9.188 9.209 9.218 9.229 9.256 9.261 9.078 8.981 10.771 13.633 13.726 13.769 13.794 12.692 9.130 8.510 9.351 9.551 9.686 9.664 9.614 9.638 9.701 10.134 10.173 12.941 19.248 21.262 21.396 21.436 21.450 21.432 21.386 21.434 21.506 21.547 21.601 21.605 21.603 21.583 21.537 21.524 21.449 21.439 21.322 21.083 20.911 20.709 20.714 20.746 20.782 20.809 20.764 20.766 21.213 21.827 22.003 22.021 21.837 21.882 21.922 21.963 22.057
0.000 0.000 0.000 0.000 0.887 3.997 5.936 6.526 7.217 8.171 9.073 9.126 9.144 9.154 9.180 9.201 9.216 9.083 9.038 10.282 13.204 13.643 13.687 13.721 13.087 9.678 8.199 8.269 9.236 9.288 9.438 9.539 9.612 9.732 9.897 9.991 10.727 14.407 20.232 21.317 21.379 21.402 21.356 21.157 21.082 21.189 21.320 21.446 21.524 21.513 21.522 21.507 21.482 21.466 21.338 21.261 21.101 20.886 20.737 20.602 20.615 20.666 20.725 20.742 20.682 21.104 21.708 21.958 21.984 21.954 21.806 21.843 21.856 21.903 22.017
0.000 0.000 0.000 0.000 2.089 4.470 6.244 6.883 7.699 8.931 9.018 8.949 9.027 9.112 9.151 9.168 9.165 9.111 10.218 13.092 13.553 13.599 13.621 13.088 10.009 8.225 8.279 8.544 9.166 9.138 9.216 9.221 9.242 9.317 9.809 9.576 11.602 16.373 20.758 21.287 21.354 21.369 21.306 21.125 21.196 21.300 21.360 21.436 21.479 21.452 21.477 21.456 21.428 21.332 21.196 21.079 20.763 20.541 20.451 20.490 20.552 20.624 20.679 20.758 20.971 21.686 21.879 21.943 21.961 21.662 21.681 21.752 21.803 21.818 21.927
0.000 0.000 0.000 1.358 3.393 5.022 6.184 7.006 7.976 8.590 7.778 7.593 8.554 9.078 9.119 9.101 9.122 10.606 13.206 13.470 13.517 13.553 12.846 9.966 8.147 8.299 8.491 8.957 9.041 9.106 9.156 9.188 9.275 9.418 9.663 9.742 12.841 19.173 21.076 21.262 21.328 21.333 21.255 21.222 21.283 21.333 21.368 21.405 21.428 21.399 21.410 21.359 21.278 20.986 20.854 20.743 20.478 20.288 20.292 20.349 20.404 20.638 20.824 21.115 21.697 21.847 21.882 21.915 21.922 21.602 21.347 21.393 21.486 21.713 21.878
0.000 0.000 0.000 2.885 4.583 5.972 6.749 7.074 7.636 7.497 7.075 7.112 7.986 9.044 9.083 9.073 10.685 13.259 13.388 13.432 13.470 13.317 10.039 7.743 6.785 7.126 8.436 8.882 8.904 8.991 8.996 9.036 9.137 9.398 9.467 10.462 14.257 20.001 20.917 21.223 21.301 21.296 21.228 21.237 21.279 21.309 21.333 21.336 21.283 21.268 21.251 21.135 20.906 20.506 20.469 20.420 20.331 20.323 20.427 20.514 20.605 20.925 21.339 21.674 21.804 21.832 21.854 21.873 21.772 21.493 21.235 21.131 21.298 21.652 21.863
0.000 0.000 1.025 3.769 5.266 6.886 6.951 6.999 7.112 6.975 6.870 7.024 7.918 9.012 9.059 10.999 13.155 13.306 13.349 13.386 13.177 10.784 8.146 7.861 8.213 8.374 8.577 8.753 8.899 8.924 8.896 8.871 8.792 9.397 9.401 11.565 15.780 19.913 20.574 21.111 21.242 21.263 21.226 21.221 21.252 21.255 21.226 21.081 20.861 20.894 20.769 20.624 20.434 20.328 20.392 20.415 20.478 20.597 20.796 20.983 21.368 21.618 21.716 21.758 21.789 21.810 21.829 21.842 21.404 21.114 21.111 21.138 21.272 21.597 21.880
0.000 0.000 2.994 4.769 5.766 6.872 6.912 6.949 7.007 6.813 6.801 7.074 8.301 9.421 11.752 13.127 13.216 13.261 13.284 12.834 10.093 8.134 8.201 8.408 8.518 8.607 8.681 8.723 8.909 8.896 8.951 9.053 9.201 9.469 9.801 12.947 17.776 19.722 20.307 20.769 21.141 21.225 21.202 21.197 21.218 21.148 20.937 20.638 20.478 20.505 20.481 20.520 20.376 20.412 20.575 20.774 21.005 21.381 21.576 21.613 21.665 21.695 21.721 21.746 21.771 21.788 21.803 21.807 21.231 21.207 21.255 21.308 21.384 21.571 22.001
0.000 0.000 4.131 5.574 6.331 6.845 6.864 6.897 6.946 6.831 6.886 8.257 10.164 12.743 13.056 13.121 13.168 13.154 11.884 9.377 8.069 8.070 8.160 8.471 8.537 8.594 8.631 8.676 8.720 8.699 8.631 8.547 9.177 9.226 10.679 14.120 17.971 19.607 20.212 20.638 21.027 21.168 21.174 21.173 21.183 21.093 20.862 20.588 20.466 20.489 20.531 20.633 20.711 20.864 21.110 21.333 21.520 21.601 21.622 21.641 21.661 21.680 21.699 21.724 21.744 21.757 21.766 21.693 21.184 21.196 21.226 21.268 21.402 21.591 22.356
0.000 1.251 5.017 5.878 6.321 6.818 6.821 6.843 6.887 7.129 8.473 10.875 12.846 12.969 13.022 13.069 12.999 10.956 8.159 8.029 8.096 8.124 8.211 8.469 8.531 8.584 8.639 8.709 8.751 8.758 8.757 8.655 9.179 9.241 11.838 15.106 18.044 19.584 20.323 20.699 20.968 21.128 21.147 21.151 21.148 21.061 20.975 20.910 20.953 21.017 21.106 21.247 21.298 21.389 21.461 21.514 21.568 21.588 21.603 21.613 21.595 21.492 21.471 21.537 21.600 21.582 21.529 21.255 21.057 20.852 20.893 21.009 21.374 21.608 22.828
0.000 3.752 5.598 6.039 6.475 6.958 6.797 6.823 7.406 8.712 11.618 12.806 12.880 12.930 12.969 12.851 10.244 7.235 6.143 7.374 8.177 8.227 8.336 8.483 8.541 8.596 8.659 8.727 8.762 8.799 8.856 9.053 9.136 9.811 12.970 15.958 19.205 20.237 20.697 20.862 20.980 21.088 21.120 21.143 21.168 21.195 21.224 21.262 21.329 21.368 21.410 21.436 21.457 21.481 21.508 21.526 21.549 21.539 21.475 21.402 21.164 20.870 20.854 20.922 20.999 20.957 20.913 20.886 20.831 20.707 20.072 20.828 21.333 21.699 23.311
2.241 4.972 5.749 6.148 6.804 7.706 7.583 7.646 9.033 12.226 12.729 12.782 12.832 12.866 12.311 9.766 6.552 5.452 6.062 7.664 8.165 8.218 8.357 8.399 8.428 8.505 8.574 8.626 8.617 8.587 8.497 9.004 8.891 10.649 13.983 17.835 20.156 20.766 20.883 20.953 21.014 21.066 21.115 21.173 21.217 21.262 21.289 21.312 21.345 21.367 21.389 21.404 21.421 21.438 21.458 21.466 21.451 21.337 21.059 20.906 20.735 20.574 20.541 20.579 20.554 20.504 20.538 20.630 20.725 20.768 20.423 21.027 21.293 21.956 23.843
3.837 5.405 5.875 6.385 7.411 7.961 7.978 9.003 12.144 12.630 12.684 12.727 12.732 11.777 8.453 6.003 5.298 5.877 6.963 8.048 8.146 8.257 8.318 8.229 8.286 8.382 8.529 8.627 8.667 8.727 8.786 8.987 9.059 11.696 15.108 20.691 20.781 20.857 20.917 20.981 21.023 21.057 21.091 21.137 21.185 21.224 21.248 21.276 21.303 21.314 21.301 21.183 21.086 21.061 21.102 21.148 21.005 20.773 20.589 20.516 20.361 20.182 20.112 20.097 20.100 20.181 20.312 20.490 20.644 20.822 20.993 21.152 21.287 22.371 24.319
4.721 5.597 6.069 6.839 7.881 7.997 9.058 12.153 12.532 12.586 12.630 12.601 10.929 7.739 4.592 4.422 5.510 6.598 7.830 8.108 8.169 8.227 8.189 8.153 8.227 8.291 8.361 8.385 8.401 8.441 8.736 8.683 9.769 12.977 16.453 20.760 20.801 20.831 20.800 20.897 20.962 20.999 21.022 21.029 21.054 21.073 21.048 21.061 21.058 21.032 20.925 20.739 20.606 20.515 20.512 20.541 20.426 20.217 20.040 19.862 19.683 19.398 19.289 19.323 19.408 19.490 19.591 19.796 19.905 20.123 20.543 20.992 21.301 22.826 24.849
4.879 5.593 6.341 7.467 7.883 8.969 12.239 12.436 12.491 12.532 12.509 10.272 6.859 4.178 4.178 5.151 6.151 7.412 7.756 8.068 8.145 8.078 7.871 8.115 8.215 8.294 8.388 8.389 8.395 8.412 8.692 8.503 10.793 14.404 17.583 20.759 20.788 20.808 20.763 20.750 20.699 20.651 20.687 20.724 20.763 20.780 20.696 20.652 20.562 20.486 20.325 20.089 19.946 19.864 19.796 19.806 19.678 19.293 19.072 18.776 18.457 18.325 18.405 18.489 18.624 18.695 18.967 19.273 19.545 19.731 20.245 20.859 21.434 23.394 25.378
4.772 5.562 6.744 7.789 8.478 11.859 12.338 12.393 12.439 12.455 10.309 6.857 4.628 4.230 4.858 5.953 7.279 7.362 7.684 8.082 8.118 7.256 5.504 8.017 8.112 8.323 8.387 8.412 8.472 8.628 8.724 8.928 11.949 15.792 19.636 20.746 20.767 20.787 20.735 20.716 20.657 20.613 20.342 19.966 19.792 19.748 19.634 19.523 19.354 19.173 18.787 18.228 18.046 18.113 18.182 18.263 18.039 17.639 17.702 17.754 17.788 17.858 17.964 18.261 18.626 18.486 18.601 18.981 19.168 19.461 20.106 20.797 21.673 23.913 25.772
4.867 5.859 7.372 8.326 10.837 12.239 12.296 12.342 12.366 11.291 7.176 4.776 4.711 4.427 5.353 6.394 7.238 7.279 7.908 8.055 7.896 7.431 7.518 7.605 8.030 8.166 7.922 7.936 7.998 8.536 8.242 9.749 13.263 16.798 20.307 20.724 20.741 20.762 20.728 20.688 20.628 20.586 20.289 19.897 19.711 19.477 17.952 16.383 15.496 15.391 15.351 15.476 15.632 15.811 16.031 16.587 16.699 16.857 17.444 17.815 17.834 17.945 18.101 18.473 18.848 18.938 19.028 19.114 19.183 19.469 20.114 20.747 21.923 24.453 25.939
5.217 6.204 8.374 10.813 12.119 12.203 12.247 12.285 11.559 7.574 5.048 4.744 4.794 4.948 5.691 6.734 7.210 7.682 7.932 7.954 7.337 7.378 7.422 7.054 7.952 7.903 7.921 7.949 8.031 8.349 8.231 10.867 14.518 17.518 20.257 20.699 20.707 20.730 20.706 20.673 20.612 20.561 20.262 19.857 19.672 19.422 17.797 16.208 15.371 15.228 15.041 14.303 14.067 14.367 14.707 15.846 16.212 16.523 17.349 17.949 18.088 18.214 18.357 18.693 18.891 18.967 19.021 19.067 19.116 19.506 20.132 20.787 22.371 24.994 25.968
5.448 6.863 10.589 12.044 12.104 12.156 12.189 11.933 7.949 5.261 4.453 4.489 4.557 5.013 5.806 6.803 7.593 7.845 7.883 7.315 7.342 7.431 7.447 7.398 7.872 7.878 7.914 7.967 8.167 8.252 8.827 12.141 15.714 18.127 20.192 20.676 20.682 20.699 20.673 20.633 20.567 20.513 20.358 20.221 20.105 19.516 18.022 17.332 16.662 15.807 15.063 14.287 14.044 14.134 14.321 15.490 16.311 17.263 18.093 18.247 18.341 18.453 18.554 18.714 18.868 18.910 18.963 19.018 19.059 19.546 20.198 20.963 22.937 25.471 25.972
5.804 8.416 11.908 12.004 12.057 12.102 12.024 8.650 5.706 4.791 4.191 4.224 4.315 4.930 5.896 7.017 7.765 7.823 7.689 7.318 7.424 7.489 7.537 7.601 7.658 7.593 7.587 7.582 8.128 8.066 9.752 13.413 16.753 18.881 20.121 20.652 20.662 20.671 20.646 20.599 20.527 20.446 20.348 20.283 20.217 20.136 19.688 19.201 18.719 18.077 17.372 16.556 15.742 15.316 15.561 16.185 16.921 17.491 18.411 18.606 18.661 18.708 18.742 18.787 18.828 18.839 18.790 18.854 19.009 19.653 20.353 21.211 23.419 25.750 25.964
7.119 11.344 11.898 11.954 11.998 12.018 9.334 6.142 5.049 4.222 4.198 4.214 4.323 4.990 6.039 7.407 7.761 7.782 7.304 7.355 7.411 7.444 7.479 7.537 7.585 7.610 7.686 7.835 8.188 8.286 10.907 14.633 17.653 19.401 20.033 20.625 20.641 20.644 20.619 20.568 20.493 20.373 20.309 20.294 20.246 20.188 20.135 20.082 19.998 19.783 19.133 18.332 17.898 17.499 17.201 17.357 17.811 18.258 18.504 18.607 18.691 18.771 18.849 18.922 18.982 19.039 19.068 19.131 19.241 19.841 20.484 21.585 23.993 25.867 25.960
8.759 11.774 11.852 11.901 11.935 11.074 6.594 5.022 4.693 4.228 4.276 4.356 4.594 5.192 6.238 7.639 7.738 7.725 7.286 7.319 7.337 7.364 7.413 7.455 7.481 7.496 7.562 7.827 7.886 8.966 12.156 15.769 18.481 19.467 19.965 20.589 20.615 20.607 20.589 20.546 20.469 20.335 20.297 20.313 20.273 20.218 20.156 20.090 20.027 19.967 19.826 19.252 18.856 18.501 18.324 18.349 18.444 18.524 18.582 18.627 18.667 18.689 18.651 18.979 19.176 19.350 19.448 19.581 19.754 20.117 20.616 21.960 24.453 25.889 25.952
11.061 11.742 11.798 11.836 11.843 7.961 5.040 4.783 4.171 4.208 4.289 4.421 4.681 5.466 6.469 7.682 7.711 7.648 7.245 7.231 7.282 7.336 7.404 7.473 7.477 7.466 7.326 7.824 7.862 9.968 13.382 16.680 19.088 19.488 20.184 20.557 20.587 20.578 20.560 20.533 20.502 20.446 20.412 20.373 20.324 20.255 20.173 20.094 20.026 19.963 19.889 19.473 18.992 18.852 18.746 18.525 18.554 18.613 18.666 18.704 18.735 18.762 18.802 19.089 19.223 19.288 19.151 19.276 19.689 20.177 20.752 22.393 24.790 25.896 25.943
11.629 11.691 11.737 11.765 10.314 5.599 4.636 4.517 4.119 4.170 4.257 4.437 4.985 5.813 6.727 7.662 7.680 7.491 7.117 7.171 7.263 7.337 7.443 7.490 7.517 7.580 7.664 7.857 8.370 11.149 14.521 17.466 19.269 19.592 20.412 20.528 20.556 20.549 20.533 20.508 20.463 20.222 20.364 20.334 20.289 20.231 20.162 20.089 20.019 19.954 19.893 19.737 19.113 18.910 18.811 18.631 18.653 18.685 18.718 18.742 18.762 18.785 18.822 19.027 19.194 19.232 18.794 18.838 19.545 20.129 20.887 22.838 25.073 25.891 25.932
11.587 11.638 11.673 11.550 7.076 4.469 4.587 4.166 4.082 4.123 4.276 4.647 5.359 6.207 7.035 7.640 7.644 7.048 6.922 6.996 7.053 7.102 7.358 7.318 7.349 7.417 7.681 7.653 9.207 12.362 15.596 18.246 19.271 19.849 20.451 20.497 20.517 20.514 20.501 20.479 20.421 19.834 20.303 20.286 20.243 20.190 20.130 20.066 20.002 19.939 19.879 19.799 19.286 19.043 18.900 18.606 18.624 18.659 18.685 18.687 18.711 18.743 18.792 19.001 19.150 19.164 18.908 18.977 19.558 20.198 21.059 23.237 25.333 25.886 25.927
11.534 11.576 11.601 8.933 4.948 4.451 4.511 4.230 4.146 4.094 4.436 4.962 5.668 6.604 7.378 7.618 7.603 6.836 6.871 6.970 7.044 7.162 7.257 7.262 7.322 7.431 7.749 7.832 10.243 13.477 16.540 18.840 19.269 20.202 20.429 20.464 20.473 20.473 20.463 20.448 20.390 19.737 20.239 20.229 20.191 20.143 20.089 20.032 19.974 19.915 19.858 19.803 19.683 19.513 19.201 18.449 18.459 18.593 18.629 18.654 18.677 18.712 18.780 18.966 19.041 18.856 18.845 19.123 19.757 20.353 21.291 23.698 25.601 25.876 25.918
11.476 11.506 11.228 6.525 4.239 4.415 4.339 4.319 4.339 4.489 4.749 5.220 5.987 6.927 7.523 7.594 7.543 6.519 6.554 6.611 6.669 7.168 7.191 7.218 7.278 7.388 7.436 8.401 11.366 14.533 17.352 18.911 19.461 20.332 20.396 20.426 20.430 20.429 20.423 20.415 20.359 19.595 20.142 20.166 20.133 20.091 20.043 19.993 19.939 19.885 19.831 19.779 19.728 19.664 19.361 18.467 18.490 18.596 18.626 18.655 18.691 18.733 18.795 18.868 18.859 18.789 18.819 19.213 19.869 20.424 21.554 24.121 25.772 25.866 25.908
11.415 11.438 9.336 5.266 4.235 4.388 4.383 4.374 4.349 4.686 4.950 5.435 6.289 7.169 7.542 7.569 7.041 6.496 6.562 6.603 6.724 7.131 7.096 7.087 7.078 7.373 7.238 9.277 12.514 15.580 18.008 18.893 19.798 20.325 20.362 20.381 20.386 20.386 20.383 20.380 20.329 19.568 19.998 20.097 20.072 20.036 19.994 19.948 19.900 19.850 19.799 19.750 19.703 19.655 18.806 18.168 18.544 18.566 18.585 18.607 18.644 18.689 18.757 18.795 18.778 18.815 18.888 19.296 19.856 20.462 21.859 24.478 25.793 25.855 25.897
