LISFLOOD/results/run1.totaltm
ncols         413
nrows         307
xllcorner     341179.518085
yllcorner     4516729.658735
cellsize      10.000000
NODATA_value  -9999.000000
[rows 198 to 230 of 307, columns 222 to 295 of 413]
24.019 24.044 24.104 24.141 24.162 24.184 24.207 24.231 24.253 24.278 24.306 24.329 24.352 24.376 24.404 24.567 25.234 26.128 26.749 26.806 26.845 26.883 26.921 26.957 26.993 27.027 27.062 27.094 27.125 27.156 27.185 27.216 27.246 27.275 27.303 27.331 27.357 27.383 27.408 27.432 27.454 27.477 27.498 27.519 27.540 27.560 27.579 27.597 27.614 27.631 27.647 27.662 27.676 27.689 27.702 27.714 27.724 27.735 27.744 27.752 27.760 27.766 27.771 27.774 27.777 27.778 27.778 27.778 27.777 27.776 27.772 27.768 27.762 27.753
24.039 24.073 24.102 24.131 24.162 24.183 24.204 24.225 24.245 24.271 24.303 24.333 24.361 24.386 24.429 24.667 25.514 26.500 26.775 26.815 26.854 26.892 26.929 26.966 27.001 27.036 27.070 27.103 27.136 27.166 27.196 27.224 27.253 27.282 27.310 27.337 27.364 27.389 27.414 27.438 27.462 27.484 27.504 27.525 27.545 27.564 27.583 27.602 27.619 27.636 27.651 27.666 27.680 27.693 27.705 27.716 27.727 27.737 27.746 27.754 27.761 27.767 27.772 27.775 27.777 27.778 27.778 27.778 27.777 27.775 27.772 27.767 27.761 27.744
24.053 24.070 24.092 24.122 24.149 24.177 24.199 24.217 24.233 24.251 24.266 24.283 24.316 24.354 24.456 24.813 25.754 26.700 26.784 26.824 26.863 26.901 26.938 26.974 27.010 27.044 27.078 27.111 27.143 27.174 27.205 27.234 27.262 27.289 27.316 27.343 27.370 27.396 27.420 27.444 27.467 27.489 27.511 27.532 27.551 27.570 27.588 27.606 27.623 27.639 27.655 27.669 27.683 27.696 27.708 27.719 27.730 27.739 27.748 27.756 27.762 27.768 27.772 27.776 27.777 27.778 27.778 27.778 27.777 27.774 27.771 27.766 27.759 27.727
24.078 24.095 24.093 24.113 24.138 24.187 24.214 24.239 24.259 24.277 24.291 24.268 24.306 24.376 24.482 25.047 26.014 26.747 26.793 26.833 26.872 26.909 26.947 26.983 27.018 27.053 27.086 27.119 27.151 27.182 27.213 27.242 27.271 27.299 27.325 27.351 27.376 27.401 27.426 27.450 27.473 27.495 27.517 27.537 27.557 27.576 27.593 27.611 27.627 27.643 27.658 27.673 27.687 27.699 27.711 27.722 27.733 27.742 27.751 27.758 27.764 27.770 27.774 27.777 27.778 27.778 27.778 27.778 27.777 27.774 27.770 27.764 27.751 27.674
24.098 24.118 24.138 24.158 24.182 24.208 24.234 24.259 24.283 24.309 24.331 24.356 24.388 24.419 24.589 25.399 26.333 26.763 26.803 26.842 26.881 26.918 26.955 26.991 27.026 27.061 27.094 27.127 27.159 27.190 27.220 27.249 27.278 27.306 27.333 27.359 27.384 27.408 27.431 27.455 27.478 27.501 27.522 27.542 27.562 27.581 27.598 27.616 27.632 27.647 27.662 27.677 27.690 27.702 27.714 27.725 27.735 27.744 27.752 27.760 27.766 27.771 27.774 27.777 27.778 27.778 27.778 27.777 27.776 27.772 27.768 27.762 27.732 27.605
24.089 24.115 24.141 24.165 24.201 24.227 24.249 24.271 24.301 24.329 24.357 24.383 24.411 24.439 24.848 25.776 26.642 26.775 26.812 26.851 26.889 26.927 26.963 26.999 27.034 27.068 27.102 27.134 27.166 27.197 27.227 27.257 27.286 27.313 27.340 27.366 27.392 27.416 27.439 27.462 27.484 27.506 27.527 27.547 27.567 27.585 27.603 27.620 27.636 27.652 27.666 27.680 27.693 27.706 27.717 27.728 27.737 27.746 27.754 27.761 27.767 27.772 27.775 27.777 27.778 27.778 27.778 27.777 27.775 27.772 27.767 27.759 27.703 27.556
24.047 24.068 24.098 24.130 24.185 24.232 24.257 24.282 24.309 24.334 24.360 24.389 24.414 24.469 25.184 26.079 26.722 26.791 26.828 26.865 26.901 26.936 26.972 27.008 27.042 27.077 27.109 27.142 27.174 27.204 27.234 27.264 27.292 27.320 27.347 27.373 27.398 27.422 27.446 27.468 27.490 27.511 27.532 27.552 27.572 27.590 27.608 27.624 27.641 27.656 27.670 27.684 27.697 27.708 27.720 27.730 27.739 27.748 27.756 27.762 27.768 27.772 27.776 27.777 27.778 27.778 27.778 27.777 27.774 27.771 27.766 27.753 27.656 27.523
24.059 24.089 24.119 24.152 24.189 24.226 24.253 24.282 24.307 24.331 24.355 24.382 24.408 24.610 25.500 26.313 26.754 26.800 26.839 26.878 26.915 26.951 26.985 27.018 27.051 27.084 27.117 27.149 27.181 27.212 27.242 27.271 27.299 27.326 27.353 27.379 27.404 27.428 27.451 27.474 27.496 27.517 27.538 27.557 27.576 27.594 27.612 27.629 27.644 27.659 27.674 27.687 27.700 27.712 27.723 27.733 27.742 27.751 27.758 27.764 27.770 27.774 27.777 27.778 27.778 27.778 27.778 27.777 27.774 27.770 27.764 27.738 27.608 27.510
24.077 24.119 24.142 24.163 24.187 24.212 24.235 24.258 24.284 24.308 24.334 24.362 24.406 24.856 25.759 26.569 26.769 26.809 26.848 26.887 26.924 26.961 26.996 27.031 27.064 27.096 27.127 27.157 27.188 27.219 27.248 27.277 27.306 27.333 27.359 27.385 27.410 27.434 27.457 27.479 27.501 27.522 27.543 27.562 27.581 27.599 27.616 27.633 27.649 27.663 27.678 27.691 27.703 27.715 27.726 27.736 27.744 27.753 27.760 27.766 27.771 27.774 27.777 27.778 27.778 27.778 27.777 27.776 27.772 27.768 27.762 27.708 27.568 27.512
24.066 24.106 24.119 24.121 24.149 24.199 24.222 24.243 24.263 24.283 24.306 24.338 24.456 25.156 26.007 26.693 26.778 26.818 26.857 26.896 26.933 26.969 27.004 27.039 27.073 27.107 27.138 27.169 27.198 27.227 27.255 27.284 27.312 27.339 27.366 27.391 27.416 27.440 27.463 27.486 27.507 27.527 27.547 27.567 27.586 27.603 27.621 27.637 27.653 27.667 27.681 27.694 27.707 27.718 27.728 27.738 27.747 27.754 27.761 27.767 27.772 27.775 27.777 27.778 27.778 27.778 27.777 27.775 27.772 27.767 27.757 27.655 27.537 27.502
24.068 24.087 24.069 23.990 24.039 24.143 24.170 24.244 24.281 24.311 24.341 24.381 24.602 25.479 26.269 26.742 26.788 26.827 26.866 26.904 26.941 26.977 27.013 27.047 27.081 27.114 27.146 27.177 27.208 27.237 27.265 27.292 27.319 27.346 27.372 27.397 27.422 27.446 27.469 27.491 27.513 27.533 27.553 27.572 27.590 27.608 27.625 27.641 27.657 27.671 27.685 27.698 27.710 27.721 27.731 27.741 27.749 27.757 27.763 27.768 27.772 27.776 27.777 27.778 27.778 27.778 27.777 27.774 27.771 27.765 27.737 27.597 27.524 27.491
24.064 24.081 24.091 24.111 24.134 24.159 24.198 24.252 24.278 24.306 24.334 24.402 24.795 25.763 26.599 26.758 26.797 26.836 26.874 26.913 26.949 26.986 27.021 27.056 27.089 27.122 27.154 27.185 27.216 27.246 27.274 27.302 27.329 27.354 27.379 27.403 27.428 27.452 27.474 27.497 27.518 27.539 27.558 27.577 27.595 27.612 27.629 27.645 27.660 27.674 27.688 27.701 27.713 27.724 27.734 27.743 27.752 27.759 27.766 27.771 27.774 27.777 27.778 27.778 27.778 27.777 27.776 27.772 27.768 27.761 27.694 27.558 27.527 27.506
24.096 24.117 24.134 24.151 24.168 24.204 24.243 24.269 24.293 24.321 24.351 24.402 24.926 25.966 26.702 26.776 26.813 26.850 26.886 26.921 26.958 26.994 27.029 27.063 27.097 27.129 27.162 27.193 27.223 27.252 27.281 27.309 27.336 27.363 27.388 27.412 27.436 27.458 27.480 27.502 27.523 27.544 27.564 27.583 27.601 27.618 27.634 27.649 27.664 27.678 27.692 27.704 27.716 27.727 27.737 27.746 27.753 27.761 27.767 27.772 27.775 27.777 27.778 27.778 27.778 27.777 27.775 27.772 27.767 27.751 27.634 27.548 27.532 27.519
24.082 24.102 24.122 24.141 24.159 24.191 24.239 24.267 24.294 24.323 24.359 24.461 25.187 26.249 26.738 26.784 26.824 26.863 26.901 26.936 26.971 27.004 27.037 27.071 27.104 27.137 27.169 27.200 27.230 27.259 27.288 27.316 27.343 27.369 27.394 27.419 27.443 27.466 27.487 27.508 27.528 27.549 27.568 27.587 27.605 27.622 27.638 27.654 27.668 27.682 27.695 27.707 27.719 27.729 27.739 27.748 27.756 27.762 27.768 27.772 27.776 27.777 27.778 27.778 27.778 27.777 27.774 27.771 27.765 27.720 27.585 27.551 27.537 27.524
24.049 24.071 24.095 24.116 24.137 24.163 24.196 24.228 24.269 24.322 24.372 24.572 25.494 26.612 26.754 26.794 26.833 26.872 26.909 26.946 26.982 27.017 27.049 27.081 27.112 27.144 27.176 27.207 27.237 27.266 27.294 27.322 27.349 27.375 27.401 27.425 27.449 27.472 27.494 27.515 27.535 27.554 27.573 27.592 27.609 27.626 27.642 27.658 27.672 27.686 27.699 27.711 27.722 27.732 27.742 27.750 27.758 27.764 27.770 27.774 27.777 27.778 27.778 27.778 27.778 27.777 27.774 27.770 27.759 27.670 27.567 27.551 27.539 27.527
24.013 24.036 24.061 24.086 24.099 24.109 24.103 24.142 24.263 24.329 24.414 24.801 25.791 26.706 26.763 26.803 26.843 26.881 26.918 26.955 26.991 27.026 27.061 27.094 27.125 27.156 27.185 27.214 27.243 27.273 27.301 27.329 27.356 27.381 27.407 27.431 27.454 27.477 27.499 27.521 27.541 27.561 27.579 27.597 27.614 27.630 27.646 27.662 27.676 27.689 27.702 27.714 27.725 27.735 27.744 27.752 27.759 27.766 27.771 27.774 27.777 27.778 27.778 27.778 27.777 27.776 27.772 27.768 27.744 27.623 27.567 27.553 27.541 27.528
23.975 24.002 24.027 24.049 24.060 24.093 24.125 24.168 24.284 24.352 24.528 25.186 26.176 26.732 26.776 26.813 26.852 26.890 26.927 26.964 26.999 27.034 27.068 27.102 27.134 27.166 27.196 27.226 27.253 27.281 27.308 27.335 27.362 27.387 27.412 27.437 27.460 27.483 27.504 27.526 27.546 27.566 27.584 27.602 27.619 27.635 27.651 27.665 27.679 27.692 27.705 27.717 27.727 27.737 27.746 27.754 27.761 27.767 27.772 27.775 27.777 27.778 27.778 27.778 27.777 27.775 27.772 27.766 27.720 27.595 27.568 27.555 27.542 27.530
23.954 23.976 24.000 24.033 24.071 24.109 24.170 24.233 24.323 24.392 24.749 25.593 26.641 26.751 26.791 26.829 26.866 26.902 26.936 26.972 27.008 27.043 27.077 27.109 27.142 27.173 27.203 27.233 27.262 27.291 27.317 27.343 27.368 27.393 27.418 27.442 27.466 27.488 27.510 27.531 27.551 27.570 27.589 27.607 27.623 27.640 27.655 27.669 27.683 27.696 27.708 27.719 27.730 27.739 27.748 27.756 27.762 27.768 27.772 27.776 27.777 27.778 27.778 27.778 27.777 27.774 27.771 27.763 27.688 27.580 27.567 27.556 27.544 27.532
23.972 23.992 24.011 24.019 24.039 24.072 24.138 24.248 24.342 24.462 25.014 25.925 26.713 26.761 26.801 26.840 26.878 26.916 26.951 26.986 27.018 27.051 27.084 27.117 27.149 27.181 27.211 27.241 27.269 27.298 27.326 27.352 27.377 27.401 27.425 27.448 27.471 27.493 27.515 27.536 27.556 27.575 27.593 27.611 27.628 27.644 27.659 27.673 27.687 27.699 27.711 27.722 27.732 27.742 27.751 27.758 27.764 27.770 27.774 27.777 27.778 27.778 27.778 27.778 27.777 27.774 27.770 27.754 27.657 27.575 27.564 27.552 27.541 27.530
23.991 24.017 24.039 24.062 24.083 24.095 24.132 24.251 24.354 24.557 25.282 26.229 26.729 26.770 26.810 26.849 26.887 26.924 26.961 26.997 27.032 27.064 27.096 27.127 27.157 27.188 27.218 27.248 27.277 27.304 27.332 27.358 27.384 27.409 27.433 27.456 27.477 27.498 27.520 27.541 27.561 27.579 27.598 27.615 27.632 27.647 27.662 27.677 27.690 27.703 27.714 27.725 27.735 27.744 27.752 27.759 27.766 27.771 27.774 27.777 27.778 27.778 27.778 27.777 27.776 27.772 27.767 27.737 27.625 27.575 27.564 27.551 27.539 27.528
23.991 24.031 24.061 24.088 24.141 24.173 24.206 24.279 24.363 24.691 25.571 26.584 26.738 26.779 26.819 26.858 26.896 26.933 26.970 27.006 27.040 27.074 27.107 27.139 27.169 27.199 27.227 27.255 27.283 27.311 27.338 27.364 27.390 27.415 27.439 27.462 27.485 27.506 27.527 27.546 27.565 27.584 27.602 27.619 27.636 27.651 27.666 27.680 27.693 27.706 27.717 27.728 27.737 27.746 27.754 27.761 27.767 27.772 27.775 27.777 27.778 27.778 27.778 27.777 27.775 27.772 27.765 27.706 27.597 27.578 27.568 27.556 27.543 27.531
23.943 23.992 24.023 24.051 24.110 24.162 24.232 24.297 24.375 24.911 25.877 26.681 26.747 26.788 26.828 26.867 26.905 26.942 26.978 27.014 27.048 27.082 27.115 27.147 27.178 27.208 27.238 27.266 27.293 27.319 27.344 27.371 27.396 27.421 27.445 27.468 27.490 27.512 27.533 27.553 27.572 27.589 27.607 27.623 27.639 27.655 27.670 27.683 27.697 27.709 27.720 27.730 27.740 27.748 27.756 27.762 27.768 27.772 27.776 27.777 27.778 27.778 27.778 27.777 27.774 27.771 27.759 27.669 27.584 27.573 27.563 27.552 27.542 27.530
23.924 23.984 24.017 24.044 24.072 24.112 24.218 24.298 24.416 25.176 26.198 26.715 26.756 26.797 26.837 26.876 26.914 26.951 26.987 27.022 27.057 27.090 27.123 27.154 27.186 27.216 27.245 27.274 27.302 27.329 27.354 27.379 27.403 27.427 27.450 27.473 27.496 27.517 27.538 27.557 27.577 27.594 27.612 27.628 27.644 27.659 27.673 27.687 27.699 27.712 27.723 27.733 27.742 27.751 27.758 27.764 27.770 27.774 27.777 27.778 27.778 27.778 27.778 27.777 27.774 27.770 27.746 27.637 27.584 27.573 27.562 27.551 27.541 27.528
23.912 23.979 24.008 24.032 24.059 24.096 24.211 24.303 24.509 25.453 26.536 26.724 26.765 26.806 26.846 26.884 26.922 26.959 26.995 27.031 27.064 27.098 27.131 27.162 27.193 27.223 27.252 27.281 27.308 27.336 27.362 27.387 27.412 27.435 27.458 27.479 27.501 27.522 27.542 27.562 27.581 27.599 27.617 27.633 27.649 27.663 27.677 27.691 27.703 27.714 27.726 27.736 27.744 27.753 27.760 27.766 27.771 27.774 27.777 27.778 27.778 27.778 27.777 27.776 27.772 27.767 27.724 27.613 27.589 27.579 27.568 27.555 27.542 27.526
23.906 23.956 23.964 23.976 24.012 24.108 24.213 24.309 24.704 25.762 26.658 26.741 26.779 26.818 26.854 26.893 26.931 26.968 27.003 27.038 27.073 27.106 27.138 27.170 27.201 27.231 27.259 27.288 27.316 27.342 27.368 27.393 27.418 27.442 27.464 27.487 27.507 27.528 27.547 27.567 27.586 27.604 27.621 27.637 27.653 27.667 27.682 27.694 27.707 27.718 27.728 27.738 27.747 27.754 27.761 27.767 27.772 27.775 27.777 27.778 27.778 27.778 27.777 27.775 27.772 27.764 27.689 27.597 27.587 27.577 27.567 27.556 27.544 27.528
23.899 23.933 23.888 23.841 23.933 24.112 24.209 24.319 24.963 26.073 26.703 26.752 26.793 26.832 26.870 26.906 26.942 26.976 27.011 27.046 27.081 27.114 27.146 27.177 27.208 27.238 27.267 27.295 27.322 27.349 27.374 27.399 27.424 27.447 27.471 27.493 27.514 27.534 27.554 27.573 27.591 27.608 27.625 27.641 27.657 27.671 27.685 27.698 27.710 27.721 27.731 27.741 27.749 27.756 27.763 27.768 27.772 27.776 27.777 27.778 27.778 27.778 27.777 27.774 27.771 27.751 27.642 27.595 27.584 27.574 27.569 27.562 27.547 27.532
23.886 23.909 23.823 23.830 23.931 24.114 24.201 24.400 25.251 26.429 26.719 26.761 26.802 26.841 26.880 26.918 26.955 26.990 27.024 27.056 27.088 27.122 27.154 27.185 27.216 27.245 27.274 27.302 27.329 27.355 27.381 27.406 27.430 27.453 27.476 27.498 27.519 27.539 27.559 27.578 27.596 27.613 27.629 27.645 27.660 27.674 27.688 27.701 27.713 27.724 27.734 27.743 27.752 27.759 27.765 27.771 27.774 27.777 27.778 27.778 27.778 27.777 27.776 27.772 27.767 27.724 27.613 27.603 27.594 27.589 27.581 27.568 27.555 27.520
23.884 23.909 23.921 23.951 24.011 24.116 24.203 24.603 25.587 26.623 26.727 26.769 26.810 26.850 26.889 26.927 26.964 26.999 27.035 27.068 27.101 27.131 27.161 27.192 27.223 27.252 27.281 27.308 27.336 27.362 27.387 27.412 27.436 27.459 27.482 27.503 27.524 27.544 27.564 27.583 27.601 27.618 27.634 27.650 27.664 27.678 27.692 27.704 27.716 27.727 27.737 27.746 27.754 27.761 27.767 27.772 27.775 27.777 27.778 27.778 27.778 27.777 27.775 27.772 27.763 27.681 27.614 27.604 27.607 27.601 27.584 27.567 27.532 27.498
23.913 23.943 23.972 24.005 24.037 24.101 24.220 24.850 25.878 26.673 26.736 26.778 26.818 26.858 26.897 26.936 26.972 27.008 27.043 27.078 27.111 27.143 27.174 27.203 27.232 27.259 27.287 27.316 27.342 27.368 27.394 27.418 27.442 27.465 27.487 27.508 27.529 27.549 27.569 27.587 27.606 27.622 27.638 27.654 27.669 27.683 27.696 27.707 27.719 27.729 27.739 27.748 27.756 27.762 27.768 27.772 27.776 27.777 27.778 27.778 27.778 27.777 27.774 27.771 27.749 27.645 27.636 27.628 27.620 27.605 27.574 27.547 27.512 27.500
23.899 23.927 23.949 23.978 24.032 24.092 24.272 25.089 26.132 26.701 26.743 26.786 26.827 26.867 26.906 26.943 26.981 27.017 27.052 27.086 27.119 27.151 27.182 27.213 27.242 27.271 27.297 27.323 27.349 27.375 27.400 27.424 27.448 27.471 27.492 27.514 27.534 27.554 27.573 27.592 27.609 27.627 27.643 27.658 27.672 27.686 27.699 27.711 27.722 27.732 27.742 27.750 27.758 27.764 27.770 27.774 27.777 27.778 27.778 27.778 27.778 27.777 27.774 27.769 27.722 27.642 27.634 27.634 27.624 27.598 27.563 27.538 27.523 27.508
23.873 23.902 23.905 23.868 24.011 24.086 24.382 25.339 26.407 26.717 26.757 26.797 26.834 26.874 26.913 26.952 26.988 27.024 27.059 27.093 27.127 27.159 27.190 27.220 27.249 27.278 27.306 27.333 27.358 27.383 27.407 27.431 27.454 27.476 27.497 27.520 27.539 27.559 27.578 27.597 27.614 27.631 27.647 27.662 27.676 27.689 27.702 27.714 27.725 27.735 27.744 27.752 27.759 27.766 27.771 27.774 27.777 27.778 27.778 27.778 27.777 27.776 27.772 27.763 27.692 27.661 27.653 27.644 27.623 27.588 27.566 27.554 27.538 27.506
23.849 23.872 23.759 23.744 23.992 24.089 24.539 25.606 26.592 26.727 26.769 26.811 26.850 26.888 26.924 26.959 26.996 27.032 27.067 27.101 27.134 27.166 27.197 27.228 27.257 27.286 27.313 27.341 27.367 27.392 27.417 27.440 27.463 27.485 27.506 27.527 27.547 27.565 27.583 27.601 27.618 27.634 27.651 27.666 27.679 27.693 27.705 27.717 27.727 27.737 27.746 27.754 27.761 27.767 27.772 27.775 27.777 27.778 27.778 27.778 27.777 27.775 27.772 27.751 27.675 27.668 27.661 27.645 27.611 27.578 27.564 27.552 27.519 27.470
23.821 23.703 23.729 23.794 23.990 24.109 24.764 25.873 26.659 26.735 26.777 26.819 26.859 26.899 26.937 26.973 27.008 27.042 27.074 27.108 27.142 27.174 27.204 27.235 27.264 27.293 27.321 27.347 27.373 27.398 27.422 27.446 27.468 27.490 27.512 27.532 27.552 27.571 27.589 27.607 27.623 27.639 27.654 27.669 27.683 27.696 27.708 27.719 27.730 27.739 27.748 27.756 27.762 27.768 27.772 27.776 27.777 27.778 27.778 27.778 27.777 27.774 27.770 27.733 27.667 27.661 27.653 27.632 27.607 27.587 27.576 27.551 27.497 27.409
