LISFLOOD/results/run1.inittm
ncols         413
nrows         307
xllcorner     341179.518085
yllcorner     4516729.658735
cellsize      10.000000
NODATA_value  -9999.000000
[rows 90 to 119 of 307, columns 132 to 197 of 413]
-9999.000 -9999.000 -9999.000 -9999.000 -9999.000 -9999.000 -9999.000 -9999.000 -9999.000 -9999.000 -9999.000 -9999.000 -9999.000 -9999.000 -9999.000 -9999.000 -9999.000 -9999.000 -9999.000 -9999.000 -9999.000 -9999.000 -9999.000 -9999.000 -9999.000 -9999.000 -9999.000 -9999.000 -9999.000 -9999.000 -9999.000 -9999.000 -9999.000 -9999.000 -9999.000 -9999.000 -9999.000 -9999.000 -9999.000 -9999.000 -9999.000 -9999.000 27.622 26.732 26.363 26.110 25.900 25.019 25.144 25.085 24.167 23.503 23.082 22.913 22.800 22.159 21.235 20.423 19.640 18.799 17.833 17.623 17.387 15.993 14.142 13.727
-9999.000 -9999.000 -9999.000 -9999.000 -9999.000 -9999.000 -9999.000 -9999.000 -9999.000 -9999.000 -9999.000 -9999.000 -9999.000 -9999.000 -9999.000 -9999.000 -9999.000 -9999.000 -9999.000 -9999.000 -9999.000 -9999.000 -9999.000 -9999.000 -9999.000 -9999.000 -9999.000 -9999.000 -9999.000 -9999.000 -9999.000 -9999.000 -9999.000 -9999.000 -9999.000 -9999.000 -9999.000 -9999.000 -9999.000 -9999.000 -9999.000 -9999.000 27.046 26.603 26.512 25.867 24.771 24.577 24.380 24.122 23.582 23.243 23.053 22.977 22.837 22.014 21.042 20.438 19.456 18.277 17.645 17.406 16.894 15.303 13.618 13.464
-9999.000 -9999.000 -9999.000 -9999.000 -9999.000 -9999.000 -9999.000 -9999.000 -9999.000 -9999.000 -9999.000 -9999.000 -9999.000 -9999.000 -9999.000 -9999.000 -9999.000 -9999.000 -9999.000 -9999.000 -9999.000 -9999.000 -9999.000 -9999.000 -9999.000 -9999.000 -9999.000 -9999.000 -9999.000 -9999.000 -9999.000 -9999.000 -9999.000 -9999.000 -9999.000 -9999.000 -9999.000 -9999.000 -9999.000 -9999.000 -9999.000 -9999.000 26.753 26.676 26.664 25.904 24.558 24.316 23.874 23.494 23.259 23.058 23.010 23.016 22.533 21.467 20.596 19.846 18.822 17.828 17.480 17.074 16.027 14.312 13.522 13.437
-9999.000 -9999.000 -9999.000 -9999.000 -9999.000 -9999.000 -9999.000 -9999.000 -9999.000 -9999.000 -9999.000 -9999.000 -9999.000 -9999.000 -9999.000 -9999.000 -9999.000 -9999.000 -9999.000 -9999.000 -9999.000 -9999.000 -9999.000 -9999.000 -9999.000 -9999.000 -9999.000 -9999.000 -9999.000 -9999.000 -9999.000 -9999.000 -9999.000 -9999.000 -9999.000 -9999.000 -9999.000 -9999.000 -9999.000 -9999.000 -9999.000 26.968 26.504 26.395 26.241 24.971 24.486 24.284 23.718 23.387 23.060 22.636 22.434 22.742 22.284 21.131 20.447 19.919 18.498 17.684 17.621 16.889 15.394 13.889 13.548 13.431
-9999.000 -9999.000 -9999.000 -9999.000 -9999.000 -9999.000 -9999.000 -9999.000 -9999.000 -9999.000 -9999.000 -9999.000 -9999.000 -9999.000 -9999.000 -9999.000 -9999.000 -9999.000 -9999.000 -9999.000 -9999.000 -9999.000 -9999.000 -9999.000 -9999.000 -9999.000 -9999.000 -9999.000 -9999.000 -9999.000 -9999.000 -9999.000 -9999.000 -9999.000 -9999.000 -9999.000 -9999.000 -9999.000 -9999.000 -9999.000 27.392 26.623 26.519 26.363 25.792 24.727 24.642 24.444 23.662 23.508 23.515 22.989 22.094 21.498 20.972 20.389 20.036 19.453 17.982 17.681 17.747 17.064 15.167 13.874 13.688 13.488
-9999.000 -9999.000 -9999.000 -9999.000 -9999.000 -9999.000 -9999.000 -9999.000 -9999.000 -9999.000 -9999.000 -9999.000 -9999.000 -9999.000 -9999.000 -9999.000 -9999.000 -9999.000 -9999.000 -9999.000 -9999.000 -9999.000 -9999.000 -9999.000 -9999.000 -9999.000 -9999.000 -9999.000 -9999.000 -9999.000 -9999.000 -9999.000 -9999.000 -9999.000 -9999.000 -9999.000 -9999.000 -9999.000 -9999.000 -9999.000 26.822 26.463 26.317 26.018 25.172 24.815 24.932 24.412 23.757 23.869 23.939 23.326 22.590 21.673 20.542 19.581 18.993 18.363 17.558 17.323 17.157 16.177 14.431 13.781 13.706 13.456
-9999.000 -9999.000 -9999.000 -9999.000 -9999.000 -9999.000 -9999.000 -9999.000 -9999.000 -9999.000 -9999.000 -9999.000 -9999.000 -9999.000 -9999.000 -9999.000 -9999.000 -9999.000 -9999.000 -9999.000 -9999.000 -9999.000 -9999.000 -9999.000 -9999.000 -9999.000 -9999.000 -9999.000 -9999.000 -9999.000 -9999.000 -9999.000 -9999.000 -9999.000 -9999.000 -9999.000 -9999.000 -9999.000 -9999.000 27.231 26.645 26.562 26.696 25.696 24.948 24.854 24.796 24.004 23.829 24.086 24.036 23.333 22.656 21.574 20.887 20.161 18.860 17.754 17.258 16.983 16.731 15.621 14.018 13.689 13.626 13.423
-9999.000 -9999.000 -9999.000 -9999.000 -9999.000 -9999.000 -9999.000 -9999.000 -9999.000 -9999.000 -9999.000 -9999.000 -9999.000 -9999.000 -9999.000 -9999.000 -9999.000 -9999.000 -9999.000 -9999.000 -9999.000 -9999.000 -9999.000 -9999.000 -9999.000 -9999.000 -9999.000 -9999.000 -9999.000 -9999.000 -9999.000 -9999.000 -9999.000 -9999.000 -9999.000 -9999.000 -9999.000 -9999.000 27.565 26.819 26.598 26.658 26.489 25.361 24.656 24.223 24.144 24.067 24.184 24.181 23.712 23.074 22.220 21.252 20.814 20.417 18.827 17.600 17.255 16.649 16.123 15.446 14.438 13.829 13.749 13.527
-9999.000 -9999.000 -9999.000 -9999.000 -9999.000 -9999.000 -9999.000 -9999.000 -9999.000 -9999.000 -9999.000 -9999.000 -9999.000 -9999.000 -9999.000 -9999.000 -9999.000 -9999.000 -9999.000 -9999.000 -9999.000 -9999.000 -9999.000 -9999.000 -9999.000 -9999.000 -9999.000 -9999.000 -9999.000 -9999.000 -9999.000 -9999.000 -9999.000 -9999.000 -9999.000 -9999.000 -9999.000 -9999.000 27.294 26.686 26.366 26.252 25.849 24.955 24.411 24.304 24.208 24.310 25.065 24.536 23.408 22.563 21.560 21.194 20.887 20.066 18.393 17.793 17.487 16.782 15.871 15.291 14.666 14.004 13.949 13.660
-9999.000 -9999.000 -9999.000 -9999.000 -9999.000 -9999.000 -9999.000 -9999.000 -9999.000 -9999.000 -9999.000 -9999.000 -9999.000 -9999.000 -9999.000 -9999.000 -9999.000 -9999.000 -9999.000 -9999.000 -9999.000 -9999.000 -9999.000 -9999.000 -9999.000 -9999.000 -9999.000 -9999.000 -9999.000 -9999.000 -9999.000 -9999.000 -9999.000 -9999.000 -9999.000 -9999.000 -9999.000 27.021 26.252 26.043 25.901 25.656 25.126 24.762 24.472 24.395 24.279 24.537 25.372 24.453 23.064 22.053 21.503 21.432 21.230 19.698 18.271 17.986 17.435 16.589 15.841 15.348 14.715 14.073 13.938 13.722
-9999.000 -9999.000 -9999.000 -9999.000 -9999.000 -9999.000 -9999.000 -9999.000 -9999.000 -9999.000 -9999.000 -9999.000 -9999.000 -9999.000 -9999.000 -9999.000 -9999.000 -9999.000 -9999.000 -9999.000 -9999.000 -9999.000 -9999.000 -9999.000 -9999.000 -9999.000 -9999.000 -9999.000 -9999.000 -9999.000 -9999.000 -9999.000 -9999.000 -9999.000 -9999.000 -9999.000 27.495 26.609 25.901 25.667 25.559 25.233 24.835 24.657 24.552 24.554 24.386 24.451 24.363 23.712 22.796 21.786 21.384 21.364 20.950 19.169 18.308 17.891 17.092 16.027 15.477 15.183 14.577 14.093 13.871 13.767
-9999.000 -9999.000 -9999.000 -9999.000 -9999.000 -9999.000 -9999.000 -9999.000 -9999.000 -9999.000 -9999.000 -9999.000 -9999.000 -9999.000 -9999.000 -9999.000 -9999.000 -9999.000 -9999.000 -9999.000 -9999.000 -9999.000 -9999.000 -9999.000 -9999.000 -9999.000 -9999.000 -9999.000 -9999.000 -9999.000 -9999.000 -9999.000 -9999.000 -9999.000 -9999.000 -9999.000 27.249 27.088 26.201 26.206 25.851 25.003 24.796 24.688 24.637 24.624 24.869 24.983 23.959 23.161 22.522 21.846 21.247 20.638 20.020 18.863 18.289 17.243 16.216 15.283 14.966 14.721 14.286 14.012 13.873 13.823
-9999.000 -9999.000 -9999.000 -9999.000 -9999.000 -9999.000 -9999.000 -9999.000 -9999.000 -9999.000 -9999.000 -9999.000 -9999.000 -9999.000 -9999.000 -9999.000 -9999.000 -9999.000 -9999.000 -9999.000 -9999.000 -9999.000 -9999.000 -9999.000 -9999.000 -9999.000 -9999.000 -9999.000 -9999.000 -9999.000 -9999.000 -9999.000 -9999.000 -9999.000 -9999.000 27.395 27.286 27.184 26.931 27.290 26.239 24.958 24.847 24.808 24.789 24.699 25.262 25.261 23.705 22.842 22.122 21.761 21.257 20.467 19.479 18.972 18.528 17.337 15.559 14.687 14.498 14.285 14.099 13.932 13.878 13.837
-9999.000 -9999.000 -9999.000 -9999.000 -9999.000 -9999.000 -9999.000 -9999.000 -9999.000 -9999.000 -9999.000 -9999.000 -9999.000 -9999.000 -9999.000 -9999.000 -9999.000 -9999.000 -9999.000 27.734 27.473 27.540 -9999.000 -9999.000 -9999.000 -9999.000 -9999.000 -9999.000 -9999.000 -9999.000 -9999.000 -9999.000 -9999.000 -9999.000 27.774 27.412 27.201 27.088 27.020 27.324 25.451 24.993 24.938 24.899 24.827 24.654 24.567 24.213 23.061 22.473 21.873 21.506 20.936 20.273 19.313 19.081 18.707 17.473 15.395 14.463 14.239 14.121 14.012 13.908 13.864 13.823
-9999.000 -9999.000 -9999.000 -9999.000 -9999.000 -9999.000 -9999.000 -9999.000 -9999.000 -9999.000 -9999.000 -9999.000 -9999.000 -9999.000 -9999.000 -9999.000 27.314 27.634 27.542 27.018 26.840 27.106 27.564 -9999.000 -9999.000 -9999.000 -9999.000 -9999.000 -9999.000 -9999.000 -9999.000 -9999.000 -9999.000 -9999.000 27.282 27.136 26.310 26.063 25.763 25.572 25.104 25.045 24.996 24.914 24.776 24.686 24.123 23.346 22.838 22.245 21.719 21.320 20.752 19.863 19.252 19.109 18.747 17.154 15.179 14.497 14.206 14.113 14.018 13.917 13.862 13.814
-9999.000 -9999.000 -9999.000 -9999.000 -9999.000 -9999.000 -9999.000 -9999.000 -9999.000 -9999.000 -9999.000 27.752 27.667 -9999.000 -9999.000 27.114 26.996 27.314 27.012 26.568 26.566 26.806 27.093 27.461 -9999.000 -9999.000 -9999.000 27.608 -9999.000 -9999.000 -9999.000 -9999.000 -9999.000 27.287 26.642 26.519 26.407 26.462 25.882 25.112 24.978 24.891 24.775 24.681 24.702 24.683 23.997 23.068 22.951 22.225 21.706 21.381 20.478 19.504 18.875 18.407 18.005 16.398 15.025 14.574 14.257 14.211 14.126 14.017 13.898 13.809
-9999.000 -9999.000 -9999.000 -9999.000 -9999.000 -9999.000 -9999.000 -9999.000 -9999.000 -9999.000 -9999.000 27.641 27.546 27.443 27.058 26.487 26.858 26.999 26.478 26.157 26.213 26.503 26.746 26.972 27.516 27.649 27.142 27.167 -9999.000 -9999.000 -9999.000 -9999.000 27.397 26.738 26.641 26.561 26.489 26.432 25.887 25.161 25.228 25.425 24.906 24.228 23.967 23.854 23.333 23.047 22.914 22.387 21.899 21.384 19.962 19.177 18.343 17.490 16.871 15.733 14.926 14.601 14.329 14.255 14.216 14.130 14.021 13.854
-9999.000 -9999.000 -9999.000 -9999.000 -9999.000 -9999.000 -9999.000 -9999.000 -9999.000 -9999.000 -9999.000 27.503 27.466 27.203 26.429 26.198 26.777 26.693 26.079 25.704 25.818 26.379 26.643 26.677 26.729 26.719 26.522 27.024 27.652 27.576 27.467 27.056 26.614 26.537 26.606 26.529 26.436 26.359 25.382 25.220 25.506 25.683 24.748 23.662 23.316 23.203 22.982 22.796 22.571 22.255 21.939 20.916 19.492 19.036 18.242 17.272 16.361 15.497 14.938 14.684 14.468 14.299 14.198 14.146 14.029 13.899
-9999.000 -9999.000 -9999.000 -9999.000 -9999.000 -9999.000 -9999.000 -9999.000 -9999.000 -9999.000 -9999.000 27.181 27.111 26.757 26.003 26.004 26.372 26.217 25.600 25.196 25.368 25.949 26.394 26.497 26.373 26.071 26.107 26.916 27.240 26.841 26.197 26.107 25.919 26.078 26.304 26.330 26.228 25.835 25.337 25.296 25.592 24.969 23.816 23.217 23.112 23.038 22.962 22.799 22.513 21.824 21.237 20.199 19.280 18.936 18.249 17.452 16.461 15.519 15.069 14.970 14.908 14.562 14.247 14.142 14.011 13.966
-9999.000 -9999.000 -9999.000 -9999.000 -9999.000 -9999.000 -9999.000 -9999.000 -9999.000 27.763 27.205 26.683 26.530 26.039 25.677 25.884 25.854 25.504 25.100 24.804 24.863 25.219 25.807 26.091 25.929 25.626 25.814 26.237 26.042 25.720 25.367 25.256 25.251 25.588 25.966 26.267 26.177 25.498 25.382 25.469 25.438 24.182 23.423 23.227 23.163 23.119 23.144 23.184 22.834 21.880 20.701 19.747 19.132 18.678 18.017 17.484 16.497 15.587 15.137 15.155 15.215 15.031 14.387 14.183 14.055 14.172
-9999.000 -9999.000 -9999.000 -9999.000 -9999.000 -9999.000 -9999.000 -9999.000 -9999.000 27.446 26.713 26.339 26.002 25.566 25.417 25.604 25.554 25.194 24.808 24.688 24.674 24.799 25.362 25.436 25.266 25.192 25.378 25.379 24.704 24.339 24.481 24.640 24.898 25.331 25.648 25.779 25.704 25.480 25.441 25.614 24.976 23.847 23.377 23.216 23.216 23.169 23.109 23.019 22.849 21.893 20.380 19.424 18.558 18.209 17.706 17.139 16.229 15.521 15.194 15.222 15.233 15.114 14.449 14.186 14.103 14.419
-9999.000 -9999.000 -9999.000 -9999.000 -9999.000 -9999.000 -9999.000 -9999.000 -9999.000 27.686 26.679 26.573 26.090 25.510 25.285 25.121 24.997 24.882 24.693 24.611 24.583 24.614 24.726 24.941 24.824 24.826 24.767 24.431 24.057 24.059 24.220 24.397 24.652 25.184 25.525 25.573 25.402 25.286 25.326 25.239 24.425 23.720 23.380 22.986 22.892 22.783 22.456 22.022 21.819 21.123 19.984 18.901 17.768 17.491 17.009 16.462 15.815 15.298 14.981 14.876 14.829 14.764 14.447 14.211 14.179 14.503
-9999.000 -9999.000 -9999.000 -9999.000 -9999.000 -9999.000 -9999.000 -9999.000 -9999.000 27.592 26.827 27.077 26.453 25.589 25.392 25.153 24.916 24.735 24.661 24.577 24.533 24.561 24.526 24.513 24.474 24.394 24.110 24.037 23.959 24.008 24.115 24.194 24.477 25.048 25.098 25.279 25.049 25.176 25.208 24.597 23.773 23.276 22.848 22.579 22.496 22.181 21.707 21.117 20.817 20.326 19.516 18.277 17.338 16.840 16.027 15.698 15.601 15.301 14.984 14.767 14.629 14.498 14.321 14.249 14.305 14.593
-9999.000 -9999.000 -9999.000 -9999.000 -9999.000 -9999.000 -9999.000 -9999.000 -9999.000 27.735 26.914 26.676 25.988 25.576 25.519 25.320 24.997 24.726 24.656 24.585 24.497 24.443 24.401 24.333 24.273 24.153 23.981 23.897 23.851 23.832 23.864 24.034 24.271 24.938 24.938 24.762 24.638 24.968 24.551 24.033 23.143 22.562 22.060 21.893 21.717 21.282 20.896 20.681 20.392 19.881 18.907 17.811 17.098 16.389 15.849 15.678 15.607 15.504 15.357 15.249 14.833 14.430 14.331 14.298 14.359 14.471
-9999.000 -9999.000 -9999.000 -9999.000 -9999.000 -9999.000 -9999.000 -9999.000 -9999.000 -9999.000 27.134 26.432 25.659 25.495 25.393 25.182 24.964 24.866 25.013 25.158 24.927 24.495 24.337 24.287 24.239 24.183 24.082 23.797 23.753 23.729 23.754 23.922 24.088 24.749 24.617 24.346 24.252 24.149 23.520 23.093 22.371 21.797 21.361 21.173 20.897 20.626 20.456 20.373 20.021 19.434 18.257 17.426 16.741 16.093 15.855 15.751 15.678 15.608 15.545 15.486 14.929 14.444 14.384 14.429 14.427 14.313
-9999.000 -9999.000 -9999.000 -9999.000 -9999.000 -9999.000 -9999.000 -9999.000 -9999.000 -9999.000 27.184 26.403 25.856 25.708 25.478 25.260 25.101 25.251 25.474 25.723 25.633 25.101 24.418 24.312 24.247 24.181 24.114 23.777 23.715 23.674 23.658 23.804 23.948 24.282 24.201 24.109 24.061 23.761 22.879 21.980 21.399 21.117 20.856 20.636 20.397 20.228 20.157 20.080 19.689 18.714 17.596 16.958 16.352 16.013 15.899 15.813 15.741 15.627 15.390 15.132 14.662 14.478 14.487 14.783 14.723 14.373
-9999.000 -9999.000 -9999.000 -9999.000 -9999.000 -9999.000 -9999.000 -9999.000 -9999.000 -9999.000 27.454 26.646 26.289 25.904 25.759 25.592 25.612 26.111 26.423 26.474 26.069 25.236 24.751 24.888 24.841 24.587 24.119 23.820 23.688 23.631 23.598 23.717 23.844 23.799 23.745 23.698 23.543 23.394 22.658 21.407 20.879 20.792 20.568 20.241 20.141 19.972 19.880 19.780 19.254 17.767 16.818 16.637 16.302 16.035 15.947 15.821 15.507 15.143 14.909 14.855 14.658 14.536 14.844 15.460 15.068 14.588
-9999.000 -9999.000 -9999.000 -9999.000 -9999.000 -9999.000 -9999.000 -9999.000 -9999.000 -9999.000 -9999.000 27.158 26.909 26.525 26.116 25.993 26.102 26.552 27.103 27.043 26.302 25.493 25.389 25.502 25.424 25.182 24.771 24.351 23.681 23.589 23.540 23.626 23.737 23.479 23.440 23.368 23.109 22.756 21.981 21.130 20.836 20.769 20.383 19.732 19.745 19.761 19.672 19.546 18.493 16.828 16.649 16.595 16.364 16.085 15.968 15.561 15.126 14.942 14.826 14.760 14.643 14.604 15.222 15.531 15.154 14.759
-9999.000 -9999.000 -9999.000 -9999.000 -9999.000 -9999.000 -9999.000 -9999.000 -9999.000 -9999.000 -9999.000 27.629 27.441 27.005 26.544 26.572 26.600 26.784 27.197 27.167 26.398 25.884 26.135 26.257 26.044 25.783 25.714 25.317 24.454 23.568 23.484 23.431 23.379 23.274 23.257 23.186 22.942 22.468 21.669 21.061 20.945 20.909 20.424 19.631 19.511 19.501 19.501 19.237 17.285 16.472 16.532 16.519 16.383 16.081 15.939 15.514 15.166 15.097 14.952 14.776 14.689 14.693 14.931 15.228 15.202 14.851
-9999.000 -9999.000 -9999.000 -9999.000 -9999.000 -9999.000 -9999.000 -9999.000 -9999.000 -9999.000 -9999.000 -9999.000 27.723 27.250 26.923 27.236 27.275 27.393 27.317 27.112 26.633 26.463 26.447 26.724 26.710 26.454 26.345 26.113 25.784 24.891 23.830 23.439 23.267 23.195 23.106 23.040 22.807 22.436 21.788 21.135 21.086 21.074 20.481 19.816 19.460 19.382 19.319 18.393 16.477 16.342 16.343 16.312 16.228 16.041 15.756 15.532 15.417 15.404 15.295 14.868 14.801 15.003 14.999 15.015 14.959 14.819
