LISFLOOD/results/run11.mxe
ncols         413
nrows         307
xllcorner     341179.518085
yllcorner     4516729.658735
cellsize      10.000000
NODATA_value  -9999.000000
[rows 224 to 251 of 307, columns 124 to 185 of 413]
-9999.000 -9999.000 -9999.000 -9999.000 -9999.000 -9999.000 -9999.000 -9999.000 -9999.000 -9999.000 -9999.000 -9999.000 -9999.000 -9999.000 -9999.000 -9999.000 -9999.000 -9999.000 -9999.000 -9999.000 -9999.000 -9999.000 -9999.000 -9999.000 -9999.000 -9999.000 -9999.000 -9999.000 -9999.000 -9999.000 -9999.000 -9999.000 -9999.000 -9999.000 -9999.000 -9999.000 -9999.000 132.431 132.454 132.473 132.493 132.516 132.539 132.565 132.592 132.621 132.651 132.683 132.716 132.751 132.787 132.824 132.863 132.903 132.944 132.987 133.031 133.076 133.123 133.171 133.220 133.270
-9999.000 -9999.000 -9999.000 -9999.000 -9999.000 -9999.000 -9999.000 -9999.000 -9999.000 -9999.000 -9999.000 -9999.000 -9999.000 -9999.000 -9999.000 -9999.000 -9999.000 -9999.000 -9999.000 -9999.000 -9999.000 -9999.000 -9999.000 -9999.000 -9999.000 -9999.000 -9999.000 -9999.000 -9999.000 -9999.000 -9999.000 -9999.000 -9999.000 -9999.000 -9999.000 -9999.000 -9999.000 132.409 132.425 132.444 132.465 132.488 132.513 132.539 132.567 132.597 132.628 132.660 132.694 132.730 132.767 132.805 132.845 132.886 132.928 132.972 133.017 133.063 133.110 133.159 133.209 133.259
-9999.000 -9999.000 -9999.000 -9999.000 -9999.000 -9999.000 -9999.000 -9999.000 -9999.000 -9999.000 -9999.000 -9999.000 -9999.000 -9999.000 -9999.000 -9999.000 -9999.000 -9999.000 -9999.000 -9999.000 -9999.000 -9999.000 -9999.000 -9999.000 -9999.000 -9999.000 -9999.000 -9999.000 -9999.000 -9999.000 -9999.000 -9999.000 -9999.000 -9999.000 -9999.000 -9999.000 132.351 132.374 132.394 132.414 132.436 132.460 132.485 132.513 132.541 132.572 132.604 132.638 132.673 132.709 132.747 132.786 132.827 132.869 132.912 132.957 133.003 133.050 133.098 133.147 133.197 133.249
-9999.000 -9999.000 -9999.000 -9999.000 -9999.000 -9999.000 -9999.000 -9999.000 -9999.000 -9999.000 -9999.000 -9999.000 -9999.000 -9999.000 -9999.000 -9999.000 -9999.000 -9999.000 -9999.000 -9999.000 -9999.000 -9999.000 -9999.000 -9999.000 -9999.000 -9999.000 -9999.000 -9999.000 -9999.000 -9999.000 -9999.000 -9999.000 -9999.000 -9999.000 -9999.000 -9999.000 132.329 132.344 132.363 132.384 132.407 132.432 132.458 132.486 132.516 132.547 132.580 132.615 132.651 132.688 132.727 132.768 132.809 132.852 132.897 132.942 132.989 133.037 133.085 133.135 133.186 133.238
-9999.000 -9999.000 -9999.000 -9999.000 -9999.000 -9999.000 -9999.000 -9999.000 -9999.000 -9999.000 -9999.000 -9999.000 -9999.000 -9999.000 -9999.000 -9999.000 -9999.000 -9999.000 -9999.000 -9999.000 -9999.000 -9999.000 -9999.000 -9999.000 -9999.000 -9999.000 -9999.000 -9999.000 -9999.000 -9999.000 -9999.000 -9999.000 -9999.000 -9999.000 -9999.000 132.269 132.293 132.312 132.332 132.354 132.378 132.403 132.430 132.459 132.490 132.522 132.556 132.592 132.629 132.668 132.707 132.749 132.792 132.835 132.881 132.927 132.975 133.023 133.073 133.124 133.175 133.228
-9999.000 -9999.000 -9999.000 -9999.000 -9999.000 -9999.000 -9999.000 -9999.000 -9999.000 -9999.000 -9999.000 -9999.000 -9999.000 -9999.000 -9999.000 -9999.000 -9999.000 -9999.000 -9999.000 -9999.000 -9999.000 -9999.000 -9999.000 -9999.000 -9999.000 -9999.000 -9999.000 -9999.000 -9999.000 -9999.000 -9999.000 -9999.000 -9999.000 -9999.000 -9999.000 132.248 132.262 132.281 132.301 132.324 132.348 132.374 132.402 132.432 132.464 132.497 132.532 132.569 132.607 132.647 132.688 132.730 132.774 132.819 132.865 132.912 132.961 133.010 133.061 133.112 133.165 133.218
-9999.000 -9999.000 -9999.000 -9999.000 -9999.000 -9999.000 -9999.000 -9999.000 -9999.000 -9999.000 -9999.000 -9999.000 -9999.000 -9999.000 -9999.000 -9999.000 -9999.000 -9999.000 -9999.000 -9999.000 -9999.000 -9999.000 -9999.000 -9999.000 -9999.000 -9999.000 -9999.000 -9999.000 -9999.000 -9999.000 -9999.000 -9999.000 -9999.000 -9999.000 132.191 132.213 132.230 132.249 132.270 132.293 132.318 132.345 132.374 132.405 132.438 132.472 132.508 132.546 132.585 132.626 132.668 132.711 132.756 132.802 132.849 132.898 132.947 132.997 133.049 133.101 133.154 133.208
-9999.000 -9999.000 -9999.000 -9999.000 -9999.000 -9999.000 -9999.000 -9999.000 -9999.000 -9999.000 -9999.000 -9999.000 -9999.000 -9999.000 -9999.000 -9999.000 -9999.000 -9999.000 -9999.000 -9999.000 -9999.000 -9999.000 -9999.000 -9999.000 -9999.000 -9999.000 -9999.000 -9999.000 -9999.000 -9999.000 -9999.000 -9999.000 -9999.000 -9999.000 132.171 132.183 132.198 132.217 132.238 132.262 132.287 132.315 132.346 132.377 132.411 132.447 132.484 132.523 132.563 132.605 132.648 132.692 132.738 132.785 132.834 132.883 132.933 132.985 133.037 133.090 133.144 133.199
-9999.000 -9999.000 -9999.000 -9999.000 -9999.000 -9999.000 -9999.000 -9999.000 -9999.000 -9999.000 -9999.000 -9999.000 -9999.000 -9999.000 -9999.000 -9999.000 -9999.000 -9999.000 -9999.000 -9999.000 -9999.000 -9999.000 -9999.000 -9999.000 -9999.000 -9999.000 -9999.000 -9999.000 -9999.000 -9999.000 -9999.000 -9999.000 -9999.000 132.140 132.142 132.151 132.165 132.183 132.205 132.229 132.256 132.285 132.317 132.350 132.384 132.421 132.459 132.499 132.541 132.584 132.628 132.674 132.721 132.769 132.818 132.869 132.920 132.972 133.025 133.079 133.134 133.190
-9999.000 -9999.000 -9999.000 -9999.000 -9999.000 -9999.000 -9999.000 -9999.000 -9999.000 -9999.000 -9999.000 -9999.000 -9999.000 -9999.000 -9999.000 -9999.000 -9999.000 -9999.000 -9999.000 -9999.000 -9999.000 -9999.000 -9999.000 -9999.000 -9999.000 -9999.000 -9999.000 -9999.000 -9999.000 -9999.000 -9999.000 -9999.000 -9999.000 -9999.000 132.106 132.115 132.129 132.148 132.171 132.196 132.225 132.255 132.287 132.321 132.358 132.395 132.435 132.476 132.519 132.563 132.608 132.655 132.703 132.752 132.803 132.854 132.907 132.960 133.014 133.069 133.125 133.181
-9999.000 -9999.000 -9999.000 -9999.000 -9999.000 -9999.000 -9999.000 -9999.000 -9999.000 -9999.000 -9999.000 -9999.000 -9999.000 -9999.000 -9999.000 -9999.000 -9999.000 -9999.000 -9999.000 -9999.000 -9999.000 -9999.000 -9999.000 -9999.000 -9999.000 -9999.000 -9999.000 -9999.000 -9999.000 -9999.000 -9999.000 -9999.000 -9999.000 -9999.000 132.064 132.074 132.090 132.111 132.135 132.163 132.192 132.224 132.257 132.293 132.330 132.369 132.410 132.452 132.496 132.542 132.588 132.636 132.686 132.736 132.788 132.840 132.894 132.948 133.003 133.059 133.116 133.172
-9999.000 -9999.000 -9999.000 -9999.000 -9999.000 -9999.000 -9999.000 -9999.000 -9999.000 -9999.000 -9999.000 -9999.000 -9999.000 -9999.000 -9999.000 -9999.000 -9999.000 -9999.000 -9999.000 -9999.000 -9999.000 -9999.000 -9999.000 -9999.000 -9999.000 -9999.000 -9999.000 -9999.000 -9999.000 -9999.000 -9999.000 -9999.000 -9999.000 -9999.000 132.014 132.028 132.048 132.072 132.099 132.128 132.159 132.192 132.227 132.264 132.303 132.343 132.385 132.429 132.474 132.521 132.569 132.618 132.669 132.720 132.773 132.827 132.882 132.937 132.993 133.050 133.107 133.165
-9999.000 -9999.000 -9999.000 -9999.000 -9999.000 -9999.000 -9999.000 -9999.000 -9999.000 -9999.000 -9999.000 -9999.000 -9999.000 -9999.000 -9999.000 -9999.000 -9999.000 -9999.000 -9999.000 -9999.000 -9999.000 -9999.000 -9999.000 -9999.000 -9999.000 -9999.000 -9999.000 -9999.000 -9999.000 -9999.000 -9999.000 -9999.000 -9999.000 131.911 131.951 131.977 132.004 132.032 132.062 132.093 132.126 132.161 132.197 132.235 132.275 132.317 132.360 132.405 132.452 132.500 132.549 132.600 132.651 132.705 132.759 132.814 132.870 132.926 132.983 133.041 133.099 133.157
-9999.000 -9999.000 -9999.000 -9999.000 -9999.000 -9999.000 -9999.000 -9999.000 -9999.000 -9999.000 -9999.000 -9999.000 -9999.000 -9999.000 -9999.000 -9999.000 -9999.000 -9999.000 -9999.000 -9999.000 -9999.000 -9999.000 -9999.000 -9999.000 -9999.000 -9999.000 -9999.000 -9999.000 -9999.000 -9999.000 -9999.000 131.765 131.790 131.836 131.890 131.928 131.960 131.992 132.024 132.058 132.092 132.129 132.167 132.206 132.248 132.291 132.335 132.382 132.429 132.479 132.529 132.581 132.635 132.689 132.744 132.801 132.858 132.916 132.974 133.033 133.092 133.151
-9999.000 -9999.000 -9999.000 -9999.000 -9999.000 -9999.000 -9999.000 -9999.000 -9999.000 -9999.000 -9999.000 -9999.000 -9999.000 -9999.000 -9999.000 -9999.000 -9999.000 -9999.000 -9999.000 -9999.000 -9999.000 -9999.000 -9999.000 -9999.000 -9999.000 -9999.000 -9999.000 -9999.000 -9999.000 -9999.000 131.720 131.742 131.770 131.807 131.847 131.885 131.919 131.953 131.987 132.023 132.059 132.097 132.136 132.177 132.220 132.264 132.310 132.358 132.407 132.458 132.510 132.563 132.618 132.674 132.731 132.788 132.847 132.906 132.965 133.025 133.085 133.145
-9999.000 -9999.000 -9999.000 -9999.000 -9999.000 -9999.000 -9999.000 -9999.000 -9999.000 -9999.000 -9999.000 -9999.000 -9999.000 -9999.000 -9999.000 -9999.000 -9999.000 -9999.000 -9999.000 -9999.000 -9999.000 -9999.000 -9999.000 -9999.000 -9999.000 -9999.000 -9999.000 -9999.000 -9999.000 -9999.000 131.699 131.717 131.743 131.775 131.810 131.845 131.880 131.916 131.951 131.988 132.026 132.065 132.106 132.148 132.192 132.238 132.285 132.334 132.385 132.437 132.490 132.545 132.601 132.659 132.717 132.776 132.837 132.897 132.958 133.019 133.079 133.140
-9999.000 -9999.000 -9999.000 -9999.000 -9999.000 -9999.000 -9999.000 -9999.000 -9999.000 -9999.000 -9999.000 -9999.000 -9999.000 -9999.000 -9999.000 -9999.000 -9999.000 -9999.000 -9999.000 -9999.000 -9999.000 -9999.000 -9999.000 -9999.000 -9999.000 -9999.000 -9999.000 -9999.000 -9999.000 131.636 131.662 131.685 131.711 131.741 131.774 131.808 131.843 131.879 131.916 131.954 131.993 132.033 132.075 132.119 132.165 132.212 132.260 132.311 132.363 132.416 132.471 132.528 132.585 132.644 132.704 132.765 132.827 132.889 132.951 133.013 133.075 133.136
-9999.000 -9999.000 -9999.000 -9999.000 -9999.000 -9999.000 -9999.000 -9999.000 -9999.000 -9999.000 -9999.000 -9999.000 -9999.000 -9999.000 -9999.000 -9999.000 -9999.000 -9999.000 -9999.000 -9999.000 -9999.000 -9999.000 -9999.000 -9999.000 -9999.000 -9999.000 -9999.000 -9999.000 -9999.000 131.611 131.629 131.652 131.678 131.707 131.739 131.772 131.807 131.844 131.881 131.920 131.960 132.002 132.045 132.090 132.137 132.185 132.235 132.287 132.340 132.395 132.452 132.510 132.569 132.630 132.691 132.754 132.818 132.882 132.945 133.008 133.071 133.133
-9999.000 -9999.000 -9999.000 -9999.000 -9999.000 -9999.000 -9999.000 -9999.000 -9999.000 -9999.000 -9999.000 -9999.000 -9999.000 -9999.000 -9999.000 -9999.000 -9999.000 -9999.000 -9999.000 -9999.000 -9999.000 -9999.000 -9999.000 -9999.000 -9999.000 -9999.000 -9999.000 -9999.000 131.546 131.571 131.593 131.617 131.643 131.672 131.703 131.737 131.772 131.809 131.847 131.886 131.927 131.970 132.015 132.061 132.109 132.158 132.210 132.263 132.318 132.374 132.433 132.492 132.553 132.616 132.679 132.744 132.809 132.876 132.942 133.005 133.069 133.131
-9999.000 -9999.000 -9999.000 -9999.000 -9999.000 -9999.000 -9999.000 -9999.000 -9999.000 -9999.000 -9999.000 -9999.000 -9999.000 -9999.000 -9999.000 -9999.000 -9999.000 -9999.000 -9999.000 -9999.000 -9999.000 -9999.000 -9999.000 -9999.000 -9999.000 -9999.000 -9999.000 -9999.000 131.522 131.537 131.557 131.581 131.607 131.637 131.668 131.701 131.737 131.774 131.813 131.853 131.895 131.939 131.984 132.032 132.081 132.132 132.185 132.239 132.296 132.354 132.413 132.475 132.538 132.602 132.667 132.733 132.801 132.874 132.940 133.004 133.068 133.131
-9999.000 -9999.000 -9999.000 -9999.000 -9999.000 -9999.000 -9999.000 -9999.000 -9999.000 -9999.000 -9999.000 -9999.000 -9999.000 -9999.000 -9999.000 -9999.000 -9999.000 -9999.000 -9999.000 -9999.000 -9999.000 -9999.000 -9999.000 -9999.000 -9999.000 -9999.000 -9999.000 -9999.000 131.485 131.500 131.520 131.544 131.571 131.600 131.632 131.666 131.702 131.739 131.779 131.820 131.863 131.907 131.954 132.002 132.053 132.105 132.159 132.215 132.273 132.333 132.394 132.457 132.522 132.588 132.655 132.722 132.788 132.879 132.941 133.004 133.068 133.131
-9999.000 -9999.000 -9999.000 -9999.000 -9999.000 -9999.000 -9999.000 -9999.000 -9999.000 -9999.000 -9999.000 -9999.000 -9999.000 -9999.000 -9999.000 -9999.000 -9999.000 -9999.000 -9999.000 -9999.000 -9999.000 -9999.000 -9999.000 -9999.000 -9999.000 -9999.000 -9999.000 131.405 131.435 131.458 131.481 131.506 131.534 131.564 131.596 131.630 131.666 131.704 131.744 131.786 131.830 131.876 131.924 131.973 132.025 132.078 132.133 132.191 132.250 132.312 132.375 132.440 132.507 132.575 132.644 132.715 132.786 132.878 132.941 133.005 133.069 133.133
-9999.000 -9999.000 -9999.000 -9999.000 -9999.000 -9999.000 -9999.000 -9999.000 -9999.000 -9999.000 -9999.000 -9999.000 -9999.000 -9999.000 -9999.000 -9999.000 -9999.000 -9999.000 -9999.000 -9999.000 -9999.000 -9999.000 -9999.000 -9999.000 -9999.000 -9999.000 -9999.000 131.376 131.395 131.418 131.442 131.468 131.496 131.527 131.559 131.594 131.631 131.670 131.710 131.753 131.798 131.844 131.893 131.944 131.996 132.051 132.107 132.166 132.227 132.290 132.355 132.423 132.492 132.562 132.634 132.707 132.798 132.874 132.942 133.007 133.072 133.135
-9999.000 -9999.000 -9999.000 -9999.000 -9999.000 -9999.000 -9999.000 -9999.000 -9999.000 -9999.000 -9999.000 -9999.000 -9999.000 -9999.000 -9999.000 -9999.000 -9999.000 -9999.000 -9999.000 -9999.000 -9999.000 -9999.000 -9999.000 -9999.000 -9999.000 -9999.000 131.299 131.330 131.354 131.378 131.403 131.430 131.459 131.490 131.523 131.558 131.595 131.635 131.676 131.720 131.765 131.813 131.862 131.914 131.967 132.023 132.081 132.141 132.204 132.268 132.335 132.405 132.477 132.550 132.625 132.699 132.810 132.878 132.945 133.011 133.076 133.140
-9999.000 -9999.000 -9999.000 -9999.000 -9999.000 -9999.000 -9999.000 -9999.000 -9999.000 -9999.000 -9999.000 -9999.000 -9999.000 -9999.000 -9999.000 -9999.000 -9999.000 -9999.000 -9999.000 -9999.000 -9999.000 -9999.000 -9999.000 -9999.000 -9999.000 131.240 131.271 131.291 131.314 131.338 131.364 131.391 131.421 131.452 131.486 131.522 131.559 131.599 131.642 131.686 131.732 131.781 131.831 131.884 131.938 131.995 132.054 132.116 132.180 132.246 132.315 132.386 132.461 132.538 132.619 132.712 132.810 132.882 132.950 133.016 133.081 133.145
-9999.000 -9999.000 -9999.000 -9999.000 -9999.000 -9999.000 -9999.000 -9999.000 -9999.000 -9999.000 -9999.000 -9999.000 -9999.000 -9999.000 -9999.000 -9999.000 -9999.000 -9999.000 -9999.000 -9999.000 -9999.000 -9999.000 -9999.000 -9999.000 131.177 131.193 131.227 131.252 131.275 131.299 131.325 131.352 131.382 131.414 131.448 131.485 131.523 131.564 131.607 131.652 131.699 131.748 131.800 131.853 131.909 131.967 132.027 132.090 132.155 132.222 132.293 132.367 132.444 132.524 132.604 132.741 132.819 132.889 132.957 133.023 133.088 133.152
-9999.000 -9999.000 -9999.000 -9999.000 -9999.000 -9999.000 -9999.000 -9999.000 -9999.000 -9999.000 -9999.000 -9999.000 -9999.000 -9999.000 -9999.000 -9999.000 -9999.000 -9999.000 -9999.000 -9999.000 -9999.000 -9999.000 -9999.000 131.156 131.163 131.175 131.195 131.215 131.237 131.260 131.286 131.314 131.344 131.376 131.411 131.448 131.487 131.528 131.572 131.618 131.666 131.716 131.768 131.822 131.879 131.938 131.999 132.063 132.129 132.198 132.270 132.346 132.426 132.512 132.611 132.757 132.830 132.900 132.967 133.032 133.097 133.160
-9999.000 -9999.000 -9999.000 -9999.000 -9999.000 -9999.000 -9999.000 -9999.000 -9999.000 -9999.000 -9999.000 -9999.000 -9999.000 -9999.000 -9999.000 -9999.000 -9999.000 -9999.000 -9999.000 -9999.000 -9999.000 -9999.000 -9999.000 131.151 131.147 131.152 131.163 131.179 131.199 131.221 131.246 131.274 131.305 131.337 131.373 131.410 131.450 131.492 131.537 131.583 131.632 131.683 131.736 131.791 131.849 131.909 131.971 132.035 132.102 132.172 132.245 132.322 132.404 132.489 132.661 132.767 132.843 132.912 132.979 133.043 133.107 133.169
