LISFLOOD/results/run10.totaltm
ncols         413
nrows         307
xllcorner     341179.518085
yllcorner     4516729.658735
cellsize      10.000000
NODATA_value  -9999.000000
[rows 198 to 230 of 307, columns 150 to 224 of 413]
0.000 0.000 0.000 0.000 0.000 0.000 0.000 0.000 0.000 0.000 0.000 0.000 0.000 0.000 0.000 0.000 0.000 0.000 0.000 0.000 0.000 0.000 0.000 0.000 0.000 0.000 0.000 0.000 0.000 0.000 0.000 0.000 0.000 0.000 7.316 7.549 7.555 7.273 0.000 0.000 0.000 0.000 0.000 0.000 0.000 0.000 0.000 0.000 0.000 0.000 2.192 16.334 17.558 17.447 17.250 16.782 15.753 15.841 16.611 17.443 18.152 19.144 19.741 19.887 19.967 19.989 20.032 20.107 20.058 20.017 20.054 20.041 19.997 19.987 20.126
0.000 0.000 0.000 0.000 0.000 0.000 0.000 0.000 0.000 0.000 0.000 0.000 0.000 0.000 0.000 0.000 0.000 0.000 0.000 0.000 0.000 0.000 0.000 0.000 0.000 0.000 0.000 0.000 0.000 0.000 0.000 0.000 0.000 0.000 7.371 7.481 7.484 5.464 0.000 0.000 0.000 0.000 0.000 0.000 0.000 0.000 0.000 0.000 0.000 0.000 7.822 14.844 16.959 17.205 17.126 16.763 15.832 15.825 16.533 17.663 18.563 19.213 19.745 19.881 19.928 19.716 19.833 20.071 20.019 19.883 20.025 20.056 19.976 19.985 20.009
0.000 0.000 0.000 0.000 0.000 0.000 0.000 0.000 0.000 0.000 0.000 0.000 0.000 0.000 0.000 0.000 0.000 0.000 0.000 0.000 0.000 0.000 0.000 0.000 0.000 0.000 0.000 0.000 0.000 0.000 0.000 0.000 0.000 0.000 7.328 7.420 7.411 3.764 0.000 0.000 0.000 0.000 0.000 0.000 0.000 0.000 0.000 0.000 0.000 4.736 16.550 17.012 17.039 17.080 17.077 17.132 17.183 17.252 17.537 18.240 18.892 19.067 19.688 19.821 19.844 19.665 19.813 20.036 19.987 19.918 20.075 20.107 20.146 20.136 19.958
0.000 0.000 0.000 0.000 0.000 0.000 0.000 0.000 0.000 0.000 0.000 0.000 0.000 0.000 0.000 0.000 0.000 0.000 0.000 0.000 0.000 0.000 0.000 0.000 0.000 0.000 0.000 0.000 0.000 0.000 0.000 0.000 0.000 0.076 7.284 7.346 7.342 4.088 0.000 0.000 0.000 0.000 0.000 0.000 0.000 0.000 0.000 0.000 0.000 9.660 17.212 17.171 17.000 16.870 16.873 17.099 17.158 17.355 18.068 18.569 18.924 19.131 19.629 19.746 19.757 19.764 19.913 19.998 19.951 20.003 20.078 20.106 20.189 20.207 19.943
0.000 0.000 0.000 0.000 0.000 0.000 0.000 0.000 0.000 0.000 0.000 0.000 0.000 0.000 0.000 0.000 0.000 0.000 0.000 0.000 0.000 0.000 0.000 0.000 0.000 0.000 0.000 0.000 0.000 0.000 0.000 0.000 0.000 1.707 7.231 7.269 7.256 4.986 0.000 0.000 0.000 0.000 0.000 0.000 0.000 0.000 0.000 0.000 0.454 12.084 17.329 17.121 16.739 16.484 16.324 16.788 16.212 16.887 17.612 18.068 18.717 19.303 19.597 19.709 19.724 19.810 19.914 19.947 19.888 19.952 20.048 20.084 20.214 20.239 20.262
0.000 0.000 0.000 0.000 0.000 0.000 0.000 0.000 0.000 0.000 0.000 0.000 0.000 0.000 0.000 0.000 0.000 0.000 0.000 0.000 0.000 0.000 0.000 0.000 0.000 0.000 0.000 0.000 0.000 0.000 0.000 0.000 0.000 1.668 7.166 7.179 7.173 5.593 1.139 1.051 0.963 0.000 0.000 0.000 0.000 0.000 0.000 0.000 7.616 16.569 17.374 16.981 16.542 16.279 16.284 16.789 16.679 17.148 17.244 17.176 18.577 19.430 19.607 19.751 19.790 19.836 19.881 19.891 19.865 19.906 19.942 19.973 20.191 20.230 20.266
0.000 0.000 0.000 0.000 0.000 0.000 0.000 0.000 0.000 0.000 0.000 0.000 0.000 0.000 0.000 0.000 0.000 0.000 0.000 0.000 0.000 0.000 0.000 0.000 0.000 0.000 0.000 0.000 0.000 0.000 0.000 0.000 0.000 2.921 7.101 7.104 7.099 5.962 1.152 1.252 1.378 0.936 0.244 0.000 0.000 0.000 0.696 1.058 13.651 17.481 17.397 16.717 16.169 16.039 16.623 17.290 17.252 17.465 17.325 17.439 19.100 19.608 19.665 19.749 19.778 19.806 19.781 19.818 19.867 19.892 19.919 19.955 20.059 19.874 19.855
0.000 0.000 0.000 0.000 0.000 0.000 0.000 0.000 0.000 0.000 0.000 0.000 0.000 0.000 0.000 0.000 0.000 0.000 0.000 0.000 0.000 0.000 0.000 0.000 0.000 0.000 0.000 0.000 0.000 0.000 0.000 0.000 0.000 3.697 7.024 7.025 7.023 6.257 1.337 1.289 1.442 1.228 0.699 0.057 0.000 1.470 0.391 4.657 16.283 17.576 17.128 16.529 15.920 15.956 16.986 17.668 17.852 18.451 18.513 18.638 19.533 19.635 19.671 19.727 19.752 19.772 19.550 19.767 19.853 19.872 19.897 19.948 20.004 20.053 20.147
0.000 0.000 0.000 0.000 0.000 0.000 0.000 0.000 0.000 0.000 0.000 0.000 0.000 0.000 0.000 0.000 0.000 0.000 0.000 0.000 0.000 0.000 0.000 0.000 0.000 0.000 0.000 0.000 0.000 0.000 0.000 0.000 0.000 5.404 6.957 6.944 6.946 5.963 1.400 1.336 1.482 1.351 1.064 0.865 0.721 2.043 0.461 8.274 16.717 17.604 17.012 16.561 16.154 16.262 17.473 18.090 18.408 18.943 19.131 19.334 19.589 19.620 19.653 19.701 19.722 19.734 19.664 19.806 19.832 19.803 19.651 19.782 19.987 20.216 20.257
0.000 0.000 0.000 0.000 0.000 0.000 0.000 0.000 0.000 0.000 0.000 0.000 0.000 0.000 0.000 0.000 0.000 0.000 0.000 0.000 0.000 0.000 0.000 0.000 0.000 0.000 0.000 0.000 0.000 0.000 0.000 0.000 0.000 6.488 6.884 6.874 6.874 3.967 1.474 1.468 1.561 1.421 1.259 1.422 1.594 2.108 2.184 11.137 16.967 17.634 17.032 16.803 16.734 17.212 18.245 18.755 19.127 19.222 19.288 19.459 19.551 19.557 19.616 19.659 19.683 19.689 19.691 19.786 19.812 19.770 19.576 19.735 19.980 20.199 20.211
0.000 0.000 0.000 0.000 0.000 0.000 0.000 0.000 0.000 0.000 0.000 0.000 0.000 0.000 0.000 0.000 0.000 0.000 0.000 0.000 0.000 0.000 0.000 0.000 0.000 0.000 0.000 0.000 0.000 0.000 0.000 0.000 0.000 6.668 6.806 6.799 6.797 2.879 1.634 1.671 1.714 1.467 1.005 0.727 1.117 1.287 4.448 13.061 17.191 17.667 17.125 16.957 16.952 17.621 18.669 19.104 19.352 19.390 19.426 19.474 19.512 19.526 19.577 19.626 19.645 19.535 19.461 19.751 19.793 19.773 19.679 19.701 20.137 20.170 19.779
0.000 0.000 0.000 0.000 0.000 0.000 0.000 0.000 0.000 0.000 0.000 0.000 0.000 0.000 0.000 0.000 0.000 0.000 0.000 0.000 0.000 0.000 0.000 0.000 0.000 0.000 0.000 0.000 0.000 0.000 0.000 0.000 0.073 6.653 6.731 6.731 6.728 1.952 1.688 1.845 1.855 1.719 1.517 0.868 1.193 1.202 7.222 14.887 17.599 17.706 17.216 17.096 17.128 18.054 18.916 19.283 19.383 19.407 19.433 19.462 19.487 19.520 19.561 19.596 19.553 19.271 19.274 19.675 19.771 19.923 19.953 19.991 20.119 20.139 19.931
0.000 0.000 0.000 0.000 0.000 0.000 0.000 0.000 0.000 0.000 0.000 0.000 0.000 0.000 0.000 0.000 0.000 0.000 0.000 0.000 0.000 0.000 0.000 0.000 0.000 0.000 0.000 0.000 0.000 0.000 0.000 0.000 1.213 6.587 6.639 6.648 6.650 1.862 1.639 1.881 1.896 1.892 1.950 2.113 2.322 2.174 10.747 16.425 17.811 17.746 17.329 17.200 17.237 18.347 19.064 19.319 19.357 19.361 19.379 19.418 19.442 19.495 19.521 19.539 19.424 19.219 19.257 19.612 19.814 19.938 19.976 20.062 20.119 20.142 20.161
0.000 0.000 0.000 0.000 0.000 0.000 0.000 0.000 0.000 0.000 0.000 0.000 0.000 0.000 0.000 0.000 0.000 0.000 0.000 0.000 0.000 0.000 0.000 0.000 0.000 0.000 0.000 0.000 0.000 0.000 0.000 0.000 3.168 6.526 6.558 6.571 6.577 1.477 1.317 1.686 1.736 1.833 2.016 2.354 2.434 3.774 14.178 17.819 17.857 17.711 17.441 17.449 17.564 18.551 19.137 19.301 19.319 19.299 19.334 19.371 19.403 19.453 19.451 19.379 19.157 19.072 19.281 19.626 19.909 19.965 20.020 20.067 20.095 20.108 20.119
0.000 0.000 0.000 0.000 0.000 0.000 0.000 0.000 0.000 0.000 0.000 0.000 0.000 0.000 0.000 0.000 0.000 0.000 0.000 0.000 0.000 0.000 0.000 0.000 0.000 0.000 0.000 0.000 0.000 0.000 0.000 0.000 5.708 6.454 6.469 6.481 6.444 0.823 0.736 0.938 0.876 0.882 1.076 2.239 1.742 6.552 16.627 18.082 17.902 17.761 17.581 17.613 17.990 18.724 19.177 19.277 19.266 19.249 19.291 19.329 19.376 19.413 19.331 18.916 18.876 19.010 19.303 19.678 19.932 19.977 20.010 20.031 20.037 19.995 20.016
0.000 0.000 0.000 0.000 0.000 0.000 0.000 0.000 0.000 0.000 0.000 0.000 0.000 0.000 0.000 0.000 0.000 0.000 0.000 0.000 0.000 0.000 0.000 0.000 0.000 0.000 0.000 0.000 0.000 0.000 0.000 0.000 6.206 6.387 6.394 6.402 5.967 0.689 0.731 0.835 0.808 0.804 0.864 1.876 1.803 10.374 18.058 18.168 18.051 17.909 17.911 18.012 18.539 18.922 19.194 19.252 19.199 19.209 19.253 19.283 19.333 19.354 19.273 18.758 18.449 18.837 19.348 19.750 19.911 19.963 19.987 19.975 19.956 19.845 19.874
0.000 0.000 0.000 0.000 0.000 0.000 0.000 0.000 0.000 0.000 0.000 0.000 0.000 0.000 0.000 0.000 0.000 0.000 0.000 0.000 0.000 0.000 0.000 0.000 0.000 0.000 0.000 0.000 0.000 0.000 0.000 0.123 6.218 6.307 6.312 6.316 3.041 0.332 0.647 0.763 0.844 1.061 1.523 1.727 2.804 13.536 18.292 18.254 18.371 18.369 18.427 18.529 18.828 19.082 19.201 19.224 19.141 19.157 19.186 19.228 19.273 19.245 19.229 18.864 18.603 18.834 19.412 19.795 19.882 19.942 19.942 19.789 19.722 19.731 19.736
0.000 0.000 0.000 0.000 0.000 0.000 0.000 0.000 0.000 0.000 0.000 0.000 0.000 0.000 0.000 0.000 0.000 0.000 0.000 0.000 0.000 0.000 0.000 0.000 0.000 0.000 0.000 0.000 0.000 0.000 0.000 3.132 6.167 6.228 6.238 6.244 0.646 0.000 0.000 0.000 0.000 0.193 1.443 1.004 4.761 16.129 18.372 18.413 18.508 18.543 18.587 18.752 18.982 19.126 19.181 19.188 19.064 19.087 19.096 19.076 19.160 19.189 19.162 18.981 18.764 19.036 19.528 19.798 19.867 19.922 19.903 19.733 19.757 19.765 19.748
0.000 0.000 0.000 0.000 0.000 0.000 0.000 0.000 0.000 0.000 0.000 0.000 0.000 0.000 0.000 0.000 0.000 0.000 0.000 0.000 0.000 0.000 0.000 0.000 0.000 0.000 0.000 0.000 0.000 0.000 0.000 5.577 6.100 6.138 6.154 6.073 0.000 0.000 0.000 0.000 0.000 0.000 1.372 0.843 7.708 18.018 18.429 18.471 18.527 18.574 18.625 18.839 19.039 19.128 19.156 19.103 18.964 19.004 18.974 18.936 18.848 18.718 18.523 18.646 18.749 19.170 19.647 19.801 19.872 19.893 19.789 19.767 19.798 19.814 19.820
0.000 0.000 0.000 0.000 0.000 0.000 0.000 0.000 0.000 0.000 0.000 0.000 0.000 0.000 0.000 0.000 0.000 0.000 0.000 0.000 0.000 0.000 0.000 0.000 0.000 0.000 0.000 0.000 0.000 0.000 0.000 5.895 6.031 6.049 6.062 5.373 0.000 0.000 0.000 0.000 0.066 0.402 1.133 1.198 11.232 18.338 18.373 18.412 18.416 18.471 18.540 18.842 19.036 19.101 19.101 18.979 18.856 18.887 18.874 18.834 18.774 18.666 18.468 18.591 18.882 19.372 19.754 19.806 19.849 19.814 19.734 19.782 19.825 19.862 19.890
0.000 0.000 0.000 0.000 0.000 0.000 0.000 0.000 0.000 0.000 0.000 0.000 0.000 0.000 0.000 0.000 0.000 0.000 0.000 0.000 0.000 0.000 0.000 0.000 0.000 0.000 0.000 0.000 0.000 0.000 0.207 5.883 5.961 5.973 5.983 1.891 0.000 0.000 0.000 0.000 0.073 0.506 0.558 2.457 13.946 18.303 18.212 18.244 18.091 18.043 18.422 18.799 19.010 19.058 19.016 18.839 18.766 18.784 18.778 18.739 18.646 18.630 18.683 18.815 19.161 19.599 19.767 19.788 19.806 19.640 19.527 19.689 19.809 19.887 19.931
0.000 0.000 0.000 0.000 0.000 0.000 0.000 0.000 0.000 0.000 0.000 0.000 0.000 0.000 0.000 0.000 0.000 0.000 0.000 0.000 0.000 0.000 0.000 0.000 0.000 0.000 0.000 0.000 0.000 0.000 1.328 5.819 5.874 5.889 5.856 0.000 0.000 0.000 0.000 0.000 0.000 0.452 0.000 4.532 16.326 18.164 18.047 18.022 17.786 17.443 18.297 18.771 18.958 18.999 18.884 18.702 18.687 18.722 18.689 18.662 18.603 18.594 18.814 19.046 19.473 19.716 19.752 19.767 19.689 19.389 19.222 19.342 19.486 19.690 19.712
0.000 0.000 0.000 0.000 0.000 0.000 0.000 0.000 0.000 0.000 0.000 0.000 0.000 0.000 0.000 0.000 0.000 0.000 0.000 0.000 0.000 0.000 0.000 0.000 0.000 0.000 0.000 0.000 0.000 0.000 1.163 5.759 5.780 5.798 5.492 0.000 0.000 0.000 0.000 0.000 0.000 0.278 0.000 7.362 17.791 17.836 17.896 17.814 17.302 17.029 18.264 18.776 18.897 18.877 18.713 18.591 18.639 18.644 18.626 18.614 18.577 18.791 19.019 19.267 19.622 19.702 19.713 19.696 19.484 19.128 18.889 19.026 19.259 19.612 19.680
0.000 0.000 0.000 0.000 0.000 0.000 0.000 0.000 0.000 0.000 0.000 0.000 0.000 0.000 0.000 0.000 0.000 0.000 0.000 0.000 0.000 0.000 0.000 0.000 0.000 0.000 0.000 0.000 0.000 0.000 2.559 5.692 5.701 5.715 2.193 0.000 0.000 0.000 0.000 0.000 0.000 0.000 0.067 11.364 17.755 17.507 17.833 17.707 16.886 17.004 18.402 18.723 18.804 18.689 18.546 18.518 18.587 18.587 18.579 18.571 18.673 19.014 19.287 19.498 19.648 19.677 19.647 19.598 19.268 18.757 18.303 18.361 19.066 19.602 19.656
0.000 0.000 0.000 0.000 0.000 0.000 0.000 0.000 0.000 0.000 0.000 0.000 0.000 0.000 0.000 0.000 0.000 0.000 0.000 0.000 0.000 0.000 0.000 0.000 0.000 0.000 0.000 0.000 0.000 0.000 5.121 5.617 5.618 5.625 0.000 0.000 0.000 0.000 0.000 0.000 0.000 0.000 2.069 14.270 17.607 17.514 17.780 17.561 16.586 17.096 18.432 18.641 18.663 18.502 18.409 18.462 18.523 18.534 18.538 18.529 18.838 19.164 19.461 19.568 19.631 19.642 19.583 19.453 18.960 18.294 18.256 18.351 19.219 19.563 19.474
0.000 0.000 0.000 0.000 0.000 0.000 0.000 0.000 0.000 0.000 0.000 0.000 0.000 0.000 0.000 0.000 0.000 0.000 0.000 0.000 0.000 0.000 0.000 0.000 0.000 0.000 0.000 0.000 0.000 0.000 5.422 5.547 5.548 5.501 0.000 0.000 0.000 0.000 0.000 0.000 0.000 0.000 4.762 16.362 17.454 17.659 17.724 17.417 16.509 17.209 18.272 18.529 18.529 18.349 18.288 18.397 18.457 18.486 18.494 18.493 19.070 19.261 19.471 19.564 19.606 19.556 19.517 19.215 18.523 18.097 18.152 18.606 19.433 19.528 18.571
0.000 0.000 0.000 0.000 0.000 0.000 0.000 0.000 0.000 0.000 0.000 0.000 0.000 0.000 0.000 0.000 0.000 0.000 0.000 0.000 0.000 0.000 0.000 0.000 0.000 0.000 0.000 0.000 0.000 0.676 5.395 5.467 5.473 3.368 0.000 0.000 0.000 0.000 0.000 0.000 0.000 0.000 8.534 17.327 17.387 17.632 17.662 17.351 17.278 17.656 18.161 18.403 18.366 18.147 18.149 18.301 18.375 18.442 18.618 18.904 19.309 19.437 19.513 19.555 19.577 19.445 19.355 18.837 18.057 18.074 18.356 19.051 19.452 19.489 18.368
0.000 0.000 0.000 0.000 0.000 0.000 0.000 0.000 0.000 0.000 0.000 0.000 0.000 0.000 0.000 0.000 0.000 0.000 0.000 0.000 0.000 0.000 0.000 0.000 0.000 0.000 0.000 0.000 0.000 4.839 5.334 5.382 5.316 0.000 0.000 0.000 0.000 0.000 0.000 0.000 0.000 0.511 12.898 17.375 17.417 17.590 17.601 17.598 17.706 17.912 18.024 18.257 18.132 18.035 18.049 18.191 18.300 18.573 19.046 19.276 19.410 19.477 19.507 19.534 19.538 19.277 18.829 18.138 18.008 18.102 18.724 19.363 19.438 19.433 19.226
0.000 0.000 0.000 0.000 0.000 0.000 0.000 0.000 0.000 0.000 0.000 0.000 0.000 0.000 0.000 0.000 0.000 0.000 0.000 0.000 0.000 0.000 0.000 0.000 0.000 0.000 0.000 0.000 0.000 5.192 5.268 5.294 2.130 0.000 0.000 0.000 0.000 0.000 0.000 0.000 0.000 3.414 15.958 17.327 17.475 17.519 17.398 17.388 17.494 17.607 17.579 17.964 17.903 17.900 17.953 18.106 18.419 19.057 19.276 19.367 19.422 19.463 19.488 19.508 19.353 18.974 18.259 17.985 17.961 18.502 19.126 19.428 19.482 19.521 19.577
0.000 0.000 0.000 0.000 0.000 0.000 0.000 0.000 0.000 0.000 0.000 0.000 0.000 0.000 0.000 0.000 0.000 0.000 0.000 0.000 0.000 0.000 0.000 0.000 0.000 0.000 0.000 0.000 4.387 5.144 5.199 5.087 0.000 0.000 0.000 0.000 0.000 0.000 0.000 0.000 0.000 7.211 17.248 17.294 17.429 17.375 17.110 16.602 16.428 16.359 16.881 17.282 17.626 17.743 17.905 18.304 19.059 19.254 19.319 19.356 19.392 19.434 19.443 19.396 19.096 18.455 18.291 18.157 18.281 18.802 19.293 19.390 19.410 19.458 19.468
0.000 0.000 0.000 0.000 0.000 0.000 0.000 0.000 0.000 0.000 0.000 0.000 0.000 0.000 0.000 0.000 0.000 0.000 0.000 0.000 0.000 0.000 0.000 0.000 0.000 0.000 0.000 0.185 5.010 5.081 5.118 0.794 0.000 0.000 0.000 0.000 0.000 0.000 0.000 0.000 0.000 12.293 17.247 17.284 17.344 17.202 16.644 15.926 15.387 15.348 16.259 16.955 17.356 17.684 18.206 18.997 19.234 19.271 19.301 19.324 19.359 19.395 19.341 19.155 18.717 18.423 18.399 18.408 18.592 18.999 19.278 19.311 19.367 19.422 19.279
0.000 0.000 0.000 0.000 0.000 0.000 0.000 0.000 0.000 0.000 0.000 0.000 0.000 0.000 0.000 0.000 0.000 0.000 0.000 0.000 0.000 0.000 0.000 0.000 0.000 0.000 0.000 4.749 4.954 5.008 4.728 0.000 0.000 0.000 0.000 0.000 0.000 0.000 0.000 0.000 2.519 15.126 17.214 17.237 17.236 17.053 16.239 15.677 15.148 15.227 16.073 16.765 17.314 18.073 18.845 19.162 19.223 19.251 19.273 19.257 19.279 19.264 19.056 18.559 18.456 18.485 18.523 18.574 18.789 18.991 19.218 19.228 19.340 19.368 18.226
0.000 0.000 0.000 0.000 0.000 0.000 0.000 0.000 0.000 0.000 0.000 0.000 0.000 0.000 0.000 0.000 0.000 0.000 0.000 0.000 0.000 0.000 0.000 0.000 0.000 0.000 4.181 4.829 4.898 4.925 0.000 0.000 0.000 0.000 0.000 0.000 0.000 0.000 0.000 0.000 6.319 17.135 17.173 17.182 17.152 16.943 16.083 15.372 15.183 15.501 16.346 17.149 17.885 18.719 19.102 19.173 19.201 19.223 19.238 19.094 18.867 18.668 18.326 18.342 18.458 18.512 18.560 18.623 18.782 18.927 19.123 19.178 19.299 18.660 18.067
