LISFLOOD/results/run1.totaltm
ncols         413
nrows         307
xllcorner     341179.518085
yllcorner     4516729.658735
cellsize      10.000000
NODATA_value  -9999.000000
[rows 99 to 131 of 307, columns 148 to 221 of 413]
0.000 0.000 0.000 0.000 0.000 0.000 0.000 0.000 0.000 0.000 0.000 0.000 0.000 0.000 0.000 0.000 0.000 0.000 0.000 0.000 0.000 0.757 1.527 1.736 1.877 2.122 2.653 3.016 3.307 3.383 3.499 3.241 2.407 3.326 4.714 5.726 6.276 6.347 6.548 8.080 9.507 9.792 10.343 11.189 11.937 12.431 13.063 13.706 13.840 14.056 14.152 14.197 14.231 14.321 14.577 14.509 14.239 14.238 14.424 14.882 15.357 15.870 15.925 16.057 16.174 16.173 16.114 16.361 16.577 16.630 17.481 19.048 19.765 20.773
0.000 0.000 0.000 0.000 0.000 0.000 0.000 0.000 0.000 0.000 0.000 0.000 0.000 0.000 0.000 0.000 0.000 0.000 0.000 0.000 0.283 1.169 1.877 2.112 2.219 2.546 2.943 3.122 3.226 3.224 3.392 3.328 3.416 4.067 4.982 5.992 6.394 6.414 6.828 8.609 9.470 9.888 10.686 11.752 12.302 12.595 13.201 13.685 13.908 14.012 14.093 14.134 14.173 14.278 14.586 14.572 14.574 14.687 14.767 15.174 15.787 15.926 15.963 16.021 16.104 16.044 16.077 16.448 16.523 16.668 18.196 19.229 19.894 21.103
0.000 0.000 0.000 0.000 0.000 0.000 0.000 0.000 0.000 0.000 0.000 0.000 0.000 0.000 0.000 0.000 0.000 0.000 0.000 0.000 0.529 0.690 1.578 1.572 1.927 2.776 2.982 3.091 3.141 3.154 2.909 2.795 3.819 4.617 5.256 5.932 6.531 7.141 7.758 8.916 9.489 10.536 11.563 12.495 12.813 13.057 13.493 13.766 13.906 13.956 14.039 14.105 14.148 14.466 15.118 15.168 15.184 15.337 15.520 15.633 15.819 15.854 15.879 15.959 16.009 15.926 16.188 16.397 16.412 17.001 18.639 19.379 20.236 21.186
0.000 0.000 0.000 0.000 0.000 0.000 0.000 0.000 0.000 0.000 0.000 0.000 0.000 0.000 0.000 0.000 0.000 0.000 0.000 0.383 0.492 0.594 0.848 0.488 1.539 2.821 2.932 2.971 2.989 3.079 2.516 2.518 4.073 4.936 5.656 6.018 6.521 7.311 8.299 8.806 9.251 10.442 12.219 13.091 13.280 13.493 13.679 13.847 13.901 13.942 14.012 14.113 14.225 14.721 15.166 15.320 15.388 15.506 15.633 15.707 15.779 15.776 15.833 15.910 15.921 15.894 16.263 16.312 16.345 17.494 18.911 19.593 20.834 21.174
0.000 0.000 0.000 0.044 0.306 0.238 0.000 0.000 0.000 0.000 0.000 0.000 0.000 0.000 0.000 0.000 0.000 0.000 0.004 0.366 0.577 0.690 0.758 0.454 2.328 2.786 2.840 2.879 2.951 3.124 3.212 3.566 4.717 5.306 5.905 6.273 6.842 7.506 8.465 8.698 9.071 10.305 12.383 13.315 13.539 13.658 13.766 13.870 13.914 13.956 14.007 14.097 14.327 14.937 15.090 15.194 15.280 15.442 15.578 15.674 15.678 15.679 15.768 15.823 15.842 16.047 16.171 16.096 16.426 18.037 19.111 19.961 21.107 21.149
0.464 0.144 0.236 0.761 0.938 0.673 0.214 0.000 0.000 0.000 0.000 0.000 0.000 0.000 0.000 0.000 0.000 0.000 0.497 0.643 1.468 1.716 2.016 2.207 2.674 2.733 2.783 2.864 3.002 3.093 3.655 4.433 4.941 5.533 6.059 6.458 7.026 7.915 8.527 8.669 9.032 10.624 12.599 13.282 13.572 13.666 13.760 13.862 13.917 13.964 14.022 14.143 14.322 14.855 15.071 15.149 15.196 15.306 15.550 15.638 15.579 15.623 15.713 15.741 15.779 16.002 15.966 15.951 16.824 18.431 19.309 20.405 21.094 21.123
0.783 0.464 0.767 1.210 1.213 0.972 0.685 0.318 0.000 0.000 0.000 0.171 0.000 0.000 0.000 0.000 0.000 0.492 1.137 1.259 1.372 1.317 1.896 2.667 2.800 2.888 3.003 3.097 3.077 3.095 3.782 4.711 4.828 5.553 6.072 6.398 7.301 8.274 8.903 9.372 9.773 11.381 12.753 13.204 13.522 13.567 13.652 13.762 13.881 13.969 14.025 14.083 14.094 14.144 14.465 14.956 15.082 15.200 15.536 15.604 15.564 15.624 15.673 15.694 15.837 15.908 15.757 15.978 17.452 18.786 19.621 20.891 21.070 21.095
0.921 0.779 1.300 1.622 1.565 1.275 1.033 0.807 0.263 0.129 0.636 0.612 0.000 0.000 0.000 0.000 0.382 1.041 1.137 1.217 1.289 1.346 1.892 2.618 2.550 2.353 2.873 3.550 3.811 3.924 4.445 4.732 4.864 5.392 5.879 6.394 7.817 8.602 9.436 10.288 10.908 12.045 12.853 13.178 13.449 13.523 13.563 13.648 13.758 13.924 13.969 13.841 13.335 13.140 13.789 14.567 14.978 15.299 15.502 15.472 15.520 15.676 15.716 15.748 15.800 15.787 15.739 16.502 18.089 19.076 20.007 20.994 21.043 21.063
1.002 1.086 1.699 2.074 1.961 1.399 1.136 1.101 1.049 1.059 1.257 0.754 0.127 0.202 0.312 0.723 1.164 1.242 1.173 1.249 1.343 1.419 2.397 2.558 2.273 2.095 3.030 4.116 4.463 4.575 4.797 4.983 5.207 5.523 5.839 6.862 8.286 8.742 9.536 10.507 11.418 12.281 12.840 13.094 13.311 13.479 13.581 13.632 13.749 13.879 13.702 12.946 12.327 12.182 12.819 14.143 15.010 15.403 15.436 15.344 15.374 15.535 15.632 15.703 15.703 15.459 15.820 17.221 18.549 19.329 20.437 20.984 21.015 21.028
1.406 1.562 2.178 2.583 2.411 1.829 1.384 1.282 1.406 1.707 1.672 0.862 0.538 0.937 1.581 1.672 1.859 1.700 1.474 1.448 1.551 1.943 2.441 2.482 2.186 2.809 3.962 4.562 4.666 4.741 4.817 4.979 5.265 5.954 6.542 7.579 8.498 8.843 9.529 10.326 11.317 12.259 12.709 12.808 12.871 13.216 13.532 13.637 13.767 13.813 12.992 12.140 11.854 12.063 13.027 14.236 15.178 15.372 15.324 15.231 15.247 15.292 15.380 15.619 15.471 15.376 16.283 17.889 18.828 19.662 20.861 20.957 20.985 20.993
1.924 2.274 2.678 2.974 2.915 2.559 1.972 1.688 1.849 2.152 1.964 1.542 1.736 2.058 2.412 2.523 2.528 2.190 1.813 1.511 1.601 2.280 2.397 2.309 2.340 3.597 4.356 4.552 4.615 4.659 4.634 4.594 4.944 5.898 7.078 8.031 8.646 9.100 9.761 10.294 11.282 12.192 12.641 12.623 12.563 12.747 13.391 13.595 13.723 13.606 12.696 12.041 11.845 12.347 13.708 14.698 15.203 15.291 15.210 15.173 15.191 15.213 15.439 15.555 15.312 15.601 17.074 18.358 18.996 20.062 20.888 20.928 20.950 20.957
2.224 2.584 2.971 3.090 3.104 2.979 2.416 2.342 2.513 2.586 2.401 2.399 3.074 3.439 3.298 3.138 2.880 2.448 2.131 1.999 2.074 2.298 2.337 2.164 2.802 3.931 4.402 4.562 4.563 4.609 4.669 4.759 4.929 5.886 7.398 8.354 9.220 9.569 10.073 10.639 11.549 12.258 12.584 12.557 12.545 12.664 13.329 13.592 13.675 13.359 12.813 12.611 12.416 12.775 14.162 14.959 15.109 15.182 15.166 15.142 15.240 15.290 15.395 15.370 15.247 16.138 17.728 18.626 19.196 20.527 20.869 20.899 20.912 20.921
2.782 2.896 3.086 3.167 3.196 3.164 3.052 2.838 2.954 2.953 3.011 3.348 3.722 3.719 3.558 3.382 3.126 2.594 2.253 2.205 2.376 2.492 2.452 2.539 3.353 4.058 4.398 4.792 4.886 4.996 5.322 5.757 5.959 6.656 7.794 8.877 10.011 10.288 10.769 11.317 11.963 12.480 12.797 12.903 12.949 13.014 13.332 13.567 13.599 13.275 13.043 13.313 13.361 13.557 14.494 14.889 15.052 15.114 15.118 15.113 15.267 15.313 15.350 15.302 15.373 16.780 18.137 18.768 19.540 20.769 20.841 20.866 20.876 20.882
2.863 3.043 3.118 3.201 3.245 3.218 3.252 3.265 3.304 3.384 3.668 3.741 3.819 3.770 3.663 3.584 3.302 2.730 2.681 2.499 2.729 2.603 2.571 3.182 4.005 4.502 4.931 5.199 5.283 5.598 6.072 6.662 6.962 7.452 8.262 9.502 10.440 10.938 11.751 12.080 12.178 12.477 12.794 13.012 13.149 13.281 13.457 13.529 13.473 13.185 13.205 13.795 13.869 14.082 14.457 14.698 14.982 15.044 15.065 15.056 15.138 15.277 15.312 15.292 16.029 17.387 18.367 18.853 19.908 20.777 20.810 20.829 20.839 20.829
2.782 3.053 3.123 3.193 3.281 3.336 3.378 3.446 3.505 3.625 3.797 3.882 3.928 3.947 3.914 3.744 3.508 2.841 2.840 3.017 3.140 2.810 3.227 3.745 4.635 5.216 5.718 5.886 6.062 6.497 6.883 7.097 7.386 7.897 8.871 9.967 10.681 11.389 11.929 12.101 12.172 12.274 12.422 12.529 12.945 13.348 13.448 13.481 13.419 13.308 13.551 13.795 13.847 13.900 14.171 14.618 14.886 14.966 15.002 14.989 15.013 15.212 15.303 15.646 16.561 17.825 18.535 19.031 20.276 20.749 20.779 20.791 20.801 20.777
2.814 2.913 2.766 2.621 2.851 3.283 3.441 3.491 3.539 3.596 3.696 3.982 4.026 4.049 4.024 3.857 3.691 3.029 3.162 3.433 3.527 3.629 4.258 4.686 5.408 5.981 6.418 6.606 6.881 7.153 7.323 7.405 7.758 8.344 9.522 10.353 11.038 11.685 11.923 12.027 12.101 12.171 12.233 12.292 12.849 13.334 13.394 13.349 13.351 13.465 13.584 13.711 13.778 13.739 14.018 14.576 14.806 14.914 14.949 14.923 14.975 15.228 15.455 15.937 16.919 18.022 18.659 19.377 20.617 20.718 20.743 20.753 20.758 20.733
2.678 2.528 2.304 2.056 2.146 2.678 3.361 3.467 3.531 3.598 3.664 4.002 4.063 4.104 4.121 3.974 3.831 3.497 3.577 3.669 3.717 4.018 4.899 5.798 6.379 6.661 6.923 7.143 7.381 7.550 7.621 7.698 8.089 9.064 10.182 10.821 11.427 11.765 11.879 11.966 12.038 12.152 12.388 12.647 13.117 13.300 13.291 12.996 13.055 13.405 13.538 13.715 13.845 13.911 13.998 14.449 14.707 14.839 14.858 14.810 14.936 15.296 15.597 16.194 17.218 18.152 18.821 19.865 20.645 20.686 20.703 20.712 20.716 20.687
2.167 1.667 1.356 1.304 1.709 2.542 3.028 2.890 2.938 3.192 3.659 3.958 4.091 4.147 4.180 4.062 3.934 3.979 4.033 4.080 4.236 4.384 5.121 6.371 6.899 6.987 7.210 7.538 7.638 7.807 7.898 7.998 8.524 10.011 10.961 11.142 11.477 11.743 11.832 11.958 12.272 12.635 12.869 12.923 13.120 13.242 12.934 12.318 12.710 13.191 13.352 13.584 13.608 13.795 14.139 14.363 14.538 14.699 14.737 14.642 14.853 15.293 15.726 16.536 17.548 18.266 19.006 20.439 20.618 20.653 20.663 20.669 20.671 20.622
1.676 1.227 0.676 0.735 1.477 2.285 2.389 2.277 2.354 2.596 3.008 3.428 4.098 4.189 4.238 4.152 4.041 4.299 4.338 4.411 4.669 5.022 5.797 6.648 6.942 7.009 7.395 8.047 8.033 8.018 8.107 8.233 9.285 10.950 11.129 11.183 11.414 11.693 11.810 12.217 12.653 12.836 12.952 13.018 13.135 13.174 12.556 12.247 12.624 13.019 13.299 13.357 12.678 13.024 14.033 14.322 14.477 14.588 14.665 14.632 14.887 15.315 15.918 17.006 17.898 18.378 19.216 20.527 20.584 20.612 20.621 20.623 20.624 20.475
1.178 0.994 0.582 0.612 1.381 1.894 1.643 1.522 1.734 1.996 2.064 2.462 3.324 4.210 4.294 4.348 4.399 4.504 4.521 4.592 4.837 5.311 6.109 6.717 6.833 6.869 7.354 8.147 8.267 8.278 8.277 8.541 10.493 11.307 11.246 11.259 11.395 11.698 11.839 12.264 12.612 12.682 12.827 13.003 13.089 13.086 12.847 12.550 12.577 12.928 13.251 13.273 12.687 12.952 13.992 14.131 14.422 14.499 14.518 14.589 14.902 15.308 16.027 17.392 18.223 18.548 19.493 20.507 20.550 20.568 20.577 20.578 20.578 20.093
0.503 0.385 0.462 0.666 1.145 1.315 1.331 1.054 1.068 1.324 1.433 1.666 1.994 2.888 3.948 4.339 4.511 4.583 4.673 4.738 4.971 5.343 5.991 6.643 6.692 6.704 7.298 7.962 8.318 8.397 8.459 9.386 11.301 11.437 11.435 11.466 11.551 11.738 12.023 12.247 12.361 12.374 12.483 12.910 12.978 12.775 12.779 12.763 12.819 12.959 13.196 13.393 13.704 13.783 14.005 14.072 14.366 14.394 14.448 14.547 14.846 15.396 16.256 17.783 18.429 18.814 19.849 20.478 20.511 20.522 20.532 20.533 20.522 20.024
0.000 0.000 0.000 0.110 0.547 0.264 0.416 0.553 0.594 0.566 0.665 0.772 0.892 1.261 2.009 3.697 4.376 4.503 4.755 5.019 5.298 5.642 6.222 6.586 6.507 6.833 7.552 7.976 8.168 8.359 8.613 10.355 11.421 11.506 11.544 11.586 11.669 11.801 12.113 12.207 12.268 12.249 12.368 12.840 12.864 12.775 12.747 12.940 13.082 13.249 13.358 13.555 13.769 13.896 14.031 14.094 14.304 14.326 14.388 14.521 14.896 15.856 16.814 18.119 18.623 19.186 20.239 20.442 20.468 20.478 20.485 20.488 20.473 20.049
0.000 0.000 0.000 0.000 0.000 0.000 0.000 0.000 0.000 0.000 0.013 0.000 0.029 0.124 0.964 3.025 4.124 4.264 4.588 5.071 5.650 6.077 6.420 6.539 6.566 7.076 7.724 8.085 8.203 8.466 8.644 10.182 11.360 11.548 11.598 11.651 11.722 11.875 12.062 12.086 12.157 12.181 12.330 12.706 12.791 12.772 12.932 13.004 13.111 13.372 13.587 13.663 13.764 13.879 13.977 14.063 14.241 14.270 14.353 14.559 15.075 16.387 17.202 18.212 18.925 19.713 20.353 20.407 20.424 20.435 20.448 20.460 20.411 20.081
0.000 0.000 0.000 0.000 0.000 0.000 0.000 0.000 0.000 0.000 0.000 0.000 0.000 0.000 0.583 3.064 3.822 4.033 4.445 5.127 6.226 6.886 6.960 6.773 6.846 7.268 7.747 8.018 8.264 8.393 8.297 9.507 11.007 11.421 11.616 11.720 11.779 11.908 12.002 11.947 11.914 12.047 12.228 12.574 12.700 12.812 12.943 13.008 13.269 13.448 13.684 13.728 13.806 13.889 13.968 14.056 14.197 14.252 14.344 14.547 15.432 16.755 17.358 18.236 19.269 20.213 20.358 20.398 20.433 20.481 20.520 20.535 20.502 20.104
0.000 0.000 0.000 0.000 0.000 0.000 0.000 0.000 0.000 0.000 0.000 0.000 0.000 0.000 1.161 3.131 3.368 3.804 4.386 5.541 7.093 7.464 7.567 7.604 7.396 7.533 7.744 7.982 8.261 8.319 8.147 8.886 9.754 10.691 11.482 11.720 11.794 11.883 11.933 11.823 11.661 11.827 12.108 12.471 12.632 12.759 12.891 13.217 13.377 13.578 13.671 13.711 13.798 13.869 13.929 14.058 14.158 14.187 14.266 14.776 16.178 17.034 17.431 18.340 19.602 20.339 20.413 20.456 20.505 20.543 20.588 20.631 20.617 20.088
0.000 0.000 0.000 0.000 0.000 0.000 0.000 0.000 0.000 0.000 0.000 0.000 0.000 0.565 2.129 2.923 3.068 3.493 4.234 5.754 6.857 6.948 7.604 8.047 8.103 7.852 7.909 8.161 8.467 8.366 8.422 8.520 8.803 9.496 11.066 11.469 11.663 11.741 11.621 11.268 11.342 11.569 12.021 12.462 12.569 12.627 12.808 13.153 13.129 13.515 13.600 13.387 13.425 13.679 13.864 14.045 14.121 14.129 14.607 15.902 16.848 17.135 17.528 18.591 19.952 20.416 20.465 20.521 20.573 20.613 20.660 20.697 20.696 20.113
0.000 0.000 0.000 0.000 0.000 0.000 0.000 0.000 0.000 0.000 0.000 0.000 0.178 1.460 2.493 2.638 2.900 3.240 4.006 5.378 5.688 5.172 5.998 7.674 8.305 8.373 8.315 8.405 8.638 8.792 8.868 8.960 9.134 9.562 10.457 10.761 10.956 11.074 11.132 11.152 11.184 11.303 11.968 12.526 12.668 12.792 12.963 13.083 13.083 13.479 13.565 13.257 12.650 13.091 13.933 14.507 14.710 14.863 15.704 16.915 17.264 17.429 17.882 19.004 20.244 20.459 20.519 20.577 20.623 20.673 20.712 20.743 20.752 20.685
0.000 0.000 0.000 0.000 0.000 0.000 0.000 0.000 0.000 0.000 0.000 0.000 0.606 1.932 2.313 2.477 2.860 3.173 3.817 4.767 4.701 4.331 4.898 6.317 7.520 8.473 8.641 8.660 8.811 9.073 9.291 9.582 10.057 10.457 10.604 10.823 10.934 11.043 11.109 11.112 11.087 12.682 12.918 12.989 13.071 13.106 13.129 13.288 13.424 13.508 13.536 12.789 11.698 12.135 13.715 14.558 14.880 15.078 15.631 16.444 17.043 17.709 18.538 19.434 20.378 20.505 20.568 20.622 20.677 20.713 20.742 20.771 20.791 20.802
0.000 0.000 0.000 0.000 0.000 0.000 0.000 0.000 0.000 0.000 0.378 0.808 1.371 1.986 2.173 2.458 2.871 3.204 3.748 4.256 4.295 4.264 4.889 6.177 7.594 8.842 8.902 8.928 9.017 9.543 10.170 10.572 10.692 10.746 10.773 10.798 10.794 10.741 10.746 10.794 10.884 11.901 12.602 12.725 12.753 12.743 12.374 12.892 13.131 13.169 13.093 12.140 11.411 12.183 13.214 13.775 13.835 13.813 13.923 14.235 14.823 16.193 18.867 19.791 20.412 20.546 20.608 20.669 20.712 20.735 20.756 20.787 20.819 20.839
0.000 0.000 0.000 0.000 0.000 0.000 0.000 0.000 0.000 0.000 0.387 1.018 1.865 2.017 2.154 2.604 2.968 3.351 4.282 4.471 4.475 4.751 5.638 7.236 8.862 9.284 9.292 9.516 10.092 10.415 10.507 10.536 10.407 10.343 10.347 10.238 10.146 10.398 10.537 10.769 10.866 10.959 11.287 11.781 12.402 12.632 12.541 12.764 12.947 12.911 12.730 12.198 12.070 13.212 13.574 13.637 13.397 13.528 13.869 13.962 13.851 15.581 19.062 19.866 20.442 20.578 20.647 20.704 20.739 20.758 20.772 20.809 20.854 20.877
0.000 0.000 0.000 0.000 0.000 0.000 0.000 0.000 0.000 0.000 0.249 1.127 1.973 2.077 2.358 2.710 3.053 4.056 6.690 7.244 6.574 6.413 7.087 8.809 9.592 9.664 9.829 10.173 10.268 10.300 10.012 9.993 9.886 9.934 9.864 9.617 9.803 10.336 10.634 10.850 10.848 10.966 11.416 11.807 12.406 12.614 12.666 12.811 12.889 12.834 12.738 12.862 12.946 13.407 13.542 13.586 13.352 13.511 14.511 14.943 15.392 17.688 19.618 19.848 20.413 20.599 20.671 20.731 20.764 20.792 20.826 20.858 20.884 20.911
0.000 0.000 0.000 0.000 0.000 0.000 0.000 0.000 0.000 0.000 0.406 1.651 2.127 2.236 2.469 2.730 3.263 5.738 8.469 8.692 8.784 8.862 9.049 9.621 9.808 9.957 10.106 10.136 9.720 9.654 9.594 9.156 8.984 9.173 9.456 9.548 9.894 10.488 10.804 11.151 11.486 11.771 12.001 12.209 12.564 12.629 12.691 12.767 12.828 12.782 12.836 12.977 13.036 13.209 13.359 13.397 13.006 13.392 14.718 15.268 16.693 19.119 20.066 20.122 20.452 20.532 20.609 20.688 20.731 20.781 20.841 20.879 20.908 20.933
0.000 0.000 0.000 0.000 0.000 0.000 0.000 0.000 0.000 0.000 0.967 2.017 2.189 2.424 2.534 2.946 4.183 7.291 8.442 8.502 8.567 8.904 9.407 9.699 9.849 9.930 9.854 9.381 9.363 8.975 8.558 8.222 8.205 8.411 9.104 9.760 10.246 10.649 10.711 11.017 11.593 12.031 12.276 12.440 12.563 12.622 12.669 12.716 12.753 12.734 12.923 12.965 13.005 13.063 13.260 13.281 12.687 13.512 14.831 15.645 17.859 19.736 20.239 20.302 20.362 20.088 19.650 19.256 19.039 19.318 19.566 18.155 16.301 14.448
