LISFLOOD/results/run15.inittm
ncols         83
nrows         62
xllcorner     341179.518085
yllcorner     4516699.658735
cellsize      50.000000
NODATA_value  -9999.000000
[rows 29 to 57 of 62, columns 0 to 66 of 83]
-9999.000 -9999.000 -9999.000 -9999.000 -9999.000 -9999.000 -9999.000 -9999.000 -9999.000 -9999.000 -9999.000 -9999.000 -9999.000 -9999.000 -9999.000 -9999.000 -9999.000 -9999.000 -9999.000 -9999.000 -9999.000 -9999.000 -9999.000 -9999.000 -9999.000 11.862 8.221 6.725 5.686 5.802 4.913 4.512 4.318 4.394 7.668 9.824 3.830 3.211 2.854 2.513 1.684 1.624 10.313 -9999.000 1.579 1.476 1.425 1.377 1.323 1.248 1.176 0.797 0.504 0.482 0.461 0.444 0.431 0.420 0.409 0.401 0.394 0.406 0.001 0.477 0.432 0.419 0.592
-9999.000 -9999.000 -9999.000 -9999.000 -9999.000 -9999.000 -9999.000 -9999.000 -9999.000 -9999.000 -9999.000 -9999.000 -9999.000 -9999.000 -9999.000 -9999.000 -9999.000 -9999.000 -9999.000 -9999.000 -9999.000 -9999.000 -9999.000 -9999.000 -9999.000 -9999.000 7.723 5.729 5.344 5.011 4.753 4.536 4.473 6.585 18.061 15.588 3.786 3.266 2.913 2.266 1.702 1.920 -9999.000 3.327 1.487 1.446 1.384 1.332 1.284 1.206 1.107 0.605 0.527 0.516 0.484 0.469 0.457 0.446 0.437 0.428 0.423 0.001 0.001 0.490 0.482 0.595 0.625
-9999.000 -9999.000 -9999.000 -9999.000 -9999.000 -9999.000 -9999.000 -9999.000 -9999.000 -9999.000 -9999.000 -9999.000 -9999.000 -9999.000 -9999.000 -9999.000 -9999.000 -9999.000 -9999.000 -9999.000 -9999.000 -9999.000 -9999.000 -9999.000 -9999.000 17.313 9.695 7.473 6.077 5.098 4.919 4.697 4.942 12.179 -9999.000 8.103 3.698 3.316 2.831 1.821 1.764 4.319 -9999.000 1.532 1.488 1.416 1.338 1.262 1.207 1.149 1.009 0.582 0.563 0.539 0.509 0.496 0.484 0.473 0.465 0.459 0.001 0.001 0.543 0.513 0.616 0.638 0.651
-9999.000 -9999.000 -9999.000 -9999.000 -9999.000 -9999.000 -9999.000 -9999.000 -9999.000 -9999.000 -9999.000 -9999.000 -9999.000 -9999.000 -9999.000 -9999.000 -9999.000 -9999.000 -9999.000 -9999.000 -9999.000 -9999.000 -9999.000 -9999.000 -9999.000 -9999.000 11.521 8.598 5.663 5.055 4.965 4.767 6.143 13.060 -9999.000 5.426 3.655 3.273 2.417 1.838 1.828 -9999.000 3.189 1.537 1.492 1.434 1.337 1.284 1.246 1.213 0.826 0.607 0.601 0.558 0.534 0.523 0.513 0.504 0.497 0.496 0.001 0.594 0.556 0.593 0.684 0.663 0.682
-9999.000 -9999.000 -9999.000 -9999.000 -9999.000 -9999.000 -9999.000 -9999.000 -9999.000 -9999.000 -9999.000 -9999.000 -9999.000 -9999.000 -9999.000 -9999.000 -9999.000 -9999.000 -9999.000 -9999.000 -9999.000 -9999.000 -9999.000 -9999.000 -9999.000 -9999.000 10.377 7.807 5.697 5.493 5.051 4.955 8.947 -9999.000 -9999.000 4.749 3.605 3.199 2.158 1.872 2.456 -9999.000 1.605 1.552 1.506 1.433 1.348 1.300 1.253 1.208 0.682 0.641 0.621 0.582 0.561 0.552 0.543 0.536 0.533 0.001 0.001 0.595 0.583 0.714 0.715 0.696 0.707
-9999.000 -9999.000 -9999.000 -9999.000 -9999.000 -9999.000 -9999.000 -9999.000 -9999.000 -9999.000 -9999.000 -9999.000 -9999.000 -9999.000 -9999.000 -9999.000 -9999.000 -9999.000 -9999.000 -9999.000 -9999.000 -9999.000 -9999.000 -9999.000 -9999.000 -9999.000 9.459 6.108 5.907 5.244 5.134 5.793 11.822 -9999.000 -9999.000 4.491 3.558 2.861 1.957 1.937 2.594 2.517 1.613 1.568 1.514 1.435 1.367 1.316 1.276 1.041 0.682 0.659 0.633 0.607 0.590 0.582 0.575 0.571 0.572 0.001 0.627 0.609 0.716 0.746 0.749 0.730 0.568
-9999.000 -9999.000 -9999.000 -9999.000 -9999.000 -9999.000 -9999.000 -9999.000 -9999.000 -9999.000 -9999.000 -9999.000 -9999.000 -9999.000 -9999.000 -9999.000 -9999.000 -9999.000 -9999.000 -9999.000 -9999.000 -9999.000 -9999.000 -9999.000 -9999.000 -9999.000 9.753 6.859 5.986 5.307 5.222 6.048 -9999.000 -9999.000 11.105 4.184 3.433 2.414 1.981 2.119 5.339 2.357 1.629 1.583 1.532 1.455 1.397 1.366 1.332 0.864 0.702 0.679 0.656 0.632 0.621 0.613 0.608 0.607 0.001 0.666 0.647 0.697 0.785 0.776 0.782 0.761 0.566
-9999.000 -9999.000 -9999.000 -9999.000 -9999.000 -9999.000 -9999.000 -9999.000 -9999.000 -9999.000 -9999.000 -9999.000 -9999.000 -9999.000 -9999.000 -9999.000 -9999.000 -9999.000 -9999.000 -9999.000 -9999.000 -9999.000 -9999.000 -9999.000 -9999.000 -9999.000 9.051 6.927 5.644 5.399 5.330 7.286 -9999.000 -9999.000 7.674 4.051 3.075 2.097 2.045 2.270 9.426 1.714 1.631 1.590 1.526 1.464 1.422 1.378 1.257 0.760 0.724 0.702 0.682 0.661 0.652 0.646 0.644 0.644 0.001 0.684 0.680 0.831 0.814 0.811 0.816 0.620 0.584
-9999.000 -9999.000 -9999.000 -9999.000 -9999.000 -9999.000 -9999.000 -9999.000 -9999.000 -9999.000 -9999.000 -9999.000 -9999.000 -9999.000 -9999.000 -9999.000 -9999.000 -9999.000 -9999.000 -9999.000 -9999.000 -9999.000 -9999.000 -9999.000 -9999.000 10.102 7.866 6.936 5.842 5.503 6.187 9.666 -9999.000 -9999.000 5.579 3.495 2.737 2.116 2.106 2.540 3.856 1.684 1.638 1.597 1.524 1.491 1.459 1.424 1.053 0.769 0.747 0.727 0.709 0.692 0.684 0.680 0.679 0.684 0.001 0.703 0.792 0.898 0.850 0.847 0.806 0.626 0.605
-9999.000 -9999.000 -9999.000 -9999.000 -9999.000 -9999.000 -9999.000 -9999.000 -9999.000 -9999.000 -9999.000 -9999.000 -9999.000 -9999.000 -9999.000 -9999.000 -9999.000 -9999.000 -9999.000 -9999.000 -9999.000 -9999.000 -9999.000 -9999.000 12.290 9.438 7.598 6.747 5.957 5.761 7.078 13.906 -9999.000 -9999.000 4.615 3.055 2.481 2.142 2.214 2.451 1.939 1.737 1.692 1.597 1.563 1.535 1.501 1.457 0.864 0.791 0.769 0.754 0.738 0.725 0.718 0.714 0.715 0.001 0.001 0.746 0.904 0.931 0.886 0.900 0.683 0.646 0.628
-9999.000 -9999.000 -9999.000 -9999.000 -9999.000 -9999.000 -9999.000 -9999.000 -9999.000 -9999.000 -9999.000 -9999.000 -9999.000 -9999.000 -9999.000 -9999.000 -9999.000 -9999.000 -9999.000 -9999.000 -9999.000 -9999.000 -9999.000 -9999.000 17.909 8.955 7.026 6.116 6.012 5.921 7.599 -9999.000 -9999.000 -9999.000 3.715 2.757 2.331 2.156 2.129 3.041 1.827 1.781 1.685 1.620 1.587 1.550 1.508 1.323 0.837 0.812 0.794 0.781 0.768 0.757 0.751 0.749 0.751 0.001 0.787 0.847 0.945 0.961 0.947 0.913 0.692 0.669 0.791
-9999.000 -9999.000 -9999.000 -9999.000 -9999.000 -9999.000 -9999.000 -9999.000 -9999.000 -9999.000 -9999.000 -9999.000 -9999.000 -9999.000 -9999.000 -9999.000 -9999.000 -9999.000 -9999.000 -9999.000 -9999.000 -9999.000 -9999.000 12.601 12.130 8.133 6.710 6.183 6.098 6.029 7.717 -9999.000 -9999.000 18.649 3.094 2.646 2.279 2.100 2.065 2.335 1.831 1.791 1.697 1.651 1.616 1.582 1.539 1.143 0.856 0.834 0.819 0.808 0.797 0.788 0.783 0.782 0.785 0.001 0.812 0.944 0.977 0.989 1.009 0.761 0.714 0.692 1.240
-9999.000 -9999.000 -9999.000 -9999.000 -9999.000 -9999.000 -9999.000 -9999.000 -9999.000 -9999.000 -9999.000 -9999.000 -9999.000 -9999.000 -9999.000 -9999.000 -9999.000 -9999.000 -9999.000 -9999.000 -9999.000 -9999.000 -9999.000 9.535 8.087 7.323 6.688 6.279 6.268 6.180 8.034 -9999.000 -9999.000 4.448 2.726 2.461 2.211 2.053 2.016 1.974 1.835 1.762 1.712 1.679 1.639 1.597 1.549 0.948 0.877 0.857 0.846 0.835 0.826 0.818 0.814 0.813 0.818 0.001 0.873 0.998 1.007 1.035 1.036 0.763 0.738 0.722 -9999.000
-9999.000 -9999.000 -9999.000 -9999.000 -9999.000 -9999.000 -9999.000 -9999.000 -9999.000 -9999.000 -9999.000 -9999.000 -9999.000 -9999.000 -9999.000 -9999.000 -9999.000 -9999.000 -9999.000 -9999.000 -9999.000 -9999.000 -9999.000 10.249 7.840 6.904 6.591 6.191 6.151 6.397 8.929 -9999.000 -9999.000 3.831 2.544 2.459 2.213 2.148 2.103 1.916 1.837 1.782 1.756 1.706 1.645 1.605 1.436 0.926 0.899 0.883 0.872 0.862 0.854 0.848 0.844 0.845 0.001 0.001 0.964 1.023 1.034 1.094 0.976 0.787 0.763 0.776 -9999.000
-9999.000 -9999.000 -9999.000 -9999.000 -9999.000 -9999.000 -9999.000 -9999.000 -9999.000 -9999.000 -9999.000 -9999.000 -9999.000 -9999.000 -9999.000 -9999.000 -9999.000 -9999.000 -9999.000 -9999.000 -9999.000 -9999.000 -9999.000 11.430 8.125 6.892 6.012 6.055 5.991 6.794 10.813 -9999.000 11.877 3.066 2.521 2.431 2.270 2.247 2.329 1.899 1.847 1.817 1.786 1.726 1.687 1.644 1.219 0.944 0.922 0.909 0.899 0.890 0.883 0.877 0.875 0.876 0.001 0.918 1.033 1.044 1.091 1.137 0.912 0.813 0.792 0.881 -9999.000
-9999.000 -9999.000 -9999.000 -9999.000 -9999.000 -9999.000 -9999.000 -9999.000 -9999.000 -9999.000 -9999.000 -9999.000 -9999.000 -9999.000 -9999.000 -9999.000 -9999.000 -9999.000 -9999.000 -9999.000 -9999.000 -9999.000 -9999.000 9.818 7.503 6.395 5.661 5.828 5.788 6.625 14.572 -9999.000 3.579 2.803 2.761 2.492 2.234 2.184 2.127 1.929 1.887 1.846 1.788 1.747 1.702 1.653 1.054 0.966 0.946 0.936 0.926 0.917 0.911 0.907 0.905 0.908 0.001 0.967 1.057 1.082 1.111 1.158 0.886 0.840 0.826 1.057 -9999.000
-9999.000 -9999.000 -9999.000 -9999.000 -9999.000 -9999.000 -9999.000 -9999.000 -9999.000 -9999.000 -9999.000 -9999.000 -9999.000 -9999.000 -9999.000 -9999.000 -9999.000 -9999.000 -9999.000 -9999.000 -9999.000 -9999.000 9.702 9.499 8.533 6.804 5.371 5.541 5.708 7.139 -9999.000 6.219 3.000 2.686 2.637 2.393 2.303 2.248 2.029 1.952 1.906 1.834 1.764 1.723 1.669 1.569 1.020 0.989 0.972 0.962 0.953 0.945 0.939 0.935 0.934 0.939 0.001 1.024 1.084 1.117 1.164 1.176 0.896 0.867 0.862 1.301 -9999.000
-9999.000 -9999.000 -9999.000 -9999.000 -9999.000 -9999.000 -9999.000 -9999.000 -9999.000 -9999.000 -9999.000 -9999.000 -9999.000 -9999.000 -9999.000 -9999.000 -9999.000 -9999.000 -9999.000 -9999.000 -9999.000 -9999.000 9.458 7.392 6.534 5.202 5.281 5.781 5.942 8.966 -9999.000 3.817 2.822 2.677 2.589 2.456 2.481 2.781 1.997 1.951 1.893 1.863 1.823 1.771 1.722 1.423 1.035 1.012 0.999 0.989 0.981 0.973 0.968 0.965 0.966 0.001 0.001 1.084 1.127 1.166 1.205 1.199 0.924 0.897 0.895 2.384 -9999.000
-9999.000 -9999.000 -9999.000 -9999.000 -9999.000 -9999.000 -9999.000 -9999.000 -9999.000 -9999.000 -9999.000 -9999.000 -9999.000 -9999.000 -9999.000 -9999.000 -9999.000 -9999.000 -9999.000 -9999.000 -9999.000 -9999.000 -9999.000 7.857 7.142 5.082 5.369 5.608 6.667 -9999.000 5.325 3.183 2.769 2.723 2.550 2.469 2.391 2.302 1.979 1.951 1.921 1.903 1.876 1.794 1.755 1.304 1.057 1.036 1.027 1.017 1.009 1.002 0.998 0.996 0.997 0.001 1.053 1.137 1.178 1.189 1.252 1.195 0.952 0.929 0.948 -9999.000 -9999.000
-9999.000 -9999.000 -9999.000 -9999.000 -9999.000 -9999.000 -9999.000 -9999.000 -9999.000 -9999.000 -9999.000 -9999.000 -9999.000 -9999.000 -9999.000 -9999.000 -9999.000 -9999.000 -9999.000 -9999.000 -9999.000 -9999.000 16.009 6.129 5.263 4.936 5.481 5.651 8.030 10.014 3.557 2.941 2.809 2.743 2.735 2.839 2.848 2.100 2.001 1.975 1.944 1.912 1.865 1.826 1.793 1.178 1.081 1.063 1.053 1.045 1.037 1.031 1.027 1.026 1.029 0.001 1.070 1.196 1.203 1.223 1.286 1.098 0.980 0.966 1.033 -9999.000 -9999.000
-9999.000 -9999.000 -9999.000 -9999.000 -9999.000 -9999.000 -9999.000 -9999.000 -9999.000 -9999.000 -9999.000 -9999.000 -9999.000 -9999.000 -9999.000 -9999.000 -9999.000 -9999.000 -9999.000 -9999.000 -9999.000 -9999.000 10.614 5.236 4.762 4.814 5.659 6.621 9.221 4.836 3.064 2.909 2.843 2.867 2.826 2.790 2.817 2.060 2.016 1.986 1.955 1.912 1.866 1.823 1.704 1.138 1.104 1.091 1.081 1.073 1.066 1.060 1.057 1.057 1.062 0.001 1.099 1.241 1.236 1.267 1.314 1.052 1.008 1.002 1.185 -9999.000 -9999.000
-9999.000 -9999.000 -9999.000 -9999.000 -9999.000 -9999.000 -9999.000 -9999.000 -9999.000 -9999.000 -9999.000 -9999.000 -9999.000 -9999.000 -9999.000 -9999.000 -9999.000 -9999.000 -9999.000 -9999.000 -9999.000 -9999.000 6.016 4.476 4.591 4.687 5.322 6.673 6.794 3.743 2.985 2.924 2.938 2.834 2.787 2.750 2.509 2.056 2.036 2.039 2.136 2.144 2.084 2.007 1.546 1.151 1.127 1.119 1.109 1.101 1.094 1.089 1.087 1.088 0.001 1.201 1.157 1.279 1.273 1.302 1.333 1.067 1.037 1.036 1.390 -9999.000 -9999.000
-9999.000 -9999.000 -9999.000 -9999.000 -9999.000 -9999.000 -9999.000 -9999.000 -9999.000 -9999.000 -9999.000 -9999.000 -9999.000 -9999.000 -9999.000 -9999.000 -9999.000 -9999.000 -9999.000 -9999.000 -9999.000 -9999.000 5.168 4.326 4.299 4.477 5.663 6.313 4.964 3.674 2.998 3.008 3.096 2.878 2.851 2.982 2.259 2.073 2.054 2.057 2.101 2.061 2.020 1.966 1.404 1.175 1.152 1.146 1.138 1.130 1.124 1.120 1.119 1.120 1.180 1.218 1.229 1.314 1.300 1.363 1.363 1.093 1.067 1.066 2.118 -9999.000 -9999.000
-9999.000 -9999.000 -9999.000 -9999.000 -9999.000 -9999.000 -9999.000 -9999.000 -9999.000 -9999.000 -9999.000 -9999.000 -9999.000 -9999.000 -9999.000 -9999.000 -9999.000 -9999.000 -9999.000 -9999.000 -9999.000 9.246 4.542 4.196 4.157 4.798 6.217 5.233 3.847 3.111 3.039 3.041 2.904 2.846 2.812 2.772 2.145 2.096 2.077 2.084 2.066 2.033 2.002 1.933 1.297 1.199 1.180 1.173 1.166 1.159 1.154 1.151 1.150 1.152 1.233 1.236 1.304 1.342 1.330 1.452 1.388 1.121 1.099 1.102 -9999.000 -9999.000 -9999.000
-9999.000 -9999.000 -9999.000 -9999.000 -9999.000 -9999.000 -9999.000 -9999.000 -9999.000 -9999.000 -9999.000 -9999.000 -9999.000 -9999.000 -9999.000 -9999.000 -9999.000 -9999.000 -9999.000 -9999.000 -9999.000 7.098 4.468 4.146 4.111 4.488 4.513 4.045 3.398 3.095 3.079 3.107 2.947 2.931 2.890 2.464 2.150 2.120 2.119 2.098 2.055 2.018 1.984 1.860 1.271 1.223 1.209 1.201 1.194 1.188 1.183 1.181 1.180 1.181 1.342 1.258 1.351 1.372 1.363 1.506 1.301 1.149 1.136 1.216 -9999.000 -9999.000 -9999.000
-9999.000 -9999.000 -9999.000 -9999.000 -9999.000 -9999.000 -9999.000 -9999.000 -9999.000 -9999.000 -9999.000 -9999.000 -9999.000 -9999.000 -9999.000 -9999.000 -9999.000 -9999.000 -9999.000 -9999.000 15.415 5.588 4.516 4.110 3.999 3.864 3.822 3.447 3.248 3.115 3.097 3.085 3.009 2.968 2.931 2.238 2.170 2.148 2.168 2.104 2.070 2.036 2.000 1.730 1.277 1.247 1.238 1.230 1.223 1.217 1.212 1.209 1.208 1.216 1.474 1.288 1.390 1.405 1.400 1.515 1.226 1.177 1.171 1.588 -9999.000 -9999.000 -9999.000
-9999.000 -9999.000 -9999.000 -9999.000 -9999.000 -9999.000 -9999.000 -9999.000 -9999.000 -9999.000 -9999.000 -9999.000 -9999.000 -9999.000 -9999.000 -9999.000 -9999.000 -9999.000 -9999.000 -9999.000 10.943 5.378 4.641 4.401 4.573 4.361 3.864 3.389 3.327 3.147 3.113 3.063 3.008 2.963 2.670 2.234 2.196 2.178 2.196 2.088 2.051 2.013 1.972 1.596 1.296 1.272 1.266 1.258 1.251 1.244 1.239 1.236 1.234 1.272 1.559 1.342 1.362 1.436 1.433 1.463 1.234 1.206 1.215 7.701 -9999.000 -9999.000 -9999.000
-9999.000 -9999.000 -9999.000 -9999.000 -9999.000 -9999.000 -9999.000 -9999.000 -9999.000 -9999.000 -9999.000 -9999.000 -9999.000 -9999.000 -9999.000 -9999.000 -9999.000 -9999.000 -9999.000 -9999.000 12.239 6.471 5.027 4.548 4.521 4.366 3.693 3.419 3.344 3.170 3.148 3.225 3.634 4.834 2.426 2.242 2.218 2.187 2.142 2.108 2.068 2.037 1.954 1.474 1.319 1.298 1.292 1.285 1.278 1.271 1.266 1.261 1.258 1.453 1.595 1.523 1.381 1.471 1.473 1.419 1.261 1.235 1.444 -9999.000 -9999.000 -9999.000 -9999.000
-9999.000 -9999.000 -9999.000 -9999.000 -9999.000 -9999.000 -9999.000 -9999.000 -9999.000 -9999.000 -9999.000 -9999.000 -9999.000 -9999.000 -9999.000 -9999.000 -9999.000 -9999.000 -9999.000 -9999.000 9.472 5.726 5.319 5.205 4.573 4.201 3.534 3.433 3.344 3.193 3.204 3.431 4.905 5.106 2.303 2.257 2.201 2.146 2.102 2.057 2.023 1.994 1.955 1.397 1.343 1.327 1.319 1.312 1.304 1.297 1.291 1.286 1.284 1.631 1.626 1.568 1.466 1.484 1.517 1.331 1.289 1.267 2.019 -9999.000 -9999.000 -9999.000 -9999.000
