LISFLOOD/results/run12.mxe
ncols         413
nrows         307
xllcorner     341179.518085
yllcorner     4516729.658735
cellsize      10.000000
NODATA_value  -9999.000000
[rows 224 to 251 of 307, columns 124 to 185 of 413]
-9999.000 -9999.000 -9999.000 -9999.000 -9999.000 -9999.000 -9999.000 -9999.000 -9999.000 -9999.000 -9999.000 -9999.000 -9999.000 -9999.000 -9999.000 -9999.000 -9999.000 -9999.000 -9999.000 -9999.000 -9999.000 -9999.000 -9999.000 -9999.000 -9999.000 -9999.000 -9999.000 -9999.000 -9999.000 -9999.000 -9999.000 -9999.000 -9999.000 -9999.000 -9999.000 -9999.000 -9999.000 132.382 132.405 132.424 132.444 132.466 132.489 132.514 132.541 132.570 132.599 132.631 132.663 132.697 132.733 132.770 132.808 132.848 132.889 132.931 132.974 133.019 133.065 133.112 133.161 133.210
-9999.000 -9999.000 -9999.000 -9999.000 -9999.000 -9999.000 -9999.000 -9999.000 -9999.000 -9999.000 -9999.000 -9999.000 -9999.000 -9999.000 -9999.000 -9999.000 -9999.000 -9999.000 -9999.000 -9999.000 -9999.000 -9999.000 -9999.000 -9999.000 -9999.000 -9999.000 -9999.000 -9999.000 -9999.000 -9999.000 -9999.000 -9999.000 -9999.000 -9999.000 -9999.000 -9999.000 -9999.000 132.361 132.376 132.395 132.416 132.438 132.463 132.489 132.516 132.546 132.576 132.608 132.642 132.677 132.714 132.751 132.791 132.831 132.873 132.916 132.961 133.006 133.053 133.101 133.150 133.200
-9999.000 -9999.000 -9999.000 -9999.000 -9999.000 -9999.000 -9999.000 -9999.000 -9999.000 -9999.000 -9999.000 -9999.000 -9999.000 -9999.000 -9999.000 -9999.000 -9999.000 -9999.000 -9999.000 -9999.000 -9999.000 -9999.000 -9999.000 -9999.000 -9999.000 -9999.000 -9999.000 -9999.000 -9999.000 -9999.000 -9999.000 -9999.000 -9999.000 -9999.000 -9999.000 -9999.000 132.303 132.326 132.346 132.366 132.388 132.411 132.436 132.463 132.491 132.521 132.553 132.586 132.621 132.657 132.694 132.733 132.773 132.815 132.858 132.902 132.947 132.993 133.041 133.089 133.139 133.190
-9999.000 -9999.000 -9999.000 -9999.000 -9999.000 -9999.000 -9999.000 -9999.000 -9999.000 -9999.000 -9999.000 -9999.000 -9999.000 -9999.000 -9999.000 -9999.000 -9999.000 -9999.000 -9999.000 -9999.000 -9999.000 -9999.000 -9999.000 -9999.000 -9999.000 -9999.000 -9999.000 -9999.000 -9999.000 -9999.000 -9999.000 -9999.000 -9999.000 -9999.000 -9999.000 -9999.000 132.282 132.297 132.316 132.336 132.359 132.383 132.409 132.437 132.466 132.497 132.530 132.564 132.599 132.636 132.675 132.715 132.756 132.798 132.842 132.887 132.933 132.980 133.029 133.078 133.128 133.180
-9999.000 -9999.000 -9999.000 -9999.000 -9999.000 -9999.000 -9999.000 -9999.000 -9999.000 -9999.000 -9999.000 -9999.000 -9999.000 -9999.000 -9999.000 -9999.000 -9999.000 -9999.000 -9999.000 -9999.000 -9999.000 -9999.000 -9999.000 -9999.000 -9999.000 -9999.000 -9999.000 -9999.000 -9999.000 -9999.000 -9999.000 -9999.000 -9999.000 -9999.000 -9999.000 132.224 132.247 132.266 132.285 132.307 132.330 132.355 132.382 132.411 132.441 132.473 132.506 132.541 132.578 132.616 132.656 132.696 132.739 132.782 132.827 132.873 132.920 132.968 133.017 133.067 133.118 133.170
-9999.000 -9999.000 -9999.000 -9999.000 -9999.000 -9999.000 -9999.000 -9999.000 -9999.000 -9999.000 -9999.000 -9999.000 -9999.000 -9999.000 -9999.000 -9999.000 -9999.000 -9999.000 -9999.000 -9999.000 -9999.000 -9999.000 -9999.000 -9999.000 -9999.000 -9999.000 -9999.000 -9999.000 -9999.000 -9999.000 -9999.000 -9999.000 -9999.000 -9999.000 -9999.000 132.202 132.217 132.235 132.255 132.277 132.301 132.327 132.354 132.384 132.415 132.448 132.483 132.519 132.556 132.596 132.636 132.678 132.721 132.766 132.811 132.858 132.906 132.955 133.005 133.056 133.108 133.160
-9999.000 -9999.000 -9999.000 -9999.000 -9999.000 -9999.000 -9999.000 -9999.000 -9999.000 -9999.000 -9999.000 -9999.000 -9999.000 -9999.000 -9999.000 -9999.000 -9999.000 -9999.000 -9999.000 -9999.000 -9999.000 -9999.000 -9999.000 -9999.000 -9999.000 -9999.000 -9999.000 -9999.000 -9999.000 -9999.000 -9999.000 -9999.000 -9999.000 -9999.000 132.147 132.168 132.185 132.204 132.224 132.247 132.271 132.298 132.327 132.357 132.389 132.423 132.459 132.496 132.535 132.575 132.617 132.660 132.704 132.749 132.796 132.844 132.893 132.943 132.993 133.045 133.098 133.151
-9999.000 -9999.000 -9999.000 -9999.000 -9999.000 -9999.000 -9999.000 -9999.000 -9999.000 -9999.000 -9999.000 -9999.000 -9999.000 -9999.000 -9999.000 -9999.000 -9999.000 -9999.000 -9999.000 -9999.000 -9999.000 -9999.000 -9999.000 -9999.000 -9999.000 -9999.000 -9999.000 -9999.000 -9999.000 -9999.000 -9999.000 -9999.000 -9999.000 -9999.000 132.127 132.138 132.154 132.172 132.193 132.216 132.241 132.269 132.299 132.330 132.363 132.398 132.435 132.473 132.513 132.554 132.597 132.641 132.687 132.733 132.781 132.830 132.879 132.930 132.982 133.034 133.088 133.142
-9999.000 -9999.000 -9999.000 -9999.000 -9999.000 -9999.000 -9999.000 -9999.000 -9999.000 -9999.000 -9999.000 -9999.000 -9999.000 -9999.000 -9999.000 -9999.000 -9999.000 -9999.000 -9999.000 -9999.000 -9999.000 -9999.000 -9999.000 -9999.000 -9999.000 -9999.000 -9999.000 -9999.000 -9999.000 -9999.000 -9999.000 -9999.000 -9999.000 132.096 132.098 132.107 132.121 132.139 132.160 132.184 132.211 132.239 132.270 132.303 132.337 132.373 132.411 132.451 132.491 132.534 132.578 132.623 132.669 132.717 132.766 132.816 132.866 132.918 132.971 133.024 133.078 133.133
-9999.000 -9999.000 -9999.000 -9999.000 -9999.000 -9999.000 -9999.000 -9999.000 -9999.000 -9999.000 -9999.000 -9999.000 -9999.000 -9999.000 -9999.000 -9999.000 -9999.000 -9999.000 -9999.000 -9999.000 -9999.000 -9999.000 -9999.000 -9999.000 -9999.000 -9999.000 -9999.000 -9999.000 -9999.000 -9999.000 -9999.000 -9999.000 -9999.000 -9999.000 132.063 132.071 132.086 132.104 132.127 132.152 132.179 132.209 132.241 132.275 132.311 132.348 132.387 132.428 132.470 132.513 132.558 132.605 132.652 132.701 132.751 132.802 132.854 132.907 132.960 133.014 133.069 133.125
-9999.000 -9999.000 -9999.000 -9999.000 -9999.000 -9999.000 -9999.000 -9999.000 -9999.000 -9999.000 -9999.000 -9999.000 -9999.000 -9999.000 -9999.000 -9999.000 -9999.000 -9999.000 -9999.000 -9999.000 -9999.000 -9999.000 -9999.000 -9999.000 -9999.000 -9999.000 -9999.000 -9999.000 -9999.000 -9999.000 -9999.000 -9999.000 -9999.000 -9999.000 132.022 132.031 132.047 132.068 132.092 132.119 132.148 132.179 132.212 132.247 132.284 132.322 132.363 132.404 132.448 132.493 132.539 132.586 132.635 132.685 132.736 132.788 132.841 132.895 132.950 133.005 133.060 133.117
-9999.000 -9999.000 -9999.000 -9999.000 -9999.000 -9999.000 -9999.000 -9999.000 -9999.000 -9999.000 -9999.000 -9999.000 -9999.000 -9999.000 -9999.000 -9999.000 -9999.000 -9999.000 -9999.000 -9999.000 -9999.000 -9999.000 -9999.000 -9999.000 -9999.000 -9999.000 -9999.000 -9999.000 -9999.000 -9999.000 -9999.000 -9999.000 -9999.000 -9999.000 131.973 131.986 132.006 132.029 132.056 132.084 132.115 132.148 132.182 132.219 132.257 132.297 132.338 132.381 132.426 132.472 132.519 132.568 132.618 132.670 132.722 132.775 132.829 132.884 132.940 132.996 133.052 133.109
-9999.000 -9999.000 -9999.000 -9999.000 -9999.000 -9999.000 -9999.000 -9999.000 -9999.000 -9999.000 -9999.000 -9999.000 -9999.000 -9999.000 -9999.000 -9999.000 -9999.000 -9999.000 -9999.000 -9999.000 -9999.000 -9999.000 -9999.000 -9999.000 -9999.000 -9999.000 -9999.000 -9999.000 -9999.000 -9999.000 -9999.000 -9999.000 -9999.000 131.874 131.912 131.936 131.962 131.990 132.019 132.050 132.082 132.117 132.153 132.190 132.230 132.271 132.314 132.358 132.404 132.451 132.500 132.550 132.602 132.654 132.708 132.762 132.818 132.874 132.930 132.987 133.045 133.103
-9999.000 -9999.000 -9999.000 -9999.000 -9999.000 -9999.000 -9999.000 -9999.000 -9999.000 -9999.000 -9999.000 -9999.000 -9999.000 -9999.000 -9999.000 -9999.000 -9999.000 -9999.000 -9999.000 -9999.000 -9999.000 -9999.000 -9999.000 -9999.000 -9999.000 -9999.000 -9999.000 -9999.000 -9999.000 -9999.000 -9999.000 131.726 131.750 131.795 131.850 131.887 131.919 131.950 131.982 132.015 132.049 132.085 132.123 132.162 132.203 132.245 132.289 132.335 132.382 132.431 132.481 132.532 132.585 132.639 132.694 132.750 132.806 132.864 132.922 132.980 133.038 133.096
-9999.000 -9999.000 -9999.000 -9999.000 -9999.000 -9999.000 -9999.000 -9999.000 -9999.000 -9999.000 -9999.000 -9999.000 -9999.000 -9999.000 -9999.000 -9999.000 -9999.000 -9999.000 -9999.000 -9999.000 -9999.000 -9999.000 -9999.000 -9999.000 -9999.000 -9999.000 -9999.000 -9999.000 -9999.000 -9999.000 131.681 131.703 131.730 131.767 131.807 131.844 131.878 131.912 131.946 131.980 132.016 132.054 132.093 132.133 132.175 132.219 132.264 132.312 132.360 132.410 132.462 132.515 132.569 132.624 132.681 132.738 132.796 132.854 132.913 132.973 133.032 133.091
-9999.000 -9999.000 -9999.000 -9999.000 -9999.000 -9999.000 -9999.000 -9999.000 -9999.000 -9999.000 -9999.000 -9999.000 -9999.000 -9999.000 -9999.000 -9999.000 -9999.000 -9999.000 -9999.000 -9999.000 -9999.000 -9999.000 -9999.000 -9999.000 -9999.000 -9999.000 -9999.000 -9999.000 -9999.000 -9999.000 131.660 131.678 131.704 131.735 131.770 131.806 131.840 131.875 131.910 131.946 131.983 132.022 132.063 132.104 132.148 132.193 132.240 132.288 132.338 132.390 132.443 132.497 132.553 132.609 132.667 132.726 132.786 132.846 132.906 132.966 133.027 133.087
-9999.000 -9999.000 -9999.000 -9999.000 -9999.000 -9999.000 -9999.000 -9999.000 -9999.000 -9999.000 -9999.000 -9999.000 -9999.000 -9999.000 -9999.000 -9999.000 -9999.000 -9999.000 -9999.000 -9999.000 -9999.000 -9999.000 -9999.000 -9999.000 -9999.000 -9999.000 -9999.000 -9999.000 -9999.000 131.599 131.624 131.647 131.673 131.703 131.735 131.769 131.804 131.839 131.875 131.912 131.951 131.991 132.033 132.076 132.120 132.167 132.215 132.265 132.316 132.369 132.424 132.479 132.537 132.595 132.655 132.715 132.776 132.838 132.900 132.961 133.022 133.083
-9999.000 -9999.000 -9999.000 -9999.000 -9999.000 -9999.000 -9999.000 -9999.000 -9999.000 -9999.000 -9999.000 -9999.000 -9999.000 -9999.000 -9999.000 -9999.000 -9999.000 -9999.000 -9999.000 -9999.000 -9999.000 -9999.000 -9999.000 -9999.000 -9999.000 -9999.000 -9999.000 -9999.000 -9999.000 131.575 131.592 131.614 131.640 131.669 131.700 131.734 131.768 131.804 131.841 131.879 131.919 131.960 132.003 132.047 132.093 132.141 132.190 132.241 132.294 132.349 132.405 132.462 132.521 132.581 132.642 132.704 132.768 132.832 132.895 132.957 133.019 133.081
-9999.000 -9999.000 -9999.000 -9999.000 -9999.000 -9999.000 -9999.000 -9999.000 -9999.000 -9999.000 -9999.000 -9999.000 -9999.000 -9999.000 -9999.000 -9999.000 -9999.000 -9999.000 -9999.000 -9999.000 -9999.000 -9999.000 -9999.000 -9999.000 -9999.000 -9999.000 -9999.000 -9999.000 131.510 131.536 131.557 131.580 131.606 131.635 131.666 131.699 131.733 131.769 131.807 131.846 131.887 131.929 131.973 132.018 132.065 132.114 132.165 132.218 132.272 132.328 132.386 132.445 132.505 132.567 132.630 132.694 132.760 132.827 132.892 132.955 133.018 133.080
-9999.000 -9999.000 -9999.000 -9999.000 -9999.000 -9999.000 -9999.000 -9999.000 -9999.000 -9999.000 -9999.000 -9999.000 -9999.000 -9999.000 -9999.000 -9999.000 -9999.000 -9999.000 -9999.000 -9999.000 -9999.000 -9999.000 -9999.000 -9999.000 -9999.000 -9999.000 -9999.000 -9999.000 131.487 131.502 131.522 131.545 131.571 131.600 131.631 131.664 131.698 131.735 131.773 131.813 131.855 131.898 131.943 131.989 132.038 132.088 132.140 132.194 132.250 132.307 132.367 132.427 132.490 132.553 132.618 132.683 132.751 132.825 132.891 132.955 133.017 133.080
-9999.000 -9999.000 -9999.000 -9999.000 -9999.000 -9999.000 -9999.000 -9999.000 -9999.000 -9999.000 -9999.000 -9999.000 -9999.000 -9999.000 -9999.000 -9999.000 -9999.000 -9999.000 -9999.000 -9999.000 -9999.000 -9999.000 -9999.000 -9999.000 -9999.000 -9999.000 -9999.000 -9999.000 131.451 131.465 131.485 131.509 131.535 131.564 131.595 131.629 131.664 131.701 131.740 131.780 131.823 131.867 131.913 131.960 132.010 132.062 132.115 132.170 132.228 132.287 132.347 132.410 132.474 132.540 132.606 132.672 132.737 132.833 132.893 132.956 133.018 133.081
-9999.000 -9999.000 -9999.000 -9999.000 -9999.000 -9999.000 -9999.000 -9999.000 -9999.000 -9999.000 -9999.000 -9999.000 -9999.000 -9999.000 -9999.000 -9999.000 -9999.000 -9999.000 -9999.000 -9999.000 -9999.000 -9999.000 -9999.000 -9999.000 -9999.000 -9999.000 -9999.000 131.372 131.402 131.424 131.447 131.472 131.499 131.528 131.560 131.593 131.629 131.667 131.706 131.747 131.791 131.836 131.883 131.931 131.982 132.035 132.090 132.146 132.205 132.266 132.328 132.393 132.459 132.526 132.595 132.665 132.736 132.833 132.894 132.957 133.020 133.083
-9999.000 -9999.000 -9999.000 -9999.000 -9999.000 -9999.000 -9999.000 -9999.000 -9999.000 -9999.000 -9999.000 -9999.000 -9999.000 -9999.000 -9999.000 -9999.000 -9999.000 -9999.000 -9999.000 -9999.000 -9999.000 -9999.000 -9999.000 -9999.000 -9999.000 -9999.000 -9999.000 131.344 131.362 131.385 131.408 131.434 131.462 131.492 131.524 131.558 131.594 131.632 131.673 131.715 131.759 131.804 131.852 131.902 131.954 132.008 132.064 132.122 132.182 132.244 132.309 132.375 132.444 132.514 132.585 132.657 132.751 132.828 132.895 132.960 133.023 133.086
-9999.000 -9999.000 -9999.000 -9999.000 -9999.000 -9999.000 -9999.000 -9999.000 -9999.000 -9999.000 -9999.000 -9999.000 -9999.000 -9999.000 -9999.000 -9999.000 -9999.000 -9999.000 -9999.000 -9999.000 -9999.000 -9999.000 -9999.000 -9999.000 -9999.000 -9999.000 131.269 131.298 131.322 131.345 131.370 131.396 131.425 131.455 131.488 131.522 131.559 131.598 131.639 131.682 131.726 131.773 131.822 131.873 131.926 131.981 132.038 132.097 132.159 132.223 132.289 132.358 132.429 132.502 132.576 132.648 132.765 132.833 132.899 132.964 133.028 133.091
-9999.000 -9999.000 -9999.000 -9999.000 -9999.000 -9999.000 -9999.000 -9999.000 -9999.000 -9999.000 -9999.000 -9999.000 -9999.000 -9999.000 -9999.000 -9999.000 -9999.000 -9999.000 -9999.000 -9999.000 -9999.000 -9999.000 -9999.000 -9999.000 -9999.000 131.222 131.241 131.260 131.283 131.306 131.331 131.358 131.387 131.418 131.451 131.487 131.524 131.563 131.605 131.648 131.694 131.741 131.791 131.843 131.897 131.953 132.011 132.072 132.135 132.200 132.268 132.339 132.413 132.490 132.571 132.663 132.766 132.837 132.904 132.970 133.034 133.097
-9999.000 -9999.000 -9999.000 -9999.000 -9999.000 -9999.000 -9999.000 -9999.000 -9999.000 -9999.000 -9999.000 -9999.000 -9999.000 -9999.000 -9999.000 -9999.000 -9999.000 -9999.000 -9999.000 -9999.000 -9999.000 -9999.000 -9999.000 -9999.000 131.148 131.163 131.197 131.221 131.244 131.268 131.293 131.320 131.350 131.381 131.415 131.450 131.488 131.528 131.571 131.615 131.661 131.710 131.760 131.813 131.868 131.925 131.984 132.046 132.110 132.177 132.247 132.320 132.396 132.476 132.555 132.700 132.775 132.845 132.912 132.977 133.041 133.104
-9999.000 -9999.000 -9999.000 -9999.000 -9999.000 -9999.000 -9999.000 -9999.000 -9999.000 -9999.000 -9999.000 -9999.000 -9999.000 -9999.000 -9999.000 -9999.000 -9999.000 -9999.000 -9999.000 -9999.000 -9999.000 -9999.000 -9999.000 131.127 131.134 131.146 131.165 131.185 131.207 131.230 131.255 131.282 131.312 131.343 131.378 131.414 131.452 131.493 131.536 131.581 131.628 131.677 131.729 131.782 131.838 131.896 131.956 132.019 132.084 132.152 132.224 132.299 132.378 132.464 132.562 132.716 132.787 132.856 132.922 132.987 133.050 133.113
-9999.000 -9999.000 -9999.000 -9999.000 -9999.000 -9999.000 -9999.000 -9999.000 -9999.000 -9999.000 -9999.000 -9999.000 -9999.000 -9999.000 -9999.000 -9999.000 -9999.000 -9999.000 -9999.000 -9999.000 -9999.000 -9999.000 -9999.000 131.122 131.118 131.123 131.134 131.150 131.169 131.191 131.216 131.243 131.273 131.305 131.340 131.377 131.416 131.458 131.501 131.547 131.595 131.645 131.697 131.752 131.808 131.867 131.928 131.992 132.058 132.127 132.199 132.275 132.356 132.441 132.621 132.725 132.801 132.870 132.935 132.999 133.061 133.123
