LISFLOOD/results/run1.totaltm
ncols         413
nrows         307
xllcorner     341179.518085
yllcorner     4516729.658735
cellsize      10.000000
NODATA_value  -9999.000000
[rows 165 to 197 of 307, columns 222 to 295 of 413]
23.631 23.689 23.724 23.150 23.036 23.997 24.061 24.059 24.225 24.268 24.336 24.405 24.448 24.475 24.497 24.538 24.577 24.600 24.619 24.642 24.671 24.702 24.722 24.739 24.748 24.763 24.814 24.974 25.402 26.047 26.588 26.720 26.733 26.738 26.584 26.529 26.556 26.548 26.513 26.537 26.903 27.201 27.240 27.267 27.293 27.319 27.346 27.372 27.397 27.421 27.444 27.466 27.487 27.507 27.527 27.547 27.566 27.583 27.601 27.617 27.632 27.647 27.661 27.674 27.687 27.699 27.710 27.721 27.731 27.739 27.747 27.754 27.761 27.767
23.656 23.707 23.771 23.739 23.792 24.107 23.996 24.056 24.187 24.272 24.349 24.426 24.460 24.489 24.512 24.556 24.584 24.612 24.633 24.662 24.691 24.715 24.740 24.763 24.786 24.812 24.867 25.054 25.641 26.261 26.717 26.753 26.772 26.782 26.620 26.564 26.592 26.582 26.492 26.622 27.146 27.222 27.251 27.279 27.306 27.332 27.357 27.382 27.406 27.431 27.453 27.476 27.497 27.517 27.537 27.556 27.573 27.591 27.608 27.624 27.639 27.654 27.668 27.681 27.693 27.704 27.716 27.726 27.735 27.743 27.751 27.758 27.764 27.769
23.661 23.714 23.807 23.862 24.019 24.204 24.233 24.261 24.307 24.332 24.364 24.400 24.437 24.473 24.499 24.551 24.591 24.622 24.646 24.669 24.706 24.724 24.738 24.759 24.786 24.832 24.912 25.184 25.873 26.473 26.764 26.785 26.808 26.822 26.679 26.629 26.671 26.619 26.546 26.924 27.196 27.233 27.262 27.289 27.317 27.343 27.368 27.392 27.416 27.439 27.462 27.484 27.506 27.526 27.546 27.564 27.582 27.598 27.616 27.632 27.647 27.661 27.674 27.687 27.699 27.710 27.721 27.730 27.739 27.747 27.754 27.761 27.767 27.771
23.574 23.632 23.751 23.887 24.093 24.223 24.252 24.306 24.347 24.379 24.410 24.430 24.447 24.453 24.472 24.511 24.588 24.630 24.657 24.681 24.722 24.742 24.757 24.758 24.776 24.834 24.950 25.344 26.073 26.699 26.794 26.818 26.838 26.861 26.823 26.794 26.837 26.811 26.857 27.161 27.214 27.243 27.272 27.300 27.327 27.353 27.379 27.403 27.427 27.449 27.471 27.493 27.514 27.534 27.554 27.573 27.591 27.607 27.623 27.638 27.653 27.667 27.681 27.693 27.705 27.716 27.726 27.735 27.743 27.751 27.758 27.764 27.769 27.773
23.458 23.531 23.699 23.943 24.134 24.213 24.251 24.297 24.324 24.356 24.431 24.462 24.493 24.514 24.533 24.554 24.611 24.648 24.678 24.704 24.738 24.759 24.779 24.798 24.821 24.865 25.037 25.559 26.272 26.774 26.820 26.846 26.869 26.891 26.923 26.962 26.998 27.032 27.068 27.156 27.225 27.256 27.283 27.309 27.336 27.363 27.388 27.413 27.437 27.459 27.481 27.502 27.522 27.542 27.562 27.580 27.598 27.615 27.631 27.646 27.660 27.673 27.687 27.699 27.710 27.721 27.731 27.739 27.747 27.754 27.761 27.767 27.771 27.774
23.588 23.692 23.800 23.950 24.134 24.196 24.236 24.256 24.285 24.354 24.404 24.437 24.483 24.510 24.541 24.581 24.628 24.657 24.686 24.715 24.745 24.769 24.796 24.824 24.851 24.909 25.234 25.832 26.527 26.818 26.847 26.875 26.900 26.921 26.937 26.953 26.983 27.016 27.053 27.168 27.239 27.268 27.296 27.322 27.347 27.372 27.397 27.422 27.446 27.468 27.491 27.512 27.531 27.551 27.569 27.587 27.605 27.622 27.638 27.653 27.667 27.680 27.692 27.704 27.715 27.726 27.735 27.743 27.751 27.758 27.764 27.769 27.773 27.776
23.702 23.781 23.873 24.009 24.136 24.194 24.226 24.257 24.321 24.401 24.421 24.441 24.462 24.481 24.496 24.558 24.617 24.647 24.679 24.710 24.739 24.764 24.789 24.819 24.849 24.985 25.478 26.103 26.762 26.844 26.877 26.908 26.936 26.960 26.978 26.971 26.978 27.001 27.118 27.209 27.249 27.277 27.306 27.332 27.358 27.383 27.407 27.430 27.453 27.476 27.498 27.519 27.540 27.559 27.577 27.595 27.612 27.628 27.644 27.659 27.673 27.686 27.698 27.709 27.720 27.730 27.739 27.747 27.754 27.761 27.767 27.771 27.775 27.777
23.738 23.859 23.998 24.067 24.112 24.154 24.171 24.204 24.303 24.404 24.438 24.470 24.493 24.515 24.534 24.572 24.607 24.642 24.676 24.706 24.730 24.753 24.779 24.818 24.871 25.139 25.707 26.359 26.832 26.876 26.906 26.939 26.969 26.996 27.018 27.009 27.016 27.072 27.187 27.229 27.258 27.287 27.314 27.342 27.368 27.393 27.417 27.440 27.462 27.484 27.506 27.527 27.547 27.567 27.585 27.603 27.619 27.635 27.650 27.664 27.678 27.692 27.704 27.715 27.725 27.734 27.743 27.751 27.758 27.764 27.769 27.773 27.776 27.777
23.844 23.925 23.986 24.061 24.112 24.135 24.154 24.198 24.294 24.367 24.433 24.474 24.504 24.524 24.544 24.568 24.592 24.629 24.663 24.692 24.712 24.729 24.756 24.791 24.942 25.392 25.959 26.682 26.866 26.902 26.936 26.967 26.999 27.028 27.054 27.048 27.044 27.149 27.208 27.238 27.268 27.296 27.323 27.350 27.376 27.402 27.426 27.449 27.472 27.493 27.514 27.534 27.554 27.573 27.592 27.609 27.626 27.642 27.657 27.671 27.684 27.697 27.708 27.719 27.730 27.739 27.747 27.754 27.761 27.767 27.771 27.774 27.777 27.778
23.853 23.905 23.941 24.055 24.147 24.171 24.183 24.286 24.350 24.387 24.422 24.444 24.474 24.497 24.528 24.555 24.578 24.616 24.649 24.671 24.666 24.684 24.710 24.739 25.041 25.651 26.228 26.824 26.886 26.923 26.959 26.993 27.024 27.055 27.083 27.105 27.136 27.183 27.218 27.247 27.277 27.304 27.332 27.359 27.384 27.409 27.434 27.457 27.480 27.502 27.523 27.542 27.561 27.579 27.598 27.616 27.632 27.648 27.663 27.677 27.689 27.702 27.713 27.724 27.734 27.743 27.751 27.758 27.764 27.769 27.772 27.776 27.777 27.778
23.827 23.898 23.946 24.034 24.197 24.262 24.289 24.337 24.368 24.396 24.415 24.434 24.457 24.478 24.503 24.531 24.557 24.597 24.627 24.639 24.661 24.684 24.711 24.738 25.162 25.845 26.469 26.862 26.901 26.939 26.976 27.012 27.045 27.077 27.106 27.135 27.165 27.196 27.227 27.256 27.285 27.313 27.341 27.367 27.392 27.417 27.441 27.464 27.487 27.509 27.530 27.550 27.569 27.587 27.604 27.621 27.638 27.653 27.668 27.682 27.695 27.707 27.718 27.728 27.738 27.747 27.754 27.761 27.767 27.771 27.774 27.777 27.778 27.778
23.788 23.847 23.917 23.992 24.187 24.266 24.311 24.352 24.378 24.406 24.423 24.442 24.462 24.482 24.503 24.526 24.555 24.578 24.604 24.632 24.658 24.687 24.734 24.823 25.352 26.037 26.729 26.873 26.912 26.949 26.986 27.021 27.053 27.084 27.114 27.143 27.173 27.204 27.236 27.265 27.293 27.322 27.348 27.375 27.400 27.425 27.449 27.472 27.494 27.516 27.537 27.557 27.576 27.594 27.611 27.628 27.643 27.658 27.673 27.687 27.699 27.712 27.723 27.733 27.742 27.750 27.757 27.763 27.768 27.773 27.776 27.777 27.778 27.778
23.748 23.821 23.881 23.958 24.121 24.174 24.298 24.350 24.371 24.400 24.419 24.439 24.468 24.488 24.508 24.527 24.561 24.582 24.601 24.622 24.649 24.698 24.768 24.962 25.601 26.231 26.818 26.886 26.921 26.957 26.993 27.027 27.060 27.092 27.124 27.156 27.186 27.215 27.243 27.273 27.302 27.329 27.357 27.382 27.408 27.432 27.456 27.479 27.501 27.522 27.543 27.563 27.582 27.599 27.617 27.634 27.649 27.664 27.678 27.691 27.704 27.716 27.727 27.737 27.746 27.753 27.760 27.766 27.771 27.774 27.777 27.778 27.778 27.778
23.739 23.812 23.889 23.978 24.068 24.117 24.270 24.318 24.339 24.361 24.377 24.408 24.457 24.478 24.498 24.519 24.574 24.599 24.621 24.642 24.665 24.704 24.808 25.168 25.839 26.455 26.856 26.899 26.935 26.969 27.002 27.034 27.068 27.101 27.133 27.166 27.197 27.227 27.255 27.283 27.309 27.337 27.364 27.390 27.415 27.439 27.463 27.486 27.507 27.528 27.549 27.568 27.587 27.605 27.622 27.639 27.654 27.669 27.683 27.696 27.708 27.719 27.730 27.739 27.748 27.756 27.763 27.768 27.772 27.776 27.777 27.778 27.778 27.778
23.767 23.836 23.903 23.982 24.069 24.136 24.222 24.267 24.296 24.303 24.279 24.343 24.439 24.467 24.489 24.513 24.571 24.599 24.624 24.649 24.672 24.710 24.898 25.453 26.073 26.712 26.871 26.908 26.944 26.980 27.014 27.046 27.078 27.109 27.142 27.174 27.206 27.236 27.265 27.293 27.320 27.346 27.372 27.397 27.422 27.446 27.469 27.492 27.513 27.534 27.554 27.574 27.593 27.611 27.627 27.644 27.659 27.674 27.687 27.700 27.712 27.723 27.733 27.743 27.751 27.759 27.765 27.771 27.774 27.777 27.778 27.778 27.778 27.777
23.823 23.874 23.927 24.035 24.121 24.154 24.187 24.232 24.296 24.327 24.338 24.373 24.432 24.458 24.489 24.518 24.552 24.578 24.604 24.631 24.663 24.731 25.111 25.763 26.355 26.821 26.878 26.916 26.953 26.988 27.023 27.057 27.090 27.122 27.152 27.182 27.213 27.244 27.273 27.302 27.330 27.357 27.382 27.407 27.431 27.453 27.477 27.499 27.519 27.540 27.560 27.579 27.598 27.616 27.632 27.648 27.663 27.678 27.691 27.704 27.716 27.727 27.736 27.746 27.753 27.761 27.767 27.772 27.775 27.777 27.778 27.778 27.778 27.777
23.870 23.926 24.011 24.114 24.141 24.166 24.194 24.237 24.312 24.369 24.394 24.424 24.449 24.474 24.504 24.531 24.553 24.576 24.598 24.624 24.657 24.784 25.381 26.000 26.646 26.850 26.891 26.926 26.961 26.997 27.032 27.066 27.100 27.132 27.164 27.194 27.223 27.251 27.281 27.309 27.337 27.363 27.389 27.414 27.439 27.462 27.485 27.507 27.528 27.547 27.566 27.584 27.603 27.620 27.637 27.652 27.667 27.682 27.695 27.707 27.719 27.729 27.739 27.748 27.756 27.762 27.768 27.772 27.776 27.777 27.778 27.778 27.778 27.777
23.916 23.990 24.119 24.182 24.203 24.219 24.234 24.265 24.334 24.366 24.398 24.429 24.458 24.487 24.516 24.543 24.566 24.588 24.607 24.632 24.670 24.902 25.597 26.178 26.782 26.866 26.902 26.938 26.972 27.006 27.041 27.075 27.108 27.141 27.173 27.204 27.233 27.262 27.289 27.316 27.344 27.371 27.396 27.421 27.445 27.468 27.491 27.513 27.533 27.554 27.573 27.591 27.609 27.626 27.641 27.657 27.671 27.685 27.698 27.711 27.722 27.732 27.742 27.751 27.758 27.764 27.770 27.774 27.777 27.778 27.778 27.778 27.778 27.777
23.954 24.063 24.171 24.212 24.232 24.251 24.268 24.292 24.332 24.355 24.382 24.414 24.450 24.484 24.526 24.558 24.586 24.609 24.635 24.663 24.731 25.128 25.831 26.472 26.832 26.876 26.913 26.949 26.984 27.018 27.051 27.083 27.117 27.149 27.181 27.212 27.242 27.271 27.299 27.326 27.352 27.377 27.402 27.427 27.451 27.474 27.497 27.518 27.539 27.559 27.578 27.597 27.614 27.631 27.647 27.662 27.676 27.689 27.702 27.713 27.724 27.735 27.744 27.752 27.759 27.766 27.771 27.774 27.777 27.778 27.778 27.778 27.777 27.776
24.009 24.098 24.172 24.206 24.232 24.254 24.282 24.317 24.337 24.354 24.378 24.407 24.438 24.476 24.528 24.557 24.584 24.609 24.635 24.679 24.876 25.411 26.037 26.737 26.846 26.885 26.922 26.959 26.994 27.029 27.063 27.096 27.127 27.157 27.189 27.220 27.249 27.279 27.307 27.334 27.361 27.386 27.410 27.433 27.457 27.480 27.502 27.524 27.544 27.564 27.583 27.601 27.618 27.635 27.651 27.666 27.679 27.693 27.705 27.717 27.727 27.737 27.746 27.754 27.761 27.767 27.772 27.775 27.777 27.778 27.778 27.778 27.777 27.775
24.049 24.113 24.144 24.179 24.213 24.241 24.275 24.315 24.334 24.366 24.389 24.414 24.438 24.482 24.512 24.531 24.554 24.581 24.608 24.671 25.056 25.696 26.282 26.802 26.858 26.893 26.931 26.968 27.003 27.039 27.073 27.106 27.138 27.169 27.198 27.227 27.257 27.286 27.314 27.342 27.368 27.394 27.419 27.442 27.464 27.487 27.508 27.529 27.549 27.569 27.588 27.606 27.623 27.639 27.654 27.669 27.683 27.696 27.708 27.719 27.730 27.739 27.748 27.756 27.762 27.768 27.772 27.776 27.777 27.778 27.778 27.778 27.777 27.774
24.093 24.129 24.149 24.176 24.205 24.229 24.251 24.287 24.311 24.358 24.385 24.407 24.426 24.465 24.492 24.506 24.533 24.572 24.617 24.683 25.237 25.988 26.632 26.828 26.872 26.907 26.942 26.976 27.012 27.047 27.081 27.115 27.147 27.179 27.209 27.239 27.267 27.294 27.321 27.348 27.374 27.400 27.424 27.448 27.472 27.494 27.514 27.534 27.554 27.574 27.592 27.610 27.627 27.643 27.658 27.673 27.687 27.699 27.711 27.722 27.733 27.742 27.751 27.758 27.764 27.770 27.774 27.777 27.778 27.778 27.778 27.778 27.777 27.774
24.121 24.148 24.163 24.180 24.203 24.224 24.244 24.276 24.302 24.331 24.372 24.394 24.414 24.446 24.469 24.479 24.489 24.553 24.621 24.794 25.526 26.313 26.789 26.844 26.882 26.920 26.956 26.991 27.024 27.057 27.089 27.122 27.155 27.187 27.217 27.247 27.276 27.303 27.330 27.356 27.381 27.406 27.431 27.454 27.478 27.499 27.521 27.541 27.561 27.579 27.597 27.614 27.631 27.647 27.662 27.677 27.690 27.702 27.714 27.725 27.735 27.744 27.752 27.760 27.766 27.771 27.774 27.777 27.778 27.778 27.778 27.777 27.776 27.772
24.119 24.151 24.168 24.184 24.207 24.223 24.241 24.279 24.304 24.328 24.355 24.378 24.402 24.456 24.486 24.507 24.529 24.569 24.621 25.001 25.792 26.604 26.813 26.853 26.891 26.928 26.965 27.001 27.036 27.069 27.101 27.132 27.162 27.194 27.224 27.254 27.283 27.311 27.338 27.364 27.389 27.413 27.437 27.460 27.483 27.505 27.526 27.547 27.566 27.584 27.602 27.619 27.635 27.651 27.666 27.680 27.693 27.706 27.717 27.728 27.737 27.746 27.754 27.761 27.767 27.772 27.775 27.777 27.778 27.778 27.778 27.777 27.775 27.772
24.096 24.142 24.164 24.187 24.210 24.226 24.245 24.268 24.284 24.303 24.322 24.345 24.383 24.452 24.487 24.512 24.536 24.582 24.640 25.281 26.068 26.743 26.824 26.861 26.899 26.937 26.974 27.009 27.044 27.078 27.111 27.143 27.173 27.203 27.231 27.261 27.290 27.318 27.345 27.371 27.397 27.421 27.444 27.467 27.488 27.511 27.532 27.552 27.571 27.589 27.607 27.624 27.640 27.655 27.669 27.683 27.696 27.708 27.720 27.730 27.739 27.748 27.756 27.762 27.768 27.772 27.776 27.777 27.778 27.778 27.778 27.777 27.774 27.771
24.075 24.121 24.151 24.174 24.194 24.211 24.236 24.258 24.278 24.298 24.317 24.332 24.354 24.393 24.430 24.460 24.505 24.593 24.713 25.486 26.295 26.789 26.838 26.875 26.911 26.945 26.982 27.018 27.053 27.087 27.119 27.152 27.183 27.213 27.242 27.269 27.297 27.324 27.352 27.378 27.403 27.428 27.451 27.474 27.496 27.516 27.536 27.557 27.576 27.594 27.612 27.628 27.644 27.659 27.673 27.687 27.699 27.712 27.723 27.733 27.742 27.751 27.758 27.764 27.770 27.774 27.777 27.778 27.778 27.778 27.778 27.777 27.774 27.770
24.066 24.092 24.115 24.138 24.162 24.183 24.226 24.258 24.286 24.311 24.333 24.355 24.382 24.405 24.433 24.461 24.514 24.604 24.969 25.768 26.606 26.811 26.849 26.887 26.923 26.958 26.992 27.026 27.061 27.094 27.127 27.159 27.191 27.221 27.251 27.279 27.306 27.332 27.358 27.384 27.409 27.433 27.457 27.480 27.502 27.523 27.543 27.562 27.580 27.598 27.616 27.633 27.648 27.663 27.678 27.691 27.703 27.714 27.726 27.736 27.744 27.753 27.760 27.766 27.771 27.774 27.777 27.778 27.778 27.778 27.777 27.776 27.772 27.768
24.044 24.067 24.086 24.107 24.137 24.170 24.210 24.248 24.276 24.302 24.328 24.368 24.406 24.452 24.475 24.498 24.532 24.644 25.291 26.088 26.747 26.819 26.858 26.897 26.933 26.970 27.005 27.038 27.070 27.102 27.135 27.167 27.198 27.228 27.258 27.287 27.314 27.341 27.367 27.391 27.415 27.439 27.463 27.486 27.507 27.528 27.548 27.568 27.586 27.603 27.620 27.637 27.652 27.667 27.681 27.694 27.707 27.718 27.728 27.738 27.747 27.754 27.761 27.767 27.772 27.775 27.777 27.778 27.778 27.778 27.777 27.775 27.772 27.767
24.004 24.029 24.070 24.096 24.122 24.159 24.201 24.239 24.270 24.299 24.338 24.384 24.409 24.439 24.459 24.481 24.513 24.777 25.622 26.432 26.789 26.828 26.868 26.906 26.943 26.979 27.014 27.049 27.082 27.113 27.144 27.174 27.206 27.236 27.265 27.293 27.321 27.348 27.374 27.400 27.424 27.447 27.469 27.491 27.512 27.533 27.553 27.573 27.592 27.609 27.626 27.641 27.656 27.671 27.684 27.698 27.709 27.721 27.731 27.741 27.749 27.756 27.763 27.768 27.772 27.776 27.777 27.778 27.778 27.778 27.777 27.774 27.771 27.765
23.963 24.016 24.069 24.091 24.119 24.155 24.194 24.231 24.264 24.292 24.318 24.350 24.388 24.419 24.446 24.473 24.547 25.066 25.906 26.693 26.803 26.840 26.876 26.914 26.951 26.988 27.023 27.057 27.091 27.123 27.155 27.185 27.214 27.242 27.272 27.300 27.328 27.354 27.381 27.406 27.430 27.453 27.476 27.497 27.518 27.538 27.558 27.577 27.596 27.613 27.630 27.646 27.661 27.675 27.688 27.701 27.713 27.724 27.734 27.743 27.752 27.759 27.765 27.771 27.774 27.777 27.778 27.778 27.778 27.777 27.776 27.772 27.768 27.763
23.957 24.034 24.089 24.103 24.117 24.145 24.177 24.206 24.239 24.269 24.293 24.328 24.365 24.395 24.422 24.457 24.669 25.404 26.188 26.760 26.816 26.854 26.889 26.925 26.959 26.996 27.031 27.066 27.099 27.132 27.163 27.194 27.224 27.252 27.280 27.307 27.334 27.361 27.387 27.412 27.436 27.459 27.482 27.504 27.524 27.544 27.563 27.582 27.600 27.618 27.634 27.650 27.665 27.679 27.692 27.704 27.716 27.727 27.737 27.746 27.753 27.761 27.767 27.772 27.775 27.777 27.778 27.778 27.778 27.777 27.775 27.772 27.767 27.761
24.025 24.067 24.106 24.122 24.139 24.154 24.175 24.196 24.223 24.269 24.311 24.350 24.382 24.409 24.436 24.477 24.824 25.699 26.550 26.787 26.826 26.864 26.902 26.938 26.972 27.006 27.039 27.073 27.107 27.139 27.171 27.202 27.232 27.262 27.290 27.317 27.343 27.368 27.392 27.417 27.442 27.465 27.488 27.509 27.530 27.550 27.569 27.587 27.605 27.622 27.638 27.654 27.668 27.682 27.696 27.708 27.719 27.729 27.739 27.748 27.756 27.762 27.768 27.772 27.776 27.777 27.778 27.778 27.778 27.777 27.774 27.771 27.766 27.760
24.044 24.066 24.112 24.140 24.159 24.181 24.202 24.225 24.249 24.282 24.316 24.339 24.362 24.382 24.409 24.482 24.935 25.874 26.697 26.796 26.836 26.874 26.911 26.948 26.984 27.018 27.051 27.083 27.114 27.147 27.178 27.209 27.239 27.268 27.297 27.324 27.351 27.376 27.401 27.424 27.447 27.471 27.493 27.514 27.535 27.555 27.574 27.593 27.610 27.627 27.642 27.657 27.672 27.686 27.699 27.711 27.722 27.732 27.742 27.751 27.758 27.764 27.770 27.774 27.777 27.778 27.778 27.778 27.778 27.777 27.774 27.770 27.764 27.758
