LISFLOOD/results/run10.totaltm
ncols         413
nrows         307
xllcorner     341179.518085
yllcorner     4516729.658735
cellsize      10.000000
NODATA_value  -9999.000000
[rows 132 to 164 of 307, columns 225 to 299 of 413]
0.000 0.000 0.000 0.000 16.349 16.121 15.061 13.896 13.212 14.036 14.263 15.058 15.497 15.628 15.484 15.264 14.811 14.767 14.603 14.564 14.517 13.702 11.253 11.404 11.581 12.915 13.753 15.489 17.838 18.921 19.169 19.283 19.331 19.411 19.787 21.174 22.939 24.089 24.498 24.669 24.732 25.543 26.649 26.762 26.786 26.810 26.837 26.862 26.886 26.909 26.931 26.952 26.975 26.998 27.020 27.041 27.060 27.079 27.098 27.118 27.137 27.155 27.173 27.190 27.207 27.222 27.237 27.252 27.267 27.282 27.295 27.308 27.321 27.332 27.344
0.000 0.000 0.000 6.507 18.080 17.843 18.193 18.027 17.441 17.033 16.537 16.514 16.063 15.683 14.441 14.127 13.587 13.963 13.741 13.683 12.974 12.117 9.950 8.628 8.788 11.251 12.429 12.543 15.891 17.920 18.937 19.122 19.018 19.498 20.021 21.053 23.192 24.246 24.546 24.674 25.079 26.223 26.743 26.770 26.797 26.821 26.844 26.868 26.892 26.917 26.940 26.962 26.983 27.004 27.024 27.046 27.066 27.086 27.104 27.123 27.140 27.158 27.176 27.193 27.210 27.226 27.242 27.256 27.271 27.284 27.297 27.310 27.323 27.334 27.346
0.000 0.000 0.000 16.906 18.558 18.613 19.284 19.287 18.675 18.042 17.456 17.243 16.989 16.892 16.004 15.754 15.474 15.151 14.194 13.366 11.807 11.392 10.441 9.161 7.929 9.669 11.153 10.969 11.128 14.314 17.448 18.857 18.944 19.401 20.458 22.082 23.548 24.348 24.651 24.782 25.774 26.649 26.754 26.779 26.803 26.829 26.854 26.878 26.900 26.922 26.945 26.968 26.991 27.012 27.032 27.052 27.071 27.091 27.110 27.129 27.147 27.164 27.181 27.196 27.213 27.229 27.244 27.259 27.273 27.287 27.300 27.312 27.324 27.336 27.347
0.000 0.000 10.601 18.638 18.618 19.387 19.352 19.384 18.901 18.244 18.025 18.088 18.150 18.211 18.206 18.275 18.293 18.071 16.678 15.751 14.810 14.096 13.464 12.772 11.270 10.396 10.537 10.413 10.315 11.145 13.223 17.212 18.218 18.566 20.158 22.255 23.532 24.234 24.789 25.237 26.372 26.731 26.763 26.788 26.813 26.836 26.861 26.886 26.909 26.932 26.954 26.975 26.996 27.017 27.038 27.059 27.078 27.097 27.115 27.133 27.151 27.168 27.186 27.202 27.217 27.232 27.247 27.261 27.276 27.289 27.302 27.314 27.327 27.338 27.348
0.000 0.000 17.753 18.911 19.288 19.475 19.361 19.476 18.920 18.294 18.112 18.161 18.232 18.299 18.364 18.409 18.464 18.501 18.507 18.418 18.069 17.558 17.054 16.498 15.396 14.291 14.078 13.792 13.908 14.067 14.251 14.903 16.338 16.677 18.352 20.925 21.892 22.943 24.799 25.737 26.633 26.747 26.772 26.797 26.823 26.847 26.871 26.893 26.915 26.938 26.961 26.984 27.004 27.025 27.044 27.063 27.083 27.103 27.122 27.139 27.156 27.172 27.188 27.205 27.221 27.236 27.251 27.264 27.278 27.291 27.303 27.316 27.328 27.339 27.349
0.000 12.374 18.799 18.776 19.603 19.602 19.596 19.619 19.042 18.346 18.185 18.232 18.282 18.331 18.393 18.454 18.522 18.571 18.609 18.581 18.581 18.283 18.129 18.146 18.110 17.923 17.676 17.716 17.945 18.080 18.206 18.429 18.681 18.626 19.103 19.691 18.656 20.068 24.606 26.108 26.708 26.756 26.781 26.805 26.829 26.854 26.879 26.903 26.925 26.947 26.968 26.988 27.010 27.031 27.052 27.071 27.089 27.107 27.125 27.143 27.161 27.177 27.193 27.208 27.223 27.238 27.253 27.267 27.281 27.293 27.306 27.317 27.329 27.340 27.350
0.000 17.799 18.840 19.453 19.738 19.739 19.788 19.686 18.867 18.374 18.194 18.237 18.282 18.321 18.371 18.459 18.552 18.644 18.706 18.675 18.769 18.681 18.474 18.533 18.608 18.917 18.768 18.351 18.415 18.524 18.637 19.016 20.083 21.293 22.511 23.164 22.997 23.674 25.456 26.520 26.738 26.764 26.789 26.815 26.839 26.862 26.884 26.908 26.931 26.954 26.976 26.996 27.016 27.036 27.056 27.076 27.095 27.113 27.131 27.148 27.164 27.181 27.197 27.213 27.228 27.242 27.256 27.269 27.282 27.296 27.308 27.319 27.330 27.341 27.351
14.875 19.522 19.298 19.795 19.899 19.919 19.878 19.692 18.803 18.418 18.176 18.175 18.186 18.223 18.207 18.294 18.400 18.711 18.809 18.864 18.959 18.960 18.964 19.019 19.156 19.525 19.462 19.162 18.813 18.851 18.956 19.298 20.547 22.124 23.371 24.056 24.498 25.239 26.301 26.717 26.752 26.776 26.800 26.823 26.847 26.872 26.894 26.917 26.938 26.959 26.981 27.003 27.024 27.043 27.063 27.081 27.099 27.117 27.136 27.153 27.169 27.186 27.201 27.216 27.231 27.245 27.259 27.272 27.285 27.297 27.309 27.320 27.332 27.342 27.352
18.926 19.666 19.708 19.908 20.012 20.029 19.942 19.645 18.920 18.473 18.221 17.986 18.028 18.007 18.074 18.198 18.337 18.731 18.882 19.026 19.121 19.176 19.224 19.251 19.622 19.926 19.914 19.874 19.628 19.641 19.718 20.023 21.184 22.579 23.728 24.181 24.876 26.016 26.694 26.732 26.758 26.783 26.808 26.832 26.855 26.877 26.901 26.924 26.947 26.968 26.989 27.009 27.028 27.048 27.068 27.088 27.106 27.123 27.140 27.156 27.173 27.189 27.205 27.220 27.234 27.248 27.261 27.274 27.287 27.299 27.311 27.322 27.332 27.342 27.352
19.682 19.709 19.764 19.949 20.107 20.107 19.976 19.736 19.327 18.878 18.387 17.969 17.933 17.854 17.913 18.083 18.457 18.733 18.916 19.098 19.166 19.228 19.301 19.382 19.929 20.188 20.279 20.313 20.259 20.334 20.418 20.948 21.895 23.054 23.903 24.307 25.562 26.563 26.720 26.745 26.769 26.793 26.816 26.841 26.864 26.888 26.909 26.931 26.952 26.974 26.996 27.017 27.036 27.055 27.073 27.091 27.110 27.128 27.145 27.161 27.177 27.192 27.208 27.223 27.237 27.251 27.264 27.276 27.288 27.301 27.312 27.323 27.333 27.343 27.352
19.706 19.753 19.817 19.995 20.156 20.148 20.037 19.845 19.761 19.488 18.598 18.289 18.112 17.881 17.977 18.149 18.472 18.653 18.908 19.056 19.120 19.202 19.274 19.588 20.123 20.358 20.628 20.654 20.700 20.821 21.043 21.567 22.453 23.431 23.939 24.967 26.282 26.693 26.726 26.753 26.779 26.803 26.826 26.848 26.870 26.894 26.917 26.939 26.960 26.981 27.000 27.021 27.041 27.061 27.079 27.097 27.114 27.132 27.149 27.166 27.182 27.197 27.212 27.226 27.239 27.253 27.266 27.279 27.291 27.302 27.313 27.323 27.334 27.343 27.353
19.652 19.706 19.774 20.055 20.201 20.197 20.129 20.076 20.078 19.748 18.779 18.558 18.335 18.174 18.219 18.359 18.560 18.704 18.891 18.972 19.083 19.214 19.326 19.842 20.285 20.612 20.845 20.904 21.047 21.191 21.518 22.068 22.887 23.632 24.257 25.911 26.650 26.703 26.732 26.760 26.786 26.810 26.834 26.857 26.879 26.901 26.922 26.944 26.967 26.988 27.008 27.028 27.047 27.065 27.084 27.103 27.121 27.138 27.154 27.169 27.184 27.200 27.215 27.229 27.243 27.256 27.268 27.280 27.292 27.304 27.314 27.325 27.334 27.344 27.353
19.657 19.678 19.732 20.143 20.240 20.251 20.279 20.224 20.196 19.866 18.961 18.708 18.587 18.374 18.443 18.583 18.758 18.853 18.972 19.073 19.170 19.280 19.582 20.166 20.520 20.857 20.967 21.067 21.226 21.450 21.938 22.571 23.247 23.715 25.307 26.521 26.678 26.716 26.745 26.772 26.798 26.821 26.843 26.864 26.887 26.911 26.932 26.953 26.973 26.993 27.013 27.034 27.054 27.072 27.090 27.107 27.124 27.141 27.158 27.174 27.189 27.204 27.218 27.232 27.246 27.258 27.271 27.283 27.294 27.305 27.315 27.325 27.335 27.344 27.353
19.746 19.739 19.836 20.203 20.280 20.309 20.358 20.330 20.253 19.919 19.094 18.843 18.788 18.699 18.758 18.978 19.151 19.344 19.429 19.483 19.571 19.693 20.168 20.629 20.806 20.931 20.979 21.039 21.216 21.617 22.244 22.967 23.349 24.104 26.197 26.648 26.685 26.717 26.747 26.777 26.804 26.829 26.852 26.873 26.894 26.915 26.938 26.960 26.981 27.001 27.021 27.039 27.058 27.077 27.095 27.113 27.130 27.146 27.162 27.177 27.192 27.207 27.222 27.235 27.248 27.260 27.272 27.284 27.296 27.307 27.317 27.326 27.335 27.344 27.352
19.844 19.908 20.023 20.256 20.322 20.364 20.413 20.399 20.320 19.972 19.193 18.954 18.953 18.993 19.162 19.382 19.642 19.811 19.882 19.911 19.986 20.185 20.608 20.831 20.847 20.888 20.861 20.800 21.019 21.644 22.432 23.172 23.617 25.303 26.586 26.653 26.683 26.716 26.748 26.779 26.808 26.836 26.859 26.882 26.903 26.924 26.944 26.964 26.986 27.006 27.027 27.046 27.064 27.082 27.099 27.116 27.133 27.151 27.166 27.181 27.196 27.209 27.224 27.238 27.251 27.263 27.274 27.286 27.297 27.307 27.317 27.327 27.336 27.344 27.352
19.968 20.026 20.148 20.287 20.341 20.395 20.468 20.466 20.391 20.046 19.320 19.056 19.058 19.162 19.464 19.746 19.922 20.043 20.102 20.159 20.232 20.451 20.926 21.060 21.096 20.891 20.803 20.819 21.087 21.933 22.728 23.347 24.399 26.134 26.623 26.654 26.687 26.718 26.749 26.779 26.809 26.839 26.865 26.888 26.909 26.931 26.953 26.973 26.993 27.012 27.031 27.050 27.069 27.088 27.105 27.121 27.137 27.153 27.169 27.185 27.200 27.214 27.227 27.240 27.253 27.265 27.277 27.288 27.298 27.308 27.318 27.327 27.336 27.344 27.352
20.047 20.092 20.211 20.272 20.320 20.426 20.518 20.534 20.483 20.071 19.459 19.190 19.222 19.437 19.718 19.940 20.033 20.115 20.181 20.247 20.325 20.656 21.142 21.248 21.278 21.171 21.005 21.045 21.548 22.433 23.076 23.667 25.246 26.478 26.623 26.653 26.684 26.716 26.748 26.780 26.809 26.836 26.861 26.884 26.911 26.937 26.957 26.978 26.999 27.019 27.037 27.055 27.073 27.091 27.109 27.126 27.142 27.158 27.173 27.187 27.202 27.216 27.229 27.242 27.254 27.266 27.278 27.289 27.299 27.309 27.318 27.327 27.336 27.343 27.351
20.045 20.097 20.222 20.283 20.340 20.472 20.566 20.607 20.549 20.120 19.583 19.398 19.447 19.721 19.931 20.011 20.079 20.142 20.208 20.281 20.433 20.834 21.222 21.383 21.396 21.372 21.418 21.479 22.032 22.704 23.273 24.212 25.886 26.572 26.616 26.647 26.678 26.707 26.736 26.762 26.787 26.809 26.806 26.765 26.869 26.943 26.963 26.983 27.003 27.023 27.043 27.061 27.078 27.096 27.112 27.129 27.146 27.161 27.176 27.191 27.204 27.218 27.232 27.244 27.257 27.268 27.279 27.290 27.301 27.310 27.319 27.328 27.336 27.343 27.351
20.033 20.099 20.198 20.265 20.344 20.462 20.602 20.661 20.571 20.209 19.720 19.712 19.789 19.974 20.061 20.106 20.152 20.212 20.279 20.353 20.619 21.034 21.271 21.458 21.501 21.557 21.706 21.854 22.297 22.798 23.420 24.837 26.230 26.577 26.606 26.636 26.664 26.692 26.717 26.741 26.762 26.764 26.616 26.624 26.818 26.951 26.971 26.991 27.009 27.028 27.047 27.066 27.083 27.100 27.117 27.132 27.148 27.164 27.179 27.194 27.208 27.221 27.233 27.246 27.258 27.270 27.281 27.291 27.301 27.311 27.319 27.328 27.336 27.343 27.350
20.017 20.064 20.126 20.189 20.277 20.474 20.636 20.741 20.626 20.391 19.948 19.908 20.080 20.163 20.203 20.239 20.297 20.364 20.438 20.516 20.867 21.123 21.314 21.547 21.638 21.758 21.943 22.133 22.445 22.866 23.791 25.368 26.401 26.566 26.593 26.620 26.647 26.672 26.695 26.716 26.728 26.614 26.624 26.644 26.874 26.958 26.978 26.997 27.017 27.035 27.053 27.071 27.088 27.105 27.122 27.138 27.153 27.168 27.182 27.197 27.211 27.224 27.236 27.248 27.259 27.271 27.282 27.293 27.302 27.311 27.320 27.328 27.336 27.343 27.349
20.049 20.083 20.086 20.119 20.197 20.512 20.667 20.787 20.753 20.660 20.253 20.193 20.293 20.326 20.359 20.409 20.464 20.541 20.606 20.681 21.002 21.195 21.493 21.722 21.866 22.022 22.222 22.303 22.530 22.987 24.223 25.770 26.497 26.552 26.578 26.604 26.629 26.652 26.672 26.688 26.641 26.618 26.636 26.791 26.932 26.966 26.986 27.006 27.024 27.042 27.059 27.077 27.094 27.111 27.127 27.142 27.157 27.171 27.186 27.199 27.212 27.226 27.238 27.251 27.262 27.273 27.283 27.293 27.303 27.312 27.320 27.328 27.336 27.342 27.349
20.097 20.154 20.044 20.086 20.187 20.538 20.727 20.829 20.931 20.895 20.579 20.507 20.554 20.599 20.584 20.611 20.658 20.715 20.777 20.854 21.140 21.367 21.750 21.963 22.097 22.268 22.352 22.387 22.567 23.306 24.664 26.094 26.506 26.537 26.560 26.583 26.607 26.628 26.646 26.632 26.595 26.616 26.679 26.899 26.949 26.969 26.990 27.009 27.029 27.047 27.065 27.082 27.098 27.114 27.131 27.147 27.161 27.176 27.189 27.202 27.216 27.228 27.240 27.252 27.263 27.273 27.284 27.293 27.303 27.312 27.320 27.328 27.335 27.342 27.348
20.151 20.204 20.000 19.983 20.070 20.341 20.705 20.931 21.097 21.072 20.894 20.849 20.902 20.994 21.014 21.030 21.078 21.053 21.077 21.157 21.369 21.669 21.988 22.105 22.224 22.297 22.324 22.342 22.556 23.701 25.184 26.302 26.498 26.519 26.540 26.562 26.583 26.600 26.608 26.531 26.546 26.562 26.713 26.923 26.956 26.975 26.994 27.014 27.033 27.052 27.069 27.087 27.103 27.119 27.134 27.149 27.164 27.179 27.193 27.206 27.218 27.231 27.242 27.253 27.264 27.275 27.285 27.294 27.303 27.312 27.320 27.327 27.334 27.341 27.347
20.203 20.261 20.049 20.029 20.105 20.169 20.501 20.917 21.200 21.249 21.206 21.180 21.299 21.472 21.588 21.684 21.714 21.617 21.556 21.638 21.703 21.954 22.123 22.191 22.245 22.268 22.267 22.296 22.744 24.125 25.657 26.423 26.482 26.501 26.519 26.538 26.556 26.571 26.527 26.536 26.555 26.577 26.772 26.933 26.962 26.982 27.001 27.019 27.037 27.055 27.073 27.090 27.107 27.123 27.138 27.152 27.167 27.181 27.194 27.208 27.221 27.233 27.244 27.255 27.266 27.276 27.286 27.295 27.303 27.312 27.319 27.327 27.333 27.339 27.345
20.273 20.327 20.177 20.217 20.447 20.263 20.031 20.547 21.140 21.294 21.363 21.421 21.650 21.826 21.901 21.946 21.948 21.914 21.901 21.958 21.998 22.120 22.198 22.250 22.268 22.254 22.283 22.409 23.185 24.753 26.097 26.439 26.465 26.482 26.497 26.513 26.528 26.522 26.503 26.522 26.546 26.649 26.867 26.947 26.967 26.987 27.007 27.025 27.042 27.059 27.077 27.094 27.111 27.126 27.142 27.156 27.170 27.183 27.197 27.209 27.222 27.234 27.246 27.256 27.267 27.277 27.286 27.295 27.303 27.312 27.319 27.326 27.332 27.338 27.343
20.359 20.411 20.450 20.501 20.623 20.536 20.287 20.629 21.092 20.978 21.080 21.232 21.679 21.918 21.983 22.028 22.041 22.047 22.071 22.098 22.148 22.238 22.278 22.298 22.306 22.272 22.263 22.632 23.825 25.406 26.315 26.429 26.448 26.461 26.476 26.490 26.500 26.484 26.499 26.514 26.533 26.764 26.922 26.951 26.972 26.992 27.011 27.029 27.047 27.064 27.081 27.097 27.113 27.129 27.144 27.159 27.173 27.187 27.199 27.212 27.223 27.235 27.247 27.257 27.267 27.277 27.286 27.295 27.303 27.311 27.318 27.324 27.331 27.336 27.341
20.346 20.388 20.436 20.540 20.706 20.821 20.713 20.849 21.301 21.382 21.276 21.279 21.588 21.850 21.943 22.057 22.085 22.108 22.162 22.198 22.244 22.282 22.307 22.328 22.343 22.359 22.454 22.978 24.478 25.870 26.386 26.414 26.430 26.442 26.455 26.467 26.476 26.489 26.506 26.524 26.564 26.867 26.936 26.958 26.977 26.996 27.015 27.034 27.052 27.069 27.086 27.102 27.117 27.132 27.147 27.162 27.176 27.189 27.202 27.214 27.226 27.237 27.247 27.258 27.268 27.277 27.286 27.294 27.303 27.310 27.317 27.323 27.329 27.334 27.339
20.283 20.327 20.379 20.440 20.676 20.929 20.935 21.239 21.448 21.547 21.554 21.514 21.804 21.872 21.902 21.924 21.812 21.777 22.013 22.174 22.261 22.295 22.328 22.357 22.387 22.432 22.621 23.578 25.047 26.173 26.386 26.401 26.414 26.427 26.441 26.459 26.477 26.493 26.510 26.526 26.671 26.912 26.944 26.964 26.984 27.002 27.020 27.038 27.056 27.073 27.089 27.106 27.121 27.136 27.149 27.164 27.178 27.191 27.203 27.216 27.227 27.238 27.248 27.258 27.268 27.277 27.286 27.294 27.302 27.309 27.316 27.322 27.327 27.332 27.337
20.196 20.255 20.319 20.158 20.658 21.041 21.098 21.297 21.467 21.642 21.712 21.742 21.821 21.845 21.849 21.776 21.741 21.801 21.919 22.082 22.188 22.257 22.316 22.370 22.404 22.442 22.889 24.258 25.574 26.337 26.404 26.392 26.399 26.412 26.419 26.449 26.475 26.497 26.519 26.564 26.821 26.928 26.948 26.969 26.989 27.008 27.026 27.043 27.060 27.076 27.093 27.109 27.124 27.139 27.153 27.167 27.179 27.193 27.205 27.217 27.228 27.239 27.249 27.259 27.268 27.277 27.286 27.293 27.301 27.308 27.314 27.320 27.326 27.330 27.334
20.179 20.256 20.347 20.291 20.884 21.148 21.289 21.406 21.514 21.688 21.733 21.757 21.793 21.571 21.521 21.671 21.792 21.927 21.985 22.029 22.026 21.802 21.830 22.130 22.302 22.441 23.307 24.829 25.991 26.429 26.432 26.413 26.390 26.391 26.354 26.376 26.402 26.423 26.447 26.676 26.901 26.936 26.956 26.974 26.993 27.012 27.031 27.048 27.066 27.081 27.097 27.112 27.127 27.142 27.157 27.170 27.183 27.195 27.207 27.218 27.229 27.240 27.250 27.260 27.269 27.277 27.286 27.293 27.300 27.307 27.313 27.318 27.323 27.328 27.332
20.108 20.315 20.529 20.686 21.025 21.197 21.318 21.432 21.526 21.641 21.684 21.698 21.734 21.458 21.270 21.482 21.726 21.898 21.951 22.001 21.949 21.254 21.302 21.726 22.221 22.711 24.016 25.435 26.249 26.461 26.460 26.433 26.393 26.356 26.292 26.278 26.304 26.329 26.532 26.833 26.921 26.941 26.961 26.981 26.999 27.017 27.034 27.052 27.069 27.086 27.102 27.116 27.131 27.144 27.158 27.172 27.185 27.197 27.209 27.221 27.231 27.241 27.251 27.260 27.269 27.277 27.285 27.292 27.299 27.305 27.311 27.317 27.321 27.325 27.329
19.152 19.432 20.556 20.882 21.118 21.275 21.309 21.348 21.486 21.577 21.597 21.621 21.561 21.501 21.405 21.443 21.683 21.862 21.939 21.973 21.673 20.948 21.020 21.364 22.212 23.021 24.627 25.893 26.452 26.485 26.484 26.442 26.314 26.304 26.284 26.271 26.288 26.307 26.704 26.900 26.925 26.946 26.966 26.986 27.004 27.022 27.039 27.056 27.072 27.089 27.104 27.120 27.134 27.148 27.162 27.174 27.187 27.199 27.211 27.222 27.232 27.242 27.252 27.261 27.269 27.277 27.284 27.292 27.298 27.304 27.309 27.314 27.319 27.323 27.326
17.177 16.632 20.091 20.838 20.927 21.171 21.200 21.192 21.367 21.512 21.517 21.475 21.509 21.541 21.555 21.592 21.697 21.859 21.919 21.939 21.647 21.151 21.202 21.476 22.288 23.354 25.101 26.148 26.503 26.511 26.511 26.407 26.304 26.331 26.313 26.278 26.299 26.471 26.839 26.909 26.928 26.949 26.970 26.989 27.008 27.026 27.043 27.060 27.076 27.092 27.107 27.122 27.137 27.151 27.164 27.177 27.189 27.201 27.212 27.223 27.233 27.243 27.252 27.261 27.269 27.277 27.284 27.291 27.297 27.302 27.307 27.312 27.316 27.319 27.323
