LISFLOOD/results/run1.mxe
ncols         413
nrows         307
xllcorner     341179.518085
yllcorner     4516729.658735
cellsize      10.000000
NODATA_value  -9999.000000
[rows 140 to 167 of 307, columns 189 to 251 of 413]
136.847 136.881 136.915 136.948 136.981 137.014 137.047 137.079 137.111 137.142 137.174 137.205 137.237 137.268 137.299 137.330 137.361 137.391 137.422 137.452 137.483 137.513 137.544 137.574 137.604 137.635 137.667 137.698 -9999.000 -9999.000 -9999.000 -9999.000 -9999.000 -9999.000 141.122 141.118 141.117 141.122 141.134 141.154 141.181 141.215 141.254 141.299 141.349 141.402 141.458 141.518 141.580 141.645 141.712 141.781 141.852 141.925 142.000 142.076 142.154 142.234 142.315 142.397 142.481 142.566 142.652
136.856 136.890 136.923 136.955 136.988 137.019 137.051 137.082 137.113 137.144 137.174 137.204 137.234 137.263 137.292 137.321 137.350 137.378 137.407 137.435 137.462 137.490 137.517 137.543 137.570 137.597 137.632 -9999.000 -9999.000 -9999.000 -9999.000 -9999.000 -9999.000 141.151 141.143 141.142 141.146 141.156 141.172 141.193 141.222 141.256 141.295 141.339 141.388 141.440 141.496 141.555 141.617 141.681 141.748 141.816 141.887 141.960 142.034 142.111 142.189 142.268 142.349 142.431 142.515 142.600 142.687
136.867 136.900 136.932 136.964 136.995 137.026 137.057 137.087 137.117 137.146 137.175 137.204 137.232 137.260 137.287 137.314 137.341 137.367 137.393 137.418 137.443 137.467 137.491 137.514 137.536 137.554 -9999.000 -9999.000 -9999.000 -9999.000 -9999.000 -9999.000 141.160 141.159 141.159 141.163 141.171 141.185 141.203 141.228 141.257 141.292 141.332 141.376 141.424 141.476 141.532 141.590 141.652 141.716 141.782 141.850 141.921 141.994 142.068 142.144 142.222 142.301 142.382 142.465 142.549 142.634 142.720
136.879 136.912 136.943 136.974 137.005 137.035 137.064 137.093 137.122 137.150 137.178 137.205 137.232 137.258 137.283 137.308 137.333 137.357 137.380 137.403 137.425 137.447 137.467 137.487 137.506 137.530 -9999.000 -9999.000 -9999.000 -9999.000 -9999.000 -9999.000 141.165 141.166 141.171 141.179 141.192 141.209 141.230 141.257 141.288 141.324 141.365 141.409 141.458 141.510 141.565 141.623 141.685 141.748 141.815 141.883 141.954 142.026 142.100 142.177 142.254 142.334 142.415 142.497 142.581 142.667 142.753
136.893 136.925 136.955 136.986 137.015 137.044 137.073 137.101 137.129 137.156 137.182 137.208 137.233 137.257 137.281 137.305 137.327 137.349 137.370 137.390 137.410 137.428 137.446 137.462 137.475 -9999.000 -9999.000 -9999.000 -9999.000 -9999.000 -9999.000 141.161 141.165 141.171 141.180 141.193 141.209 141.229 141.253 141.282 141.315 141.352 141.394 141.439 141.488 141.540 141.596 141.654 141.716 141.780 141.846 141.914 141.985 142.057 142.132 142.208 142.286 142.366 142.447 142.529 142.613 142.699 142.785
136.909 136.940 136.969 136.999 137.028 137.056 137.083 137.111 137.137 137.163 137.188 137.212 137.236 137.259 137.281 137.303 137.323 137.343 137.361 137.379 137.396 137.412 137.427 137.441 137.457 -9999.000 -9999.000 -9999.000 -9999.000 -9999.000 -9999.000 141.158 141.164 141.174 141.187 141.203 141.222 141.245 141.272 141.303 141.338 141.377 141.420 141.466 141.516 141.569 141.624 141.683 141.745 141.809 141.875 141.944 142.015 142.087 142.162 142.238 142.316 142.396 142.478 142.560 142.645 142.730 142.817
136.926 136.956 136.985 137.013 137.041 137.069 137.096 137.122 137.147 137.172 137.196 137.219 137.241 137.263 137.283 137.303 137.321 137.339 137.355 137.370 137.385 137.398 137.409 137.418 -9999.000 -9999.000 -9999.000 -9999.000 -9999.000 -9999.000 141.138 141.149 141.161 141.174 141.191 141.210 141.233 141.259 141.288 141.322 141.358 141.399 141.443 141.490 141.541 141.594 141.651 141.710 141.772 141.836 141.903 141.972 142.043 142.116 142.191 142.268 142.346 142.426 142.508 142.591 142.675 142.761 142.848
136.945 136.974 137.002 137.030 137.057 137.083 137.109 137.135 137.159 137.183 137.205 137.227 137.248 137.268 137.287 137.305 137.321 137.337 137.351 137.364 137.376 137.386 137.396 137.407 -9999.000 -9999.000 -9999.000 -9999.000 -9999.000 141.117 141.128 141.141 141.155 141.172 141.192 141.215 141.240 141.269 141.301 141.337 141.376 141.418 141.463 141.512 141.563 141.618 141.675 141.735 141.798 141.862 141.930 141.999 142.070 142.144 142.219 142.296 142.375 142.455 142.537 142.620 142.705 142.791 142.878
136.965 136.993 137.021 137.048 137.074 137.100 137.125 137.149 137.173 137.196 137.217 137.238 137.257 137.276 137.293 137.309 137.324 137.337 137.349 137.360 137.369 137.377 137.382 -9999.000 -9999.000 -9999.000 -9999.000 -9999.000 -9999.000 141.104 141.116 141.131 141.148 141.169 141.191 141.217 141.246 141.277 141.312 141.349 141.390 141.434 141.481 141.531 141.584 141.639 141.697 141.758 141.821 141.887 141.955 142.024 142.096 142.170 142.246 142.323 142.402 142.483 142.565 142.649 142.734 142.820 142.908
136.987 137.014 137.041 137.067 137.093 137.118 137.142 137.166 137.189 137.210 137.231 137.251 137.269 137.286 137.302 137.316 137.329 137.340 137.350 137.358 137.365 137.371 137.376 -9999.000 -9999.000 -9999.000 -9999.000 -9999.000 141.068 141.084 141.100 141.119 141.139 141.163 141.189 141.217 141.248 141.283 141.320 141.359 141.402 141.448 141.496 141.548 141.602 141.658 141.718 141.779 141.843 141.910 141.978 142.048 142.121 142.195 142.271 142.349 142.429 142.510 142.592 142.676 142.762 142.849 142.937
137.010 137.036 137.063 137.088 137.113 137.138 137.162 137.185 137.207 137.228 137.247 137.266 137.283 137.299 137.313 137.325 137.336 137.346 137.353 137.359 137.363 137.366 -9999.000 -9999.000 -9999.000 -9999.000 -9999.000 -9999.000 141.052 141.065 141.084 141.105 141.129 141.155 141.184 141.215 141.249 141.286 141.325 141.367 141.412 141.460 141.510 141.563 141.618 141.676 141.736 141.799 141.864 141.931 142.000 142.071 142.144 142.219 142.296 142.374 142.454 142.536 142.619 142.703 142.789 142.877 142.965
137.034 137.060 137.086 137.111 137.136 137.160 137.183 137.205 137.227 137.247 137.266 137.283 137.299 137.314 137.326 137.337 137.347 137.354 137.359 137.363 137.365 137.365 -9999.000 -9999.000 -9999.000 -9999.000 -9999.000 141.000 141.023 141.043 141.065 141.089 141.116 141.145 141.177 141.211 141.248 141.287 141.329 141.373 141.420 141.469 141.521 141.576 141.632 141.692 141.753 141.817 141.883 141.951 142.021 142.093 142.166 142.242 142.319 142.398 142.479 142.561 142.645 142.730 142.816 142.904 142.993
137.059 137.085 137.110 137.135 137.159 137.183 137.206 137.228 137.249 137.269 137.287 137.304 137.319 137.332 137.343 137.353 137.360 137.365 137.369 137.370 137.369 -9999.000 -9999.000 -9999.000 -9999.000 -9999.000 -9999.000 140.979 140.996 141.019 141.044 141.071 141.101 141.134 141.168 141.205 141.245 141.286 141.330 141.377 141.426 141.477 141.531 141.587 141.645 141.706 141.768 141.833 141.900 141.969 142.040 142.113 142.187 142.264 142.342 142.421 142.502 142.585 142.669 142.755 142.842 142.930 143.020
137.086 137.111 137.136 137.161 137.185 137.208 137.231 137.253 137.274 137.293 137.310 137.327 137.341 137.353 137.363 137.371 137.377 137.380 137.381 137.380 137.374 -9999.000 -9999.000 -9999.000 -9999.000 -9999.000 140.911 140.940 140.966 140.992 141.021 141.052 141.085 141.120 141.158 141.198 141.240 141.284 141.330 141.379 141.430 141.483 141.539 141.596 141.656 141.718 141.782 141.848 141.916 141.986 142.058 142.132 142.207 142.284 142.363 142.443 142.525 142.609 142.694 142.780 142.867 142.956 143.046
137.113 137.138 137.163 137.188 137.212 137.236 137.258 137.280 137.301 137.320 137.337 137.353 137.366 137.377 137.386 137.393 137.397 137.398 137.398 137.396 -9999.000 -9999.000 -9999.000 -9999.000 -9999.000 140.854 140.882 140.907 140.935 140.965 140.997 141.031 141.067 141.106 141.146 141.189 141.233 141.280 141.329 141.380 141.433 141.488 141.545 141.604 141.666 141.729 141.795 141.862 141.931 142.002 142.075 142.150 142.226 142.304 142.383 142.465 142.547 142.631 142.717 142.804 142.892 142.981 143.072
137.141 137.167 137.192 137.217 137.241 137.265 137.288 137.309 137.330 137.349 137.366 137.382 137.395 137.405 137.413 137.418 137.420 137.419 137.416 137.412 -9999.000 -9999.000 -9999.000 -9999.000 -9999.000 140.809 140.840 140.870 140.902 140.936 140.971 141.009 141.048 141.089 141.133 141.178 141.225 141.274 141.326 141.379 141.434 141.491 141.550 141.611 141.674 141.739 141.806 141.874 141.945 142.017 142.091 142.166 142.244 142.323 142.403 142.485 142.568 142.653 142.739 142.827 142.916 143.006 143.097
137.171 137.196 137.221 137.247 137.271 137.296 137.319 137.341 137.362 137.382 137.399 137.414 137.427 137.437 137.444 137.447 137.448 137.444 137.437 137.424 -9999.000 -9999.000 -9999.000 -9999.000 140.734 140.767 140.800 140.833 140.869 140.906 140.944 140.985 141.028 141.072 141.118 141.166 141.216 141.268 141.321 141.376 141.434 141.493 141.554 141.617 141.681 141.748 141.816 141.886 141.957 142.031 142.106 142.182 142.261 142.340 142.422 142.504 142.589 142.674 142.761 142.849 142.939 143.030 143.122
137.200 137.226 137.252 137.278 137.304 137.328 137.352 137.375 137.397 137.417 137.435 137.450 137.463 137.473 137.479 137.481 137.480 137.474 137.465 -9999.000 -9999.000 -9999.000 -9999.000 -9999.000 140.701 140.726 140.759 140.795 140.834 140.874 140.916 140.960 141.006 141.053 141.102 141.153 141.205 141.260 141.315 141.373 141.432 141.493 141.556 141.621 141.687 141.755 141.825 141.896 141.969 142.043 142.119 142.197 142.276 142.357 142.439 142.523 142.608 142.694 142.782 142.871 142.961 143.053 143.145
137.231 137.258 137.284 137.311 137.337 137.363 137.388 137.412 137.435 137.456 137.474 137.490 137.504 137.513 137.519 137.521 137.517 137.508 137.486 -9999.000 -9999.000 -9999.000 -9999.000 140.603 140.644 140.679 140.716 140.756 140.798 140.842 140.887 140.934 140.983 141.033 141.085 141.139 141.194 141.251 141.309 141.369 141.430 141.493 141.558 141.624 141.692 141.761 141.832 141.905 141.979 142.055 142.132 142.211 142.291 142.373 142.456 142.541 142.627 142.714 142.802 142.892 142.983 143.075 143.169
137.262 137.290 137.318 137.345 137.373 137.400 137.426 137.451 137.475 137.497 137.517 137.535 137.549 137.559 137.565 137.566 137.562 137.556 -9999.000 -9999.000 -9999.000 -9999.000 -9999.000 140.563 140.593 140.630 140.671 140.715 140.760 140.808 140.857 140.907 140.959 141.013 141.068 141.124 141.181 141.241 141.301 141.363 141.427 141.492 141.558 141.626 141.696 141.767 141.839 141.913 141.989 142.066 142.144 142.224 142.306 142.388 142.473 142.558 142.645 142.733 142.822 142.913 143.004 143.097 143.191
137.294 137.323 137.352 137.381 137.409 137.438 137.466 137.493 137.518 137.542 137.564 137.583 137.599 137.610 137.617 137.617 137.611 137.599 -9999.000 -9999.000 -9999.000 -9999.000 140.449 140.493 140.534 140.578 140.624 140.672 140.722 140.773 140.826 140.880 140.935 140.991 141.049 141.108 141.168 141.230 141.293 141.357 141.422 141.489 141.558 141.627 141.699 141.771 141.845 141.921 141.998 142.076 142.156 142.237 142.319 142.403 142.488 142.574 142.662 142.751 142.841 142.932 143.025 143.119 143.214
137.327 137.357 137.387 137.417 137.447 137.478 137.507 137.536 137.564 137.591 137.615 137.637 137.654 137.668 137.675 137.676 137.666 137.632 -9999.000 -9999.000 140.258 140.354 140.386 140.428 140.474 140.524 140.575 140.628 140.682 140.738 140.794 140.851 140.910 140.969 141.030 141.092 141.154 141.218 141.283 141.350 141.417 141.486 141.557 141.628 141.701 141.775 141.851 141.927 142.006 142.085 142.166 142.248 142.332 142.417 142.503 142.590 142.679 142.769 142.860 142.952 143.045 143.140 143.235
137.360 137.391 137.422 137.454 137.487 137.519 137.551 137.582 137.613 137.643 137.670 137.695 137.716 137.732 137.742 137.746 137.745 137.801 -9999.000 140.173 140.196 140.238 140.303 140.357 140.412 140.469 140.526 140.584 140.642 140.702 140.762 140.823 140.884 140.947 141.010 141.075 141.140 141.206 141.274 141.342 141.412 141.483 141.555 141.628 141.702 141.778 141.855 141.934 142.013 142.094 142.176 142.259 142.344 142.430 142.517 142.605 142.695 142.786 142.877 142.970 143.065 143.160 143.256
137.393 137.426 137.459 137.493 137.527 137.561 137.596 137.630 137.664 137.697 137.729 137.757 137.783 137.803 137.817 137.824 137.825 138.827 -9999.000 140.025 140.093 140.152 140.221 140.286 140.350 140.413 140.476 140.539 140.602 140.666 140.730 140.794 140.859 140.924 140.991 141.057 141.125 141.194 141.264 141.334 141.406 141.479 141.552 141.627 141.703 141.781 141.859 141.939 142.020 142.102 142.185 142.270 142.356 142.442 142.531 142.620 142.710 142.802 142.895 142.989 143.084 143.180 143.277
137.426 137.460 137.495 137.531 137.568 137.605 137.642 137.680 137.718 137.755 137.791 137.825 137.856 137.882 137.900 137.908 137.904 139.431 139.879 139.936 139.988 140.067 140.144 140.218 140.289 140.358 140.427 140.495 140.562 140.630 140.697 140.765 140.833 140.902 140.971 141.040 141.110 141.181 141.253 141.326 141.399 141.474 141.550 141.626 141.704 141.783 141.863 141.944 142.026 142.109 142.194 142.280 142.366 142.454 142.544 142.634 142.725 142.818 142.912 143.006 143.102 143.199 143.297
137.460 137.496 137.532 137.570 137.609 137.649 137.689 137.731 137.773 137.815 137.856 137.897 137.936 137.970 137.995 138.005 137.977 139.631 139.735 139.821 139.893 139.985 140.071 140.152 140.229 140.305 140.379 140.452 140.523 140.595 140.666 140.737 140.808 140.879 140.951 141.023 141.095 141.169 141.242 141.317 141.393 141.469 141.546 141.625 141.704 141.784 141.866 141.948 142.032 142.116 142.202 142.289 142.377 142.466 142.556 142.647 142.740 142.833 142.928 143.023 143.120 143.218 143.317
137.493 137.531 137.569 137.609 137.650 137.693 137.737 137.782 137.828 137.876 137.924 137.973 138.021 138.067 138.108 138.141 138.436 139.540 139.634 139.716 139.815 139.911 140.002 140.090 140.173 140.254 140.333 140.410 140.486 140.561 140.635 140.709 140.783 140.857 140.931 141.006 141.080 141.156 141.232 141.308 141.386 141.464 141.543 141.623 141.704 141.785 141.868 141.952 142.037 142.123 142.210 142.298 142.387 142.477 142.568 142.660 142.754 142.848 142.944 143.040 143.138 143.236 143.336
137.526 137.565 137.606 137.648 137.692 137.737 137.784 137.833 137.884 137.937 137.992 138.050 138.109 138.170 138.230 138.286 138.958 139.395 139.536 139.636 139.740 139.842 139.939 140.032 140.120 140.206 140.289 140.370 140.449 140.528 140.605 140.682 140.759 140.835 140.912 140.989 141.066 141.143 141.221 141.299 141.379 141.458 141.539 141.621 141.703 141.786 141.870 141.955 142.042 142.129 142.217 142.306 142.396 142.487 142.580 142.673 142.767 142.863 142.959 143.056 143.155 143.254 143.355
