LISFLOOD/results/run11.totaltm
ncols         413
nrows         307
xllcorner     341179.518085
yllcorner     4516729.658735
cellsize      10.000000
NODATA_value  -9999.000000
[rows 264 to 296 of 307, columns 150 to 224 of 413]
11.345 11.273 7.227 4.457 4.304 4.418 4.436 4.468 4.531 4.772 5.107 5.662 6.568 7.321 7.518 7.528 6.475 6.306 6.356 6.209 7.049 7.110 7.128 7.212 7.338 7.444 7.629 10.348 13.625 16.660 18.571 19.067 20.116 20.293 20.324 20.336 20.341 20.342 20.342 20.341 20.298 19.234 19.687 20.026 20.008 19.978 19.942 19.901 19.857 19.811 19.764 19.718 19.673 19.597 18.437 17.989 18.571 18.585 18.583 18.578 18.606 18.662 18.706 18.734 18.664 18.696 19.052 19.475 19.878 20.534 22.246 24.780 25.796 25.843 25.886
11.271 10.585 5.835 4.296 4.399 4.446 4.447 4.464 4.722 4.869 5.332 5.914 6.753 7.396 7.490 7.303 6.281 6.365 6.421 6.489 6.998 6.965 6.982 7.028 7.253 7.171 8.348 11.509 14.738 17.628 18.750 19.396 20.194 20.259 20.282 20.292 20.297 20.298 20.299 20.298 20.262 19.332 19.434 19.954 19.941 19.917 19.886 19.849 19.809 19.768 19.724 19.682 19.641 19.427 18.460 18.484 18.619 18.630 18.631 18.608 18.587 18.631 18.662 18.649 18.344 18.499 19.162 19.596 20.005 20.666 22.616 24.926 25.789 25.830 25.873
11.192 9.385 5.101 4.411 4.463 4.490 4.500 4.523 4.821 5.016 5.506 6.124 6.917 7.405 7.442 6.617 5.812 5.809 5.714 6.797 6.973 6.968 6.969 6.958 7.242 7.139 9.388 12.815 15.871 18.328 18.747 19.739 20.180 20.224 20.238 20.248 20.252 20.254 20.254 20.253 20.228 19.432 19.362 19.882 19.873 19.854 19.828 19.796 19.761 19.722 19.683 19.643 19.606 18.742 18.341 18.588 18.648 18.667 18.681 18.696 18.712 18.695 18.686 18.593 18.358 18.546 19.253 19.664 20.139 20.871 23.002 25.062 25.775 25.816 25.859
11.114 8.089 4.704 4.458 4.500 4.533 4.563 4.611 4.872 5.131 5.642 6.398 7.111 7.379 7.219 6.039 6.009 5.883 5.200 6.940 6.972 7.004 7.056 7.218 7.317 7.637 11.331 14.564 16.964 18.361 18.775 20.007 20.151 20.187 20.195 20.202 20.206 20.208 20.209 20.208 20.182 19.342 19.268 19.791 19.805 19.790 19.768 19.741 19.709 19.674 19.638 19.602 19.536 18.172 18.119 18.621 18.662 18.688 18.711 18.735 18.763 18.803 18.868 18.824 18.846 18.993 19.353 19.717 20.209 21.160 23.467 25.345 25.760 25.801 25.844
11.034 7.427 4.589 4.477 4.515 4.549 4.582 4.637 4.862 5.251 5.892 6.683 7.227 7.327 6.435 6.099 6.196 6.079 6.608 6.876 6.831 6.826 6.727 7.176 7.083 8.929 13.881 16.543 17.757 18.261 19.122 20.043 20.115 20.142 20.152 20.157 20.161 20.162 20.163 20.163 19.730 18.261 19.056 19.726 19.736 19.725 19.707 19.683 19.655 19.624 19.591 19.559 19.221 18.202 18.236 18.584 18.636 18.669 18.695 18.727 18.766 18.867 18.959 19.012 19.078 19.187 19.357 19.721 20.302 21.480 23.902 25.605 25.743 25.785 25.828
10.959 7.224 4.524 4.462 4.514 4.556 4.596 4.657 4.912 5.537 6.181 6.875 7.191 7.144 6.162 6.198 6.248 6.108 6.796 6.837 6.863 6.897 6.944 7.249 7.283 10.914 15.703 17.447 17.787 18.234 19.588 20.031 20.078 20.095 20.106 20.111 20.114 20.117 20.118 20.096 18.706 17.944 18.987 19.659 19.663 19.658 19.643 19.623 19.599 19.571 19.542 19.517 18.639 18.251 18.367 18.523 18.582 18.617 18.642 18.676 18.727 18.878 18.944 18.994 19.086 19.156 19.328 19.720 20.391 21.845 24.231 25.644 25.728 25.769 25.809
10.887 7.561 4.699 4.338 4.082 4.223 4.333 4.452 4.966 5.822 6.528 7.029 7.152 6.442 6.153 6.261 6.291 6.535 6.787 6.760 6.832 6.899 7.216 7.296 8.155 13.028 16.680 17.519 17.752 18.367 19.877 20.001 20.039 20.049 20.058 20.064 20.069 20.072 20.074 19.965 18.450 18.027 19.125 19.593 19.593 19.589 19.578 19.562 19.541 19.517 19.492 19.459 18.186 18.148 18.387 18.461 18.515 18.550 18.547 18.582 18.634 18.748 18.724 18.708 18.900 19.120 19.329 19.829 20.513 22.346 24.535 25.651 25.713 25.754 25.797
10.821 7.998 4.850 4.743 4.267 4.252 4.301 4.365 5.110 5.949 6.741 7.010 7.034 6.183 6.186 6.243 6.196 6.537 6.556 6.489 6.509 6.469 7.174 7.009 9.708 14.797 17.166 17.503 17.700 18.685 19.906 19.964 19.993 20.004 20.012 20.018 20.023 20.027 20.029 19.684 18.087 17.851 19.054 19.526 19.525 19.521 19.513 19.500 19.482 19.462 19.427 18.973 17.996 18.014 18.302 18.357 18.216 18.167 18.157 18.261 18.411 18.486 18.138 17.959 18.428 19.086 19.433 20.000 20.770 22.851 24.745 25.644 25.697 25.739 25.781
10.756 8.273 4.948 4.929 4.974 4.953 4.673 4.743 5.658 6.248 6.840 6.939 6.409 6.212 6.248 6.276 6.343 6.553 6.442 6.536 6.676 6.853 7.208 7.363 11.576 16.116 17.302 17.444 17.661 19.399 19.886 19.926 19.944 19.957 19.966 19.972 19.977 19.982 19.983 18.983 17.649 17.426 18.804 19.460 19.458 19.454 19.448 19.437 19.423 19.412 19.276 18.002 18.002 18.040 18.158 18.198 18.078 18.065 18.026 17.979 18.336 18.387 17.937 17.884 18.328 19.109 19.496 20.124 21.267 23.391 24.914 25.632 25.681 25.722 25.763
10.693 9.898 5.471 4.998 5.049 5.086 5.125 5.328 6.107 6.647 6.804 6.750 6.213 6.216 6.259 6.258 6.401 6.427 5.091 5.200 5.356 6.787 6.551 8.436 13.422 16.919 17.246 17.388 17.723 19.744 19.849 19.883 19.897 19.909 19.918 19.925 19.931 19.934 19.926 18.048 16.975 16.866 18.299 19.395 19.393 19.390 19.385 19.377 19.369 19.364 19.041 17.932 17.963 18.044 18.071 18.095 18.108 18.103 18.086 18.071 18.273 18.269 18.221 18.291 18.696 19.188 19.528 20.244 21.913 24.086 25.363 25.624 25.662 25.703 25.745
10.637 10.548 6.005 5.036 5.079 5.126 5.194 5.704 6.378 6.708 6.760 6.309 6.244 6.270 6.297 6.323 6.375 4.796 4.756 5.019 5.328 6.560 6.207 10.047 14.974 17.141 17.192 17.324 18.090 19.758 19.810 19.835 19.850 19.861 19.870 19.877 19.882 19.886 19.866 17.538 16.557 16.599 17.720 19.283 19.332 19.329 19.326 19.322 19.319 19.299 18.329 17.906 17.924 18.066 18.093 18.117 18.132 18.138 18.139 18.169 18.261 18.280 18.337 18.451 18.880 19.182 19.641 20.388 22.466 24.689 25.558 25.606 25.643 25.684 25.726
10.587 10.499 5.928 5.076 5.113 5.181 5.366 5.963 6.487 6.668 6.596 6.165 6.196 6.229 6.258 6.294 6.181 1.806 2.193 2.728 5.639 5.755 6.947 11.856 16.044 17.086 17.081 17.261 19.236 19.729 19.769 19.786 19.801 19.812 19.821 19.827 19.832 19.835 19.766 17.152 16.513 16.549 17.251 19.116 19.278 19.276 19.274 19.272 19.272 19.152 17.921 17.948 17.994 18.082 18.111 18.133 18.151 18.168 18.187 18.227 18.347 18.397 18.450 18.563 18.837 19.159 19.820 20.526 22.863 25.018 25.546 25.586 25.622 25.663 25.705
10.532 10.288 5.491 5.186 5.228 5.294 5.691 6.202 6.526 6.603 6.195 5.052 3.743 3.899 4.038 4.271 1.174 0.000 0.000 0.000 5.173 3.675 8.226 13.492 16.714 16.997 17.002 17.486 19.624 19.689 19.723 19.738 19.751 19.761 19.769 19.776 19.781 19.783 19.616 17.012 16.470 16.496 16.918 18.456 19.095 19.164 19.172 19.170 19.209 18.794 17.883 17.887 18.039 18.086 18.119 18.143 18.165 18.189 18.216 18.250 18.372 18.418 18.461 18.599 18.863 19.169 19.929 20.742 23.304 25.243 25.532 25.566 25.604 25.645 25.686
10.463 9.297 5.542 5.486 5.519 5.594 6.001 6.373 6.490 6.419 5.596 2.943 2.511 2.206 1.878 1.602 0.000 0.000 0.000 0.000 3.602 3.736 9.902 14.832 16.868 16.932 17.063 18.808 19.604 19.648 19.672 19.688 19.699 19.709 19.718 19.724 19.728 19.731 19.600 17.617 16.751 16.737 16.849 17.537 18.503 18.682 18.704 18.787 19.047 18.146 17.905 17.928 18.037 18.072 18.104 18.130 18.156 18.187 18.216 18.252 18.344 18.303 18.201 18.522 18.882 19.241 20.034 21.062 23.690 25.405 25.511 25.546 25.584 25.624 25.666
10.384 8.960 5.736 5.778 5.831 5.908 6.190 6.362 6.399 5.877 3.648 2.332 2.099 1.654 1.088 0.000 0.000 0.000 0.000 0.000 0.000 5.228 11.684 15.783 16.796 16.878 17.948 19.495 19.564 19.602 19.620 19.636 19.647 19.657 19.665 19.671 19.674 19.676 19.602 19.412 18.207 17.911 18.033 18.157 18.302 18.073 17.977 18.075 18.538 17.814 17.841 17.888 18.007 18.032 18.039 18.070 18.110 18.153 18.198 18.254 18.391 18.433 18.394 18.587 18.856 19.309 20.173 21.581 24.227 25.436 25.489 25.524 25.563 25.603 25.644
10.298 9.034 5.855 5.888 5.937 6.039 6.223 6.300 6.009 4.540 2.417 2.030 1.733 1.057 0.000 0.000 0.000 0.000 0.000 0.000 0.000 7.234 13.334 16.327 16.772 17.528 19.365 19.476 19.522 19.551 19.568 19.582 19.594 19.603 19.611 19.616 19.618 19.618 19.565 19.507 19.426 19.254 19.028 18.616 18.263 18.009 17.737 17.778 18.171 16.789 15.735 15.795 16.747 16.829 16.856 16.987 17.176 17.281 17.424 17.970 18.362 18.523 18.605 18.698 18.834 19.415 20.376 22.370 24.976 25.434 25.468 25.503 25.541 25.582 25.622
10.207 9.394 5.907 5.937 5.978 6.074 6.185 6.169 5.216 2.727 2.109 1.848 1.406 0.349 0.000 0.000 0.000 0.000 0.000 0.000 0.000 9.403 14.698 16.604 17.403 19.252 19.383 19.434 19.474 19.497 19.514 19.528 19.539 19.547 19.553 19.557 19.557 19.553 19.513 19.465 19.406 19.339 19.263 19.181 18.974 17.968 17.690 17.553 17.683 16.617 15.737 15.774 15.824 15.614 16.037 16.596 16.227 15.489 15.669 16.503 17.472 18.069 18.493 18.682 18.906 19.633 20.721 23.262 25.326 25.413 25.444 25.479 25.519 25.559 25.599
10.126 9.366 5.960 5.987 6.022 6.081 6.124 5.749 3.266 2.362 1.795 1.496 0.926 0.000 0.000 0.000 0.000 0.000 0.000 0.000 0.643 11.495 15.664 17.144 19.138 19.285 19.342 19.388 19.421 19.442 19.458 19.471 19.481 19.488 19.492 19.493 19.492 19.485 19.457 19.414 19.362 19.302 19.234 19.159 19.079 18.908 17.643 17.392 16.857 16.402 16.409 16.558 16.660 16.767 16.777 16.463 15.515 15.419 15.704 16.012 16.738 17.731 18.433 18.726 19.179 19.999 21.133 23.877 25.344 25.389 25.421 25.456 25.494 25.535 25.575
10.053 9.258 5.951 5.972 5.999 6.038 5.968 4.618 2.817 2.003 1.358 1.025 0.096 0.000 0.000 0.000 0.000 0.000 0.000 0.000 5.735 13.192 16.339 18.163 19.182 19.244 19.294 19.334 19.363 19.384 19.399 19.411 19.419 19.424 19.427 19.428 19.425 19.417 19.394 19.357 19.310 19.256 19.194 19.124 19.050 18.972 17.846 17.311 16.797 16.366 16.077 15.568 15.354 15.408 15.413 15.222 15.176 15.464 15.845 15.968 16.721 18.105 18.736 19.083 19.512 20.184 21.520 24.188 25.323 25.365 25.396 25.430 25.469 25.509 25.549
9.979 9.233 5.844 5.847 5.892 5.916 5.269 3.186 2.410 1.609 0.926 0.566 0.000 0.000 0.000 0.000 0.000 0.000 0.000 0.000 8.574 14.498 16.841 18.877 19.141 19.195 19.241 19.276 19.303 19.322 19.337 19.347 19.354 19.358 19.360 19.359 19.356 19.348 19.328 19.295 19.253 19.203 19.145 19.081 19.011 18.939 18.688 17.404 16.986 16.857 16.398 15.520 15.276 15.089 14.688 14.213 13.712 14.306 15.127 16.157 17.121 18.327 18.824 19.378 19.976 20.442 22.131 24.989 25.307 25.340 25.371 25.408 25.447 25.487 25.527
9.909 9.408 5.683 5.139 5.339 4.944 3.279 2.787 2.041 1.287 0.717 0.000 0.000 0.000 0.000 0.000 0.000 0.000 0.000 0.000 10.890 15.529 17.228 18.979 19.093 19.140 19.181 19.214 19.239 19.258 19.271 19.280 19.286 19.289 19.290 19.289 19.285 19.276 19.258 19.229 19.191 19.144 19.091 19.031 18.965 18.897 18.802 18.068 17.469 17.189 16.704 15.773 15.257 15.110 15.229 15.208 15.330 15.564 16.197 17.191 17.821 18.390 18.818 19.459 20.103 20.801 22.603 25.138 25.283 25.314 25.346 25.383 25.422 25.461 25.501
9.838 9.485 5.454 3.824 3.636 3.228 2.867 2.343 1.664 1.027 0.358 0.000 0.000 0.000 0.000 0.000 0.000 0.000 0.000 3.449 12.793 16.261 17.781 18.966 19.042 19.080 19.118 19.148 19.172 19.189 19.202 19.210 19.214 19.217 19.218 19.216 19.212 19.203 19.186 19.159 19.125 19.082 19.032 18.975 18.913 18.850 18.780 18.703 18.499 17.535 16.652 15.844 15.743 16.103 16.265 16.333 16.401 16.472 16.844 17.572 17.816 18.245 18.795 19.513 20.209 21.240 23.187 24.943 25.257 25.287 25.321 25.358 25.396 25.436 25.474
9.770 9.531 5.266 3.634 3.256 2.865 2.476 1.787 1.116 0.552 0.000 0.000 0.000 0.000 0.000 0.000 0.000 0.000 0.000 7.858 14.369 16.656 18.384 18.930 18.987 19.017 19.051 19.079 19.101 19.118 19.129 19.136 19.141 19.143 19.143 19.141 19.136 19.127 19.111 19.087 19.055 19.015 18.968 18.915 18.857 18.797 18.733 18.663 18.587 18.337 16.914 16.249 16.443 16.656 16.764 16.836 16.878 16.912 17.046 17.428 16.772 17.101 18.234 19.289 20.228 21.604 23.967 25.176 25.231 25.260 25.294 25.331 25.369 25.409 25.448
9.698 9.113 4.614 3.444 2.994 2.651 2.182 1.411 0.546 0.000 0.000 0.000 0.000 0.000 0.000 0.000 0.000 0.000 0.000 10.391 15.385 16.952 18.709 18.878 18.923 18.952 18.981 19.007 19.027 19.043 19.053 19.059 19.063 19.065 19.065 19.062 19.057 19.049 19.034 19.011 18.982 18.944 18.901 18.851 18.796 18.739 18.679 18.614 18.546 18.468 17.574 16.545 16.595 16.694 16.766 16.805 16.750 16.581 16.772 17.123 15.770 15.852 17.579 19.041 20.160 21.833 24.468 25.172 25.204 25.232 25.267 25.304 25.342 25.381 25.420
9.628 8.133 4.112 3.168 2.655 2.464 2.076 1.266 0.309 0.000 0.000 0.000 0.000 0.000 0.000 0.000 0.000 0.000 0.000 12.180 15.758 17.133 18.719 18.823 18.854 18.883 18.908 18.932 18.950 18.964 18.974 18.979 18.983 18.985 18.984 18.982 18.977 18.968 18.953 18.933 18.905 18.871 18.829 18.782 18.731 18.677 18.621 18.560 18.496 18.426 18.297 17.377 16.658 16.702 16.746 16.759 16.524 16.279 16.405 16.682 16.704 16.876 17.791 19.136 20.308 22.339 24.869 25.146 25.176 25.204 25.239 25.276 25.314 25.353 25.392
9.553 7.447 3.775 2.897 2.328 2.226 1.794 0.917 0.000 0.000 0.000 0.000 0.000 0.000 0.000 0.000 0.000 0.000 6.334 13.328 15.653 16.526 17.094 18.452 18.787 18.811 18.834 18.854 18.871 18.883 18.892 18.897 18.901 18.902 18.901 18.898 18.893 18.884 18.871 18.852 18.826 18.793 18.754 18.711 18.662 18.612 18.558 18.501 18.441 18.377 18.303 17.788 16.783 16.676 16.684 16.621 16.425 16.444 16.517 16.651 16.722 17.202 18.227 19.428 20.604 23.031 25.053 25.119 25.148 25.177 25.211 25.246 25.284 25.322 25.361
9.461 6.438 3.439 2.650 2.146 2.006 1.403 0.369 0.000 0.000 0.000 0.000 0.000 0.000 0.000 0.000 0.000 0.000 9.129 14.138 15.356 15.689 16.031 16.791 18.292 18.718 18.758 18.774 18.789 18.799 18.807 18.812 18.815 18.817 18.816 18.812 18.807 18.799 18.786 18.768 18.743 18.713 18.677 18.636 18.591 18.543 18.492 18.438 18.381 18.322 18.233 17.541 16.707 16.397 16.369 16.411 16.426 16.469 16.551 16.667 16.768 17.418 18.641 19.699 20.982 23.694 25.057 25.091 25.118 25.148 25.182 25.219 25.257 25.295 25.333
9.268 5.147 3.152 2.512 2.082 1.808 1.051 0.000 0.000 0.000 0.000 0.000 0.000 0.000 0.000 0.000 0.000 0.000 11.134 14.778 15.107 14.821 15.179 15.716 16.515 18.279 18.642 18.695 18.706 18.715 18.722 18.726 18.729 18.730 18.729 18.724 18.719 18.711 18.699 18.681 18.658 18.630 18.597 18.558 18.517 18.472 18.423 18.372 18.317 18.264 18.130 16.974 16.452 16.226 16.292 16.338 16.371 16.468 16.627 17.191 17.592 18.005 18.967 19.904 21.431 24.149 25.031 25.062 25.087 25.118 25.153 25.190 25.228 25.266 25.303
8.404 4.263 3.011 2.486 2.053 1.637 0.412 0.000 0.000 0.000 0.000 0.000 0.000 0.000 0.000 0.000 0.000 4.433 12.664 14.739 13.732 11.870 13.107 14.417 15.196 16.021 16.659 17.171 17.542 17.791 17.831 17.424 17.112 17.214 18.484 18.637 18.630 18.622 18.609 18.593 18.572 18.546 18.514 18.479 18.440 18.397 18.352 18.304 18.255 18.173 17.849 16.623 16.038 15.744 15.870 15.881 15.994 16.143 16.468 17.416 18.122 18.445 19.146 20.117 22.064 24.541 25.002 25.031 25.058 25.089 25.124 25.161 25.198 25.236 25.273
6.648 3.667 2.912 2.429 1.995 1.398 0.000 0.000 0.000 0.000 0.000 0.000 0.000 0.000 0.000 0.000 0.000 8.713 13.875 14.082 11.790 10.554 12.385 13.636 14.214 14.493 14.851 15.088 15.279 15.523 15.648 15.544 15.434 15.557 17.076 18.553 18.544 18.534 18.521 18.505 18.485 18.460 18.431 18.398 18.362 18.324 18.258 18.079 17.605 17.080 16.504 15.952 15.570 15.387 15.418 15.427 15.611 15.821 16.443 17.392 18.133 18.587 19.335 20.458 22.818 24.818 24.974 25.001 25.029 25.059 25.094 25.131 25.168 25.205 25.242
4.909 3.243 2.741 2.299 1.852 0.306 0.000 0.000 0.000 0.000 0.000 0.000 0.000 0.000 0.000 0.000 0.000 10.962 13.821 12.530 12.021 12.182 13.130 13.663 13.883 13.975 14.108 14.117 14.081 14.248 14.331 14.302 14.372 14.593 16.289 18.444 18.462 18.451 18.436 18.419 18.399 18.376 18.348 18.318 18.147 17.842 17.178 16.320 15.324 14.416 13.882 13.914 14.317 15.251 15.264 15.293 15.479 15.694 16.379 17.369 18.144 18.676 19.569 20.932 23.493 24.887 24.946 24.971 25.001 25.033 25.068 25.104 25.140 25.176 25.211
4.128 3.032 2.609 2.184 1.373 0.000 0.000 0.000 0.000 0.000 0.000 0.000 0.000 0.000 0.000 0.000 2.212 12.225 12.792 12.443 13.066 13.373 13.634 13.779 13.826 13.909 14.036 14.065 14.047 14.190 14.251 14.139 13.947 14.409 16.061 18.333 18.380 18.369 18.355 18.337 18.317 18.294 18.267 18.243 17.288 16.109 14.666 12.989 11.286 10.103 10.166 10.887 11.737 14.740 15.118 15.262 15.373 15.433 16.257 17.267 18.046 18.688 19.718 21.553 24.062 24.884 24.919 24.944 24.975 25.008 25.042 25.077 25.113 25.148 25.184
3.382 2.875 2.527 1.986 0.000 0.000 0.000 0.000 0.000 0.000 0.000 0.000 0.000 0.000 0.000 0.000 7.931 12.248 12.270 12.875 13.447 13.589 13.690 13.745 13.792 13.874 13.957 13.997 14.029 14.158 14.221 14.103 13.716 14.089 15.777 18.152 18.298 18.289 18.275 18.258 18.237 18.214 18.190 18.173 17.012 14.421 10.592 5.141 3.472 5.084 7.744 9.101 9.558 10.241 10.353 10.431 15.456 16.252 16.469 17.007 17.822 18.818 19.912 22.210 24.538 24.868 24.897 24.923 24.955 24.987 25.021 25.054 25.089 25.125 25.160
