LISFLOOD/results/run12.totaltm
ncols         413
nrows         307
xllcorner     341179.518085
yllcorner     4516729.658735
cellsize      10.000000
NODATA_value  -9999.000000
[rows 0 to 32 of 307, columns 300 to 374 of 413]
0.000 0.000 0.000 0.000 0.000 0.000 0.000 0.000 0.000 0.000 0.000 0.000 0.000 0.000 0.000 0.000 0.000 0.000 0.000 0.000 0.000 0.000 0.000 0.000 0.000 0.000 0.000 0.000 0.000 0.000 0.000 0.000 0.000 0.000 0.000 0.000 0.000 0.000 0.000 0.000 0.000 0.000 0.000 0.000 0.000 0.000 0.000 0.000 0.000 0.000 0.000 0.000 0.000 0.000 0.000 0.000 0.000 0.000 0.000 0.000 0.000 0.000 0.000 0.000 0.000 0.000 0.000 0.000 0.000 0.000 0.000 0.000 0.000 0.000 0.000
0.000 0.000 0.000 0.000 0.000 0.000 0.000 0.000 0.000 0.000 0.000 0.000 0.000 0.000 0.000 0.000 0.000 0.000 0.000 0.000 0.000 0.000 0.000 0.000 0.000 0.000 0.000 0.000 0.000 0.000 0.000 0.000 0.000 0.000 0.000 0.000 0.000 0.000 0.000 0.000 0.000 0.000 0.000 0.000 0.000 0.000 0.000 0.000 0.000 0.000 0.000 0.000 0.000 0.000 0.000 0.000 0.000 0.000 0.000 0.000 0.000 0.000 0.000 0.000 0.000 0.000 0.000 0.000 0.000 0.000 0.000 0.000 0.000 0.000 0.000
0.000 0.000 0.000 0.000 0.000 0.000 0.000 0.000 0.000 0.000 0.000 0.000 0.000 0.000 0.000 0.000 0.000 0.000 0.000 0.000 0.000 0.000 0.000 0.000 0.000 0.000 0.000 0.000 0.000 0.000 0.000 0.000 0.000 0.000 0.000 0.000 0.000 0.000 0.000 0.000 0.000 0.000 0.000 0.000 0.000 0.000 0.000 0.000 0.000 0.000 0.000 0.000 0.000 0.000 0.000 0.000 0.000 0.000 0.000 0.000 0.000 0.000 0.000 0.000 0.000 0.000 0.000 0.000 0.000 0.000 0.000 0.000 0.000 0.000 0.000
0.000 0.000 0.000 0.000 0.000 0.000 0.000 0.000 0.000 0.000 0.000 0.000 0.000 0.000 0.000 0.000 0.000 0.000 0.000 0.000 0.000 0.000 0.000 0.000 0.000 0.000 0.000 0.000 0.000 0.000 0.000 0.000 0.000 0.000 0.000 0.000 0.000 0.000 0.000 0.000 0.000 0.000 0.000 0.000 0.000 0.000 0.000 0.000 0.000 0.000 0.000 0.000 0.000 0.000 0.000 0.000 0.000 0.000 0.000 0.000 0.000 0.000 0.000 0.000 0.000 0.000 0.000 0.000 0.000 0.000 0.000 0.000 0.000 0.000 0.000
0.000 0.000 0.000 0.000 0.000 0.000 0.000 0.000 0.000 0.000 0.000 0.000 0.000 0.000 0.000 0.000 0.000 0.000 0.000 0.000 0.000 0.000 0.000 0.000 0.000 0.000 0.000 0.000 0.000 0.000 0.000 0.000 0.000 0.000 0.000 0.000 0.000 0.000 0.000 0.000 0.000 0.000 0.000 0.000 0.000 0.000 0.000 0.000 0.000 0.000 0.000 0.000 0.000 0.000 0.000 0.000 0.000 0.000 0.000 0.000 0.000 0.000 0.000 0.000 0.000 0.000 0.000 0.000 0.000 0.000 0.000 0.000 0.000 0.000 0.000
0.000 0.000 0.000 0.000 0.000 0.000 0.000 0.000 0.000 0.000 0.000 0.000 0.000 0.000 0.000 0.000 0.000 0.000 0.000 0.000 0.000 0.000 0.000 0.000 0.000 0.000 0.000 0.000 0.000 0.000 0.000 0.000 0.000 0.000 0.000 0.000 0.000 0.000 0.000 0.000 0.000 0.000 0.000 0.000 0.000 0.000 0.000 0.000 0.000 0.000 0.000 0.000 0.000 0.000 0.000 0.000 0.000 0.000 0.000 0.000 0.000 0.000 0.000 0.000 0.000 0.000 0.000 0.000 0.000 0.000 0.000 0.000 0.000 0.000 0.000
0.000 0.000 0.000 0.000 0.000 0.000 0.000 0.000 0.000 0.000 0.000 0.000 0.000 0.000 0.000 0.000 0.000 0.000 0.000 0.000 0.000 0.000 0.000 0.000 0.000 0.000 0.000 0.000 0.000 0.000 0.000 0.000 0.000 0.000 0.000 0.000 0.000 0.000 0.000 0.000 0.000 0.000 0.000 0.000 0.000 0.000 0.000 0.000 0.000 0.000 0.000 0.000 0.000 0.000 0.000 0.000 0.000 0.000 0.000 0.000 0.000 0.000 0.000 0.000 0.000 0.000 0.000 0.000 0.000 0.000 0.000 0.000 0.000 0.000 0.000
0.000 0.000 0.000 0.000 0.000 0.000 0.000 0.000 0.000 0.000 0.000 0.000 0.000 0.000 0.000 0.000 0.000 0.000 0.000 0.000 0.000 0.000 0.000 0.000 0.000 0.000 0.000 0.000 0.000 0.000 0.000 0.000 0.000 0.000 0.000 0.000 0.000 0.000 0.000 0.000 0.000 0.000 0.000 0.000 0.000 0.000 0.000 0.000 0.000 0.000 0.000 0.000 0.000 0.000 0.000 0.000 0.000 0.000 0.000 0.000 0.000 0.000 0.000 0.000 0.000 0.000 0.000 0.000 0.000 0.000 0.000 0.000 0.000 0.000 0.000
0.000 0.000 0.000 0.000 0.000 0.000 0.000 0.000 0.000 0.000 0.000 0.000 0.000 0.000 0.000 0.000 0.000 0.000 0.000 0.000 0.000 0.000 0.000 0.000 0.000 0.000 0.000 0.000 0.000 0.000 0.000 0.000 0.000 0.000 0.000 0.000 0.000 0.000 0.000 0.000 0.000 0.000 0.000 0.000 0.000 0.000 0.000 0.000 0.000 0.000 0.000 0.000 0.000 0.000 0.000 0.000 0.000 0.000 0.000 0.000 0.000 0.000 0.000 0.000 0.000 0.000 0.000 0.000 0.000 0.000 0.000 0.000 0.000 0.000 0.000
0.000 0.000 0.000 0.000 0.000 0.000 0.000 0.000 0.000 0.000 0.000 0.000 0.000 0.000 0.000 0.000 0.000 0.000 0.000 0.000 0.000 0.000 0.000 0.000 0.000 0.000 0.000 0.000 0.000 0.000 0.000 0.000 0.000 0.000 0.000 0.000 0.000 0.000 0.000 0.000 0.000 0.000 0.000 0.000 0.000 0.000 0.000 0.000 0.000 0.000 0.000 0.000 0.000 0.000 0.000 0.000 0.000 0.000 0.000 0.000 0.000 0.000 0.000 0.000 0.000 0.000 0.000 0.000 0.000 0.000 0.000 0.000 0.000 0.000 0.000
0.000 0.000 0.000 0.000 0.000 0.000 0.000 0.000 0.000 0.000 0.000 0.000 0.000 0.000 0.000 0.000 0.000 0.000 0.000 0.000 0.000 0.000 0.000 0.000 0.000 0.000 0.000 0.000 0.000 0.000 0.000 0.000 0.000 0.000 0.000 0.000 0.000 0.000 0.000 0.000 0.000 0.000 0.000 0.000 0.000 0.000 0.000 0.000 0.000 0.000 0.000 0.000 0.000 0.000 0.000 0.000 0.000 0.000 0.000 0.000 0.000 0.000 0.000 0.000 0.000 0.000 0.000 0.000 0.000 0.000 0.000 0.000 0.000 0.000 0.000
23.970 23.991 24.009 24.051 24.100 24.123 24.145 24.043 25.039 26.744 27.077 27.099 27.118 27.138 27.157 27.176 27.193 0.000 0.000 0.000 0.000 0.000 0.000 0.000 0.000 0.000 0.000 0.000 0.000 0.000 0.000 0.000 0.000 0.000 0.000 0.000 0.000 0.000 0.000 0.000 0.000 0.000 0.000 0.000 0.000 0.000 0.000 0.000 0.000 0.000 0.000 0.000 0.000 0.000 0.000 0.000 0.000 0.000 0.000 0.000 0.000 0.000 0.000 0.000 0.000 0.000 0.000 0.000 0.000 0.000 0.000 0.000 0.000 0.000 0.000
23.956 23.981 24.005 24.062 24.109 24.136 24.169 24.513 26.129 27.006 27.091 27.111 27.132 27.153 27.174 27.195 27.214 27.231 27.248 27.265 27.281 27.296 27.311 27.326 27.339 27.353 27.366 27.377 27.389 27.399 27.407 27.416 27.424 27.432 27.439 27.446 27.451 27.455 27.459 27.462 27.463 27.463 27.463 27.462 27.459 27.456 27.452 27.432 27.274 26.216 25.468 25.394 25.272 25.229 25.183 25.134 25.087 25.160 25.353 25.454 25.688 25.717 25.602 25.342 0.000 0.000 0.000 0.000 0.000 0.000 0.000 0.000 0.000 0.000 0.000
23.933 23.958 24.043 24.078 24.113 24.148 24.212 25.253 26.781 27.084 27.108 27.127 27.147 27.168 27.188 27.208 27.227 27.246 27.264 27.282 27.298 27.315 27.331 27.346 27.360 27.374 27.387 27.399 27.410 27.421 27.431 27.440 27.448 27.456 27.461 27.467 27.472 27.478 27.482 27.484 27.487 27.487 27.487 27.486 27.483 27.478 27.472 27.446 27.030 25.893 25.466 25.338 25.301 25.265 25.227 25.191 25.172 25.376 25.622 25.733 25.799 25.758 25.704 25.664 26.081 26.908 27.257 27.296 27.279 27.263 27.246 27.225 27.206 27.186 27.164
23.926 23.963 23.998 23.896 23.933 24.158 24.573 26.097 27.040 27.104 27.127 27.146 27.164 27.186 27.206 27.227 27.246 27.266 27.284 27.302 27.319 27.336 27.352 27.367 27.381 27.395 27.408 27.420 27.431 27.442 27.452 27.461 27.469 27.477 27.484 27.491 27.496 27.498 27.503 27.506 27.508 27.510 27.510 27.509 27.507 27.501 27.490 27.409 26.690 25.711 25.478 25.389 25.355 25.317 25.282 25.254 25.396 25.764 25.918 25.913 25.889 25.737 25.703 26.100 26.902 27.301 27.331 27.317 27.302 27.281 27.262 27.241 27.216 27.193 27.169
23.901 23.931 23.900 23.778 23.833 24.349 25.421 26.744 27.094 27.123 27.146 27.164 27.183 27.205 27.226 27.246 27.266 27.286 27.304 27.322 27.339 27.356 27.372 27.387 27.402 27.415 27.428 27.440 27.452 27.462 27.472 27.481 27.489 27.497 27.504 27.510 27.516 27.521 27.525 27.529 27.529 27.531 27.532 27.531 27.529 27.522 27.508 27.286 26.347 25.668 25.519 25.489 25.461 25.424 25.394 25.468 25.771 26.024 25.998 25.966 25.921 25.863 26.156 26.963 27.325 27.366 27.350 27.336 27.319 27.298 27.277 27.256 27.232 27.203 27.177
23.975 23.868 23.774 23.781 24.008 24.987 26.326 27.041 27.096 27.124 27.163 27.187 27.205 27.224 27.246 27.266 27.286 27.306 27.324 27.342 27.359 27.376 27.392 27.407 27.421 27.435 27.448 27.460 27.471 27.482 27.492 27.501 27.509 27.516 27.523 27.529 27.535 27.539 27.544 27.548 27.551 27.553 27.555 27.552 27.550 27.541 27.525 27.077 26.029 25.677 25.572 25.558 25.531 25.502 25.511 25.886 26.106 26.083 26.042 25.989 25.929 26.190 27.020 27.345 27.396 27.384 27.368 27.352 27.334 27.312 27.291 27.269 27.244 27.218 27.185
24.142 24.070 24.009 23.974 24.466 25.899 26.899 27.017 26.978 27.028 27.177 27.204 27.225 27.247 27.268 27.288 27.308 27.324 27.343 27.361 27.379 27.395 27.411 27.426 27.441 27.454 27.467 27.479 27.490 27.501 27.511 27.519 27.527 27.535 27.542 27.547 27.553 27.558 27.562 27.566 27.569 27.572 27.574 27.575 27.574 27.560 27.538 26.841 25.892 25.719 25.639 25.636 25.620 25.604 25.891 26.268 26.205 26.162 26.122 26.068 26.246 27.057 27.363 27.424 27.414 27.401 27.386 27.367 27.348 27.328 27.303 27.280 27.254 27.226 27.196
24.240 24.232 24.157 24.145 25.346 26.609 26.879 26.882 26.804 26.909 27.186 27.221 27.242 27.264 27.286 27.307 27.327 27.346 27.364 27.382 27.397 27.413 27.429 27.444 27.459 27.472 27.485 27.497 27.508 27.519 27.528 27.537 27.546 27.553 27.559 27.565 27.570 27.574 27.578 27.582 27.586 27.589 27.592 27.593 27.593 27.576 27.408 26.490 25.928 25.807 25.771 25.762 25.768 25.839 26.246 26.378 26.292 26.243 26.196 26.462 27.108 27.384 27.452 27.443 27.431 27.416 27.400 27.379 27.360 27.339 27.316 27.288 27.261 27.231 27.198
24.306 24.312 24.202 24.793 26.261 26.781 26.796 26.613 26.673 26.865 27.181 27.237 27.258 27.281 27.302 27.323 27.343 27.363 27.382 27.400 27.417 27.433 27.449 27.464 27.476 27.490 27.503 27.514 27.526 27.537 27.546 27.555 27.563 27.570 27.576 27.581 27.586 27.591 27.594 27.598 27.602 27.606 27.608 27.610 27.611 27.587 27.131 26.160 25.987 25.969 25.972 25.963 25.971 26.197 26.463 26.422 26.383 26.339 26.722 27.217 27.430 27.481 27.471 27.459 27.446 27.429 27.412 27.393 27.369 27.347 27.322 27.291 27.262 27.231 27.198
24.344 24.341 24.563 25.907 26.718 26.736 26.462 26.407 26.602 26.871 27.181 27.252 27.274 27.297 27.318 27.339 27.359 27.379 27.398 27.416 27.433 27.449 27.466 27.481 27.495 27.509 27.522 27.533 27.543 27.553 27.563 27.572 27.579 27.586 27.592 27.597 27.602 27.606 27.609 27.613 27.617 27.621 27.624 27.626 27.627 27.537 26.783 26.178 26.056 26.143 26.166 26.139 26.209 26.589 26.603 26.559 26.521 26.782 27.294 27.497 27.508 27.498 27.486 27.473 27.458 27.441 27.420 27.394 27.361 27.334 27.309 27.284 27.258 27.224 27.193
24.368 24.424 25.462 26.623 26.703 26.485 26.261 26.291 26.567 26.896 27.204 27.270 27.290 27.312 27.333 27.354 27.375 27.394 27.413 27.431 27.448 27.465 27.481 27.496 27.511 27.524 27.537 27.549 27.561 27.571 27.581 27.587 27.595 27.602 27.608 27.612 27.616 27.619 27.623 27.626 27.631 27.636 27.640 27.642 27.643 27.491 26.799 26.224 26.204 26.326 26.328 26.365 26.573 26.772 26.746 26.715 26.829 27.286 27.520 27.533 27.523 27.513 27.501 27.486 27.470 27.446 27.399 27.309 27.223 27.191 27.227 27.258 27.236 27.205 27.176
24.293 25.088 26.208 26.610 26.616 26.151 26.153 26.214 26.562 26.933 27.236 27.287 27.309 27.331 27.351 27.369 27.389 27.409 27.428 27.446 27.463 27.480 27.496 27.511 27.526 27.539 27.552 27.564 27.576 27.586 27.596 27.604 27.612 27.619 27.624 27.629 27.632 27.634 27.635 27.638 27.643 27.649 27.655 27.658 27.657 27.483 26.862 26.305 26.449 26.488 26.549 26.797 26.904 26.893 26.870 26.944 27.272 27.511 27.557 27.548 27.539 27.526 27.514 27.497 27.474 27.401 27.241 27.056 26.999 26.975 27.108 27.228 27.210 27.181 27.155
24.651 25.926 26.547 26.563 26.213 26.089 26.056 26.234 26.587 26.990 27.262 27.300 27.323 27.346 27.367 27.387 27.407 27.426 27.442 27.460 27.478 27.494 27.511 27.526 27.540 27.554 27.567 27.579 27.590 27.601 27.611 27.619 27.627 27.634 27.639 27.644 27.647 27.648 27.648 27.650 27.655 27.663 27.671 27.672 27.670 27.484 26.924 26.511 26.689 26.708 26.922 27.031 27.013 26.993 27.038 27.299 27.511 27.578 27.572 27.562 27.552 27.539 27.524 27.504 27.417 27.248 27.096 27.003 26.976 26.952 27.059 27.194 27.181 27.154 27.132
25.559 26.413 26.531 26.327 26.143 26.129 26.041 26.301 26.634 27.068 27.285 27.312 27.336 27.358 27.379 27.401 27.421 27.441 27.459 27.477 27.493 27.508 27.524 27.539 27.554 27.567 27.581 27.593 27.604 27.614 27.624 27.633 27.641 27.648 27.654 27.658 27.661 27.662 27.662 27.659 27.665 27.674 27.682 27.684 27.682 27.474 26.977 26.728 26.894 27.012 27.120 27.101 27.082 27.101 27.327 27.520 27.599 27.593 27.585 27.574 27.563 27.551 27.530 27.451 27.262 27.128 27.041 27.017 26.992 26.970 27.018 27.158 27.150 27.126 27.106
26.212 26.470 26.456 26.152 26.170 26.195 26.189 26.393 26.708 27.159 27.301 27.324 27.347 27.369 27.392 27.412 27.433 27.452 27.471 27.489 27.507 27.523 27.539 27.554 27.567 27.581 27.593 27.606 27.617 27.628 27.638 27.647 27.654 27.662 27.668 27.672 27.675 27.677 27.676 27.669 27.674 27.684 27.692 27.697 27.693 27.485 27.014 26.965 27.081 27.187 27.198 27.177 27.171 27.346 27.536 27.616 27.613 27.606 27.597 27.586 27.574 27.558 27.479 27.294 27.166 27.123 26.988 26.960 26.957 26.946 27.020 27.122 27.117 27.099 27.078
26.638 26.496 26.141 26.161 26.201 26.218 26.250 26.454 26.802 27.248 27.314 27.336 27.359 27.381 27.403 27.424 27.444 27.464 27.483 27.501 27.518 27.535 27.551 27.567 27.581 27.594 27.607 27.618 27.629 27.640 27.650 27.659 27.667 27.674 27.680 27.685 27.688 27.689 27.688 27.679 27.682 27.691 27.700 27.707 27.703 27.499 27.099 27.142 27.223 27.280 27.261 27.252 27.374 27.544 27.632 27.633 27.627 27.617 27.608 27.597 27.583 27.535 27.344 27.196 27.178 27.127 26.926 26.958 27.021 26.997 27.104 27.119 27.111 27.100 27.088
26.670 26.251 25.986 26.146 26.158 26.054 26.259 26.562 26.966 27.292 27.328 27.351 27.373 27.395 27.415 27.434 27.454 27.474 27.493 27.512 27.529 27.546 27.562 27.577 27.592 27.606 27.619 27.631 27.642 27.653 27.662 27.671 27.678 27.686 27.692 27.697 27.700 27.702 27.698 27.688 27.682 27.693 27.708 27.716 27.715 27.562 27.238 27.263 27.314 27.329 27.318 27.408 27.553 27.649 27.652 27.646 27.638 27.628 27.618 27.607 27.578 27.437 27.243 27.204 27.192 27.114 27.085 27.072 27.056 27.041 27.150 27.146 27.138 27.126 27.113
26.553 26.079 26.098 26.141 26.130 26.058 26.289 26.679 27.138 27.312 27.336 27.360 27.383 27.406 27.428 27.448 27.467 27.486 27.503 27.521 27.539 27.556 27.572 27.587 27.602 27.616 27.629 27.641 27.653 27.663 27.673 27.682 27.689 27.696 27.702 27.707 27.711 27.712 27.709 27.700 27.679 27.687 27.714 27.723 27.726 27.667 27.376 27.342 27.372 27.373 27.444 27.559 27.661 27.671 27.664 27.656 27.648 27.639 27.627 27.609 27.493 27.306 27.247 27.236 27.179 27.161 27.141 27.087 27.072 27.122 27.184 27.177 27.164 27.152 27.138
26.398 26.091 26.134 26.158 26.165 26.216 26.400 26.869 27.267 27.321 27.345 27.368 27.392 27.414 27.436 27.457 27.478 27.497 27.516 27.533 27.549 27.565 27.581 27.597 27.611 27.625 27.638 27.651 27.662 27.673 27.682 27.691 27.699 27.706 27.712 27.717 27.719 27.721 27.720 27.715 27.692 27.693 27.722 27.731 27.733 27.719 27.514 27.399 27.414 27.476 27.578 27.664 27.687 27.681 27.674 27.667 27.657 27.648 27.633 27.557 27.363 27.279 27.266 27.217 27.193 27.179 27.148 27.129 27.116 27.203 27.211 27.203 27.193 27.176 27.162
26.396 26.083 26.147 26.174 26.198 26.268 26.564 27.080 27.305 27.333 27.357 27.379 27.401 27.422 27.444 27.465 27.485 27.505 27.524 27.542 27.559 27.576 27.592 27.606 27.620 27.634 27.647 27.659 27.671 27.681 27.691 27.700 27.708 27.714 27.721 27.725 27.728 27.729 27.729 27.728 27.704 27.706 27.732 27.739 27.741 27.737 27.622 27.467 27.505 27.585 27.671 27.703 27.698 27.691 27.684 27.675 27.667 27.655 27.601 27.434 27.332 27.293 27.268 27.243 27.218 27.190 27.151 27.127 27.113 27.243 27.237 27.228 27.217 27.199 27.184
26.488 26.152 26.176 26.193 26.221 26.249 26.793 27.257 27.315 27.340 27.364 27.388 27.411 27.433 27.453 27.473 27.492 27.512 27.531 27.549 27.567 27.584 27.600 27.615 27.629 27.643 27.656 27.667 27.678 27.689 27.699 27.708 27.716 27.722 27.728 27.733 27.736 27.738 27.738 27.737 27.715 27.717 27.741 27.746 27.748 27.745 27.678 27.549 27.602 27.673 27.716 27.713 27.707 27.699 27.692 27.683 27.674 27.648 27.515 27.391 27.347 27.232 27.208 27.218 27.195 27.177 27.155 27.138 27.214 27.269 27.262 27.251 27.239 27.222 27.206
26.876 26.723 26.759 26.544 26.316 26.468 27.082 27.296 27.321 27.346 27.371 27.394 27.417 27.439 27.462 27.482 27.502 27.521 27.538 27.556 27.573 27.590 27.606 27.622 27.636 27.650 27.663 27.676 27.687 27.697 27.706 27.714 27.722 27.729 27.734 27.739 27.743 27.744 27.744 27.745 27.727 27.729 27.749 27.753 27.754 27.752 27.711 27.635 27.683 27.726 27.727 27.721 27.714 27.707 27.699 27.691 27.678 27.600 27.468 27.403 27.301 27.193 27.180 27.224 27.204 27.206 27.180 27.164 27.288 27.293 27.284 27.273 27.260 27.242 27.227
