LISFLOOD/results/run15.totaltm
ncols         83
nrows         62
xllcorner     341179.518085
yllcorner     4516699.658735
cellsize      50.000000
NODATA_value  -9999.000000
[rows 0 to 32 of 62, columns 0 to 73 of 83]
0.000 0.000 0.000 0.000 0.000 0.000 0.000 0.000 0.000 0.000 0.000 0.000 0.000 0.000 0.000 0.000 0.000 0.000 0.000 0.000 0.000 0.000 0.000 0.000 0.000 0.000 0.000 0.000 0.000 0.000 0.000 0.000 0.000 0.000 0.000 0.000 0.000 0.000 0.000 0.000 0.000 0.000 0.000 0.000 0.000 0.000 0.000 0.000 0.000 0.000 0.000 0.000 0.000 0.000 0.000 0.000 0.000 0.000 0.000 0.000 0.000 0.000 0.000 0.000 0.000 0.000 0.000 0.000 0.000 0.000 0.000 0.000 0.000 0.000
0.000 0.000 0.000 0.000 0.000 0.000 0.000 0.000 0.000 0.000 0.000 0.000 0.000 0.000 0.000 0.000 0.000 0.000 0.000 0.000 0.000 0.000 0.000 0.000 0.000 22.160 24.127 24.163 24.083 24.172 24.296 24.354 24.450 24.619 24.764 25.156 25.247 25.380 25.467 25.495 25.478 25.037 23.859 26.363 26.439 0.000 0.000 0.000 0.000 0.000 0.000 0.000 0.000 0.000 0.000 0.000 0.000 0.000 0.000 0.000 0.000 0.000 0.000 0.000 0.000 0.000 0.000 0.000 0.000 0.000 0.000 0.000 0.000 0.000
0.000 0.000 0.000 0.000 0.000 0.000 0.000 0.000 0.000 0.000 0.000 0.000 0.000 0.000 0.000 0.000 0.000 0.000 0.000 0.000 0.000 0.000 0.000 0.000 0.000 0.000 23.971 24.247 24.254 24.338 24.410 24.516 24.643 24.842 24.935 25.098 25.156 25.454 25.504 25.539 25.582 25.481 25.719 26.334 26.463 26.512 26.563 26.624 26.666 26.699 26.786 26.810 26.616 26.780 26.985 27.091 27.126 27.304 27.321 27.374 27.396 27.549 27.668 27.681 27.692 27.701 27.708 27.709 27.709 27.669 27.442 27.439 27.488 27.672
0.000 0.000 0.000 0.000 0.000 0.000 0.000 0.000 0.000 0.000 0.000 0.000 0.000 0.000 0.000 0.000 0.000 0.000 0.000 0.000 0.000 0.000 0.000 0.000 0.000 0.000 21.518 24.431 24.493 24.549 24.649 24.756 24.855 24.939 25.015 25.054 24.396 24.126 24.284 25.453 25.686 25.741 25.898 25.803 26.284 26.371 26.061 26.538 26.754 26.783 26.823 26.883 26.913 26.959 27.078 27.118 27.136 27.331 27.341 27.399 27.424 27.649 27.682 27.695 27.707 27.716 27.724 27.727 27.723 27.650 27.489 27.514 27.694 27.688
0.000 0.000 0.000 0.000 0.000 0.000 0.000 0.000 0.000 0.000 0.000 0.000 0.000 0.000 0.000 0.000 0.000 0.000 0.000 0.000 0.000 0.000 0.000 0.000 0.000 0.000 0.000 22.949 24.462 24.532 24.572 23.722 22.242 0.000 0.000 0.000 0.000 0.000 0.000 0.000 25.024 25.896 25.948 26.062 26.252 25.691 25.598 26.311 26.786 26.821 26.867 26.910 27.002 27.049 27.126 27.151 27.149 27.359 27.383 27.432 27.598 27.649 27.694 27.708 27.719 27.729 27.738 27.744 27.734 27.676 27.648 27.722 27.715 27.697
0.000 0.000 0.000 0.000 0.000 0.000 0.000 0.000 0.000 0.000 0.000 0.000 0.000 0.000 0.000 0.000 0.000 0.000 0.000 0.000 0.000 0.000 0.000 0.000 0.000 0.000 0.000 0.000 17.697 0.000 0.000 0.000 0.000 0.000 0.000 0.000 0.000 0.000 0.000 0.000 22.170 25.384 25.741 26.018 25.867 25.631 25.811 26.448 26.802 26.837 26.884 26.928 27.053 27.119 27.158 27.189 27.203 27.373 27.459 27.541 27.644 27.662 27.707 27.719 27.731 27.741 27.749 27.756 27.746 27.722 27.744 27.740 27.721 27.708
0.000 0.000 0.000 0.000 0.000 0.000 0.000 0.000 0.000 0.000 0.000 0.000 0.000 0.000 0.000 0.000 0.000 0.000 0.000 0.000 0.000 0.000 0.000 0.000 0.000 0.000 0.000 0.000 0.000 0.000 0.000 0.000 0.000 0.000 0.000 0.000 0.000 0.000 0.000 0.000 22.035 24.955 25.654 26.042 26.039 25.964 26.203 26.641 26.795 26.824 26.889 26.950 27.042 27.098 27.192 27.223 27.267 27.309 27.478 27.649 27.663 27.692 27.717 27.729 27.741 27.750 27.758 27.764 27.755 27.762 27.760 27.746 27.717 27.703
0.000 0.000 0.000 0.000 0.000 0.000 0.000 0.000 0.000 0.000 0.000 0.000 0.000 0.000 0.000 0.000 0.000 0.000 0.000 0.000 0.000 0.000 0.000 0.000 0.000 0.000 0.000 0.000 0.000 0.000 0.000 0.000 0.000 0.000 0.000 0.000 0.000 0.000 0.000 0.000 21.979 24.910 25.777 26.088 26.177 26.219 26.456 26.782 26.815 26.842 26.914 26.979 27.043 27.087 27.156 27.135 27.286 27.375 27.569 27.616 27.621 27.709 27.725 27.738 27.749 27.758 27.765 27.769 27.778 27.772 27.766 27.732 27.720 27.706
0.000 0.000 0.000 0.000 0.000 0.000 0.000 0.000 0.000 0.000 0.000 0.000 0.000 0.000 0.000 0.000 0.000 0.000 0.000 0.000 0.000 0.000 0.000 0.000 0.000 0.000 0.000 0.000 0.000 0.000 0.000 0.000 0.000 0.000 0.000 0.000 0.000 0.000 0.000 0.000 22.233 24.863 25.770 26.050 26.225 26.381 26.648 26.815 26.842 26.877 26.928 26.976 27.002 27.107 27.136 27.143 27.283 27.478 27.557 27.523 27.637 27.714 27.731 27.744 27.757 27.765 27.771 27.774 27.778 27.776 27.765 27.732 27.722 27.708
0.000 0.000 0.000 0.000 0.000 0.000 0.000 0.000 0.000 0.000 0.000 0.000 0.000 0.000 0.000 0.000 0.000 0.000 0.000 0.000 0.000 0.000 0.000 0.000 0.000 0.000 0.000 0.000 0.000 0.000 0.000 0.000 0.000 0.000 0.000 0.000 0.000 0.000 0.000 0.000 22.157 24.788 25.779 25.969 26.188 26.446 26.806 26.837 26.871 26.908 26.962 26.993 27.099 27.138 27.162 27.234 27.283 27.479 27.491 27.438 27.677 27.713 27.729 27.741 27.751 27.759 27.766 27.771 27.778 27.770 27.743 27.734 27.724 27.711
0.000 0.000 0.000 0.000 0.000 0.000 0.000 0.000 0.000 0.000 0.000 0.000 0.000 0.000 0.000 0.000 0.000 0.000 0.000 0.000 0.000 0.000 0.000 0.000 0.000 0.000 0.000 0.000 0.000 0.000 0.000 0.000 0.000 0.000 0.000 0.000 0.000 0.000 0.000 17.533 22.763 24.813 25.672 25.969 26.152 26.523 26.808 26.837 26.873 26.912 26.949 27.001 27.029 27.066 27.097 27.246 27.358 27.461 27.432 27.478 27.692 27.709 27.723 27.735 27.744 27.752 27.759 27.765 27.778 27.753 27.735 27.728 27.719 27.706
0.000 0.000 0.000 0.000 0.000 0.000 0.000 0.000 0.000 0.000 0.000 0.000 0.000 0.000 0.000 0.000 0.000 0.000 0.000 0.000 0.000 0.000 0.000 0.000 0.000 0.000 0.000 0.000 0.000 0.000 0.000 0.000 0.000 0.000 0.000 0.000 0.000 0.000 0.000 17.839 23.177 25.291 25.712 25.991 26.136 26.731 26.804 26.829 26.869 26.896 26.943 26.986 27.044 27.081 27.228 27.254 27.402 27.417 27.406 27.558 27.687 27.703 27.716 27.727 27.737 27.744 27.752 27.757 27.778 27.733 27.726 27.719 27.710 27.698
0.000 0.000 0.000 0.000 0.000 0.000 0.000 0.000 0.000 0.000 0.000 0.000 0.000 0.000 0.000 0.000 0.000 0.000 0.000 0.000 0.000 0.000 0.000 0.000 0.000 0.000 0.000 0.000 0.000 0.000 0.000 0.000 0.000 0.000 0.000 0.000 0.000 0.000 0.000 17.151 23.488 25.506 25.783 25.955 26.121 26.763 26.792 26.815 26.860 26.887 26.951 27.005 27.050 27.090 27.245 27.281 27.383 27.386 27.407 27.597 27.680 27.694 27.707 27.718 27.727 27.736 27.743 27.746 27.778 27.723 27.716 27.710 27.699 27.687
0.000 0.000 0.000 0.000 0.000 0.000 0.000 0.000 0.000 0.000 0.000 0.000 0.000 0.000 0.000 0.000 0.000 0.000 0.000 0.000 0.000 0.000 0.000 0.000 0.000 0.000 0.000 0.000 0.000 0.000 0.000 0.000 0.000 0.000 0.000 0.000 0.000 0.000 0.000 17.839 24.414 25.554 25.826 25.964 26.423 26.754 26.778 26.801 26.833 26.862 26.926 26.971 26.923 27.159 27.188 27.302 27.397 27.397 27.424 27.633 27.671 27.684 27.697 27.708 27.717 27.726 27.733 27.708 27.778 27.708 27.705 27.698 27.687 27.676
0.000 0.000 0.000 0.000 0.000 0.000 0.000 0.000 0.000 0.000 0.000 0.000 0.000 0.000 0.000 0.000 0.000 0.000 0.000 0.000 0.000 0.000 0.000 0.000 0.000 0.000 0.000 0.000 0.000 0.000 0.000 0.000 0.000 0.000 0.000 0.000 0.000 0.000 0.000 22.043 25.024 25.667 25.888 26.056 26.495 26.738 26.766 26.794 26.841 26.918 26.973 27.005 27.036 27.149 27.178 27.306 27.423 27.444 27.472 27.642 27.660 27.673 27.686 27.697 27.706 27.714 27.719 27.778 27.669 27.693 27.692 27.684 27.675 27.664
0.000 0.000 0.000 0.000 0.000 0.000 0.000 0.000 0.000 0.000 0.000 0.000 0.000 0.000 0.000 0.000 0.000 0.000 0.000 0.000 0.000 0.000 0.000 0.000 0.000 0.000 0.000 0.000 0.000 0.000 0.000 0.000 0.000 0.000 0.000 0.000 0.000 0.000 16.314 23.569 25.272 25.691 25.869 26.114 26.523 26.719 26.747 26.771 26.812 26.862 26.847 26.801 27.129 27.158 27.231 27.298 27.438 27.499 27.523 27.633 27.648 27.661 27.674 27.684 27.694 27.702 27.670 27.778 27.662 27.677 27.675 27.670 27.652 27.651
0.000 0.000 0.000 0.000 0.000 0.000 0.000 0.000 0.000 0.000 0.000 0.000 0.000 0.000 0.000 0.000 0.000 0.000 0.000 0.000 0.000 0.000 0.000 0.000 0.000 0.000 0.000 0.000 3.494 0.000 0.000 0.000 0.000 0.000 0.000 0.000 0.000 8.316 21.621 24.166 25.436 25.729 25.888 26.114 26.527 26.704 26.727 26.747 26.806 26.851 26.880 26.978 27.084 27.089 27.212 27.273 27.377 27.547 27.570 27.621 27.635 27.648 27.661 27.671 27.681 27.682 27.613 27.778 27.652 27.643 27.659 27.651 27.628 27.636
0.000 0.000 0.000 0.000 0.000 0.000 0.000 0.000 0.000 0.000 0.000 0.000 0.000 0.000 0.000 0.000 0.000 0.000 0.000 0.000 0.000 0.000 0.000 0.000 0.000 0.000 0.000 0.000 14.244 0.000 0.000 0.000 0.000 0.000 0.000 0.000 0.000 20.297 23.234 24.997 25.662 25.734 25.887 26.039 26.507 26.681 26.644 26.617 26.689 26.737 26.776 27.055 27.091 27.125 27.199 27.262 27.317 27.544 27.585 27.608 27.622 27.634 27.646 27.656 27.664 27.609 27.604 27.778 27.596 27.633 27.644 27.624 27.597 27.617
0.000 0.000 0.000 0.000 0.000 0.000 0.000 0.000 0.000 0.000 0.000 0.000 0.000 0.000 0.000 0.000 0.000 0.000 0.000 0.000 0.000 0.000 0.000 0.000 0.000 0.000 0.000 12.104 16.341 0.000 0.000 0.000 0.000 0.000 0.000 0.000 19.151 21.978 24.189 25.481 25.614 25.751 25.891 26.032 26.574 26.654 26.588 26.635 26.688 26.674 26.924 26.954 26.962 27.109 27.207 27.247 27.292 27.547 27.581 27.595 27.607 27.619 27.630 27.639 27.629 27.593 27.587 27.778 27.584 27.621 27.628 27.591 27.570 27.596
0.000 0.000 0.000 0.000 0.000 0.000 0.000 0.000 0.000 0.000 0.000 0.000 0.000 0.000 0.000 0.000 0.000 0.000 0.000 0.000 0.000 0.000 0.000 0.000 0.000 0.000 0.000 14.319 17.088 12.393 0.000 0.000 0.000 0.000 0.000 17.618 19.613 23.302 24.892 25.449 25.562 25.651 25.844 26.153 26.585 26.601 26.595 26.690 26.729 26.769 26.912 26.951 26.993 27.077 27.186 27.207 27.312 27.550 27.568 27.582 27.593 27.604 27.614 27.623 27.608 27.574 27.539 27.778 27.588 27.609 27.606 27.564 27.531 27.577
0.000 0.000 0.000 0.000 0.000 0.000 0.000 0.000 0.000 0.000 0.000 0.000 0.000 0.000 0.000 0.000 0.000 0.000 0.000 0.000 0.000 0.000 0.000 0.000 0.000 0.000 0.000 13.121 18.409 18.203 18.449 15.926 0.000 0.000 16.451 18.784 21.845 23.761 25.243 25.434 25.591 25.753 25.817 26.229 26.567 26.503 26.551 26.588 25.877 26.813 26.860 26.866 26.997 27.061 27.165 27.194 27.423 27.537 27.553 27.566 27.577 27.588 27.597 27.604 27.591 27.508 27.510 27.778 27.586 27.598 27.587 27.521 27.489 27.556
0.000 0.000 0.000 0.000 0.000 0.000 0.000 0.000 0.000 0.000 0.000 0.000 0.000 0.000 0.000 0.000 0.000 0.000 0.000 0.000 0.000 0.000 0.000 0.000 0.000 0.000 0.000 13.876 19.472 20.583 20.889 20.188 19.122 18.789 19.344 21.286 22.784 24.469 25.224 25.348 25.412 25.713 25.819 26.463 26.532 26.326 26.499 25.482 26.395 26.811 26.834 26.932 26.966 27.057 27.156 27.198 27.493 27.521 27.536 27.549 27.559 27.569 27.578 27.583 27.546 27.466 27.480 27.778 27.574 27.586 27.560 27.457 27.461 27.539
0.000 0.000 0.000 0.000 0.000 0.000 0.000 0.000 0.000 0.000 0.000 0.000 0.000 0.000 0.000 0.000 0.000 0.000 0.000 0.000 0.000 0.000 0.000 0.000 0.000 0.000 0.000 12.294 20.232 21.294 21.654 21.792 22.017 21.192 21.756 22.866 23.869 24.920 25.180 25.292 25.464 25.694 26.024 26.472 26.487 26.296 26.067 21.209 26.779 26.814 26.838 26.943 26.974 27.076 27.127 27.309 27.487 27.504 27.518 27.530 27.540 27.549 27.556 27.560 27.501 27.439 27.778 27.513 27.559 27.571 27.517 27.416 27.438 27.520
0.000 0.000 0.000 0.000 0.000 0.000 0.000 0.000 0.000 0.000 0.000 0.000 0.000 0.000 0.000 0.000 0.000 0.000 0.000 0.000 0.000 0.000 0.000 0.000 0.000 0.000 0.000 0.000 19.320 20.828 20.831 21.684 22.162 22.313 23.374 23.882 24.684 24.984 25.137 25.211 25.402 25.644 26.208 26.453 26.467 26.252 0.000 26.310 26.743 26.616 26.682 26.768 26.956 27.082 27.107 27.437 27.470 27.487 27.499 27.510 27.519 27.528 27.533 27.531 27.407 27.778 27.778 27.517 27.543 27.552 27.478 27.397 27.412 27.502
0.000 0.000 0.000 0.000 0.000 0.000 0.000 0.000 0.000 0.000 0.000 0.000 0.000 0.000 0.000 0.000 0.000 0.000 0.000 0.000 0.000 0.000 0.000 0.000 0.000 0.000 0.000 0.000 16.584 17.478 16.768 17.882 20.196 22.897 23.717 24.056 24.785 24.933 25.067 25.240 25.384 25.791 26.347 26.429 26.409 23.363 0.000 26.585 26.618 26.521 26.583 26.618 26.840 27.106 27.221 27.434 27.453 27.468 27.479 27.490 27.499 27.507 27.512 27.464 27.367 27.778 27.407 27.509 27.527 27.532 27.445 27.368 27.434 27.486
0.000 0.000 0.000 0.000 0.000 0.000 0.000 0.000 0.000 0.000 0.000 0.000 0.000 0.000 0.000 0.000 0.000 0.000 0.000 0.000 0.000 0.000 0.000 0.000 0.000 0.000 0.000 0.000 15.434 10.618 14.109 18.032 20.983 22.690 24.024 24.433 24.647 24.818 25.077 25.203 25.269 25.847 26.361 26.379 25.961 0.000 26.008 26.394 26.426 26.432 26.505 26.599 26.876 27.104 27.386 27.417 27.435 27.448 27.459 27.469 27.478 27.486 27.490 27.344 27.778 27.778 27.391 27.496 27.501 27.507 27.428 27.342 27.443 27.468
0.000 0.000 0.000 0.000 0.000 0.000 0.000 0.000 0.000 0.000 0.000 0.000 0.000 0.000 0.000 0.000 0.000 0.000 0.000 0.000 0.000 0.000 0.000 0.000 0.000 0.000 0.000 0.000 14.779 17.481 18.579 20.039 22.143 23.817 24.037 24.113 24.132 24.748 25.087 25.151 25.202 26.160 26.331 26.227 0.000 23.906 26.279 26.321 26.306 26.281 26.382 26.559 26.937 27.292 27.378 27.398 27.416 27.427 27.438 27.448 27.457 27.464 27.443 27.778 27.778 27.332 27.445 27.482 27.459 27.482 27.441 27.391 27.431 27.449
0.000 0.000 0.000 0.000 0.000 0.000 0.000 0.000 0.000 0.000 0.000 0.000 0.000 0.000 0.000 0.000 0.000 0.000 0.000 0.000 0.000 0.000 0.000 0.000 0.000 0.000 14.035 13.701 17.122 19.613 21.212 22.098 23.193 23.764 23.733 23.123 23.780 24.707 25.113 25.422 25.669 26.248 26.266 23.960 0.000 25.940 26.254 26.291 26.316 26.358 26.415 26.539 26.975 27.337 27.359 27.379 27.394 27.406 27.416 27.426 27.434 27.441 27.317 27.778 27.296 27.348 27.446 27.455 27.399 27.454 27.440 27.423 27.413 27.422
0.000 0.000 0.000 0.000 0.000 0.000 0.000 0.000 0.000 0.000 0.000 0.000 0.000 0.000 0.000 0.000 0.000 0.000 0.000 0.000 0.000 0.000 0.000 0.000 0.000 13.916 16.817 18.781 19.055 20.234 22.352 22.906 23.524 23.618 23.107 20.910 23.674 24.646 24.979 25.273 25.953 26.223 25.997 0.000 0.000 26.258 26.299 26.342 26.397 26.468 26.568 26.767 27.258 27.318 27.339 27.358 27.371 27.383 27.393 27.403 27.411 27.416 27.778 27.778 27.351 27.407 27.418 27.299 27.308 27.435 27.425 27.407 27.394 27.283
0.000 0.000 0.000 0.000 0.000 0.000 0.000 0.000 0.000 0.000 0.000 0.000 0.000 0.000 0.000 0.000 0.000 0.000 0.000 0.000 0.000 0.000 0.000 0.000 0.000 15.916 19.557 21.053 22.092 21.976 22.866 23.266 23.461 23.384 20.110 17.954 23.948 24.567 24.924 25.265 26.094 26.154 17.466 0.000 26.199 26.303 26.353 26.402 26.455 26.530 26.602 26.982 27.274 27.297 27.318 27.334 27.347 27.358 27.369 27.377 27.384 27.373 27.778 27.302 27.346 27.359 27.187 27.147 27.260 27.418 27.406 27.388 27.325 26.334
0.000 0.000 0.000 0.000 0.000 0.000 0.000 0.000 0.000 0.000 0.000 0.000 0.000 0.000 0.000 0.000 0.000 0.000 0.000 0.000 0.000 0.000 0.000 0.000 0.000 0.000 20.056 22.049 22.434 22.768 23.025 23.242 23.306 21.193 9.718 12.191 23.993 24.512 24.866 25.513 26.076 25.858 0.000 24.452 26.291 26.332 26.394 26.446 26.494 26.573 26.672 27.173 27.251 27.262 27.294 27.309 27.322 27.333 27.342 27.350 27.355 27.778 27.778 27.288 27.296 27.183 27.153 27.123 27.231 27.396 27.384 27.363 27.113 0.000
0.000 0.000 0.000 0.000 0.000 0.000 0.000 0.000 0.000 0.000 0.000 0.000 0.000 0.000 0.000 0.000 0.000 0.000 0.000 0.000 0.000 0.000 0.000 0.000 0.000 10.466 18.083 20.305 21.702 22.681 22.859 23.082 22.836 15.599 0.000 19.675 24.081 24.463 24.948 25.957 26.014 23.459 0.000 26.246 26.290 26.363 26.440 26.517 26.571 26.629 26.769 27.196 27.216 27.239 27.269 27.282 27.294 27.305 27.313 27.319 27.778 27.778 27.235 27.265 27.162 27.140 27.128 27.102 27.303 27.363 27.360 27.267 0.000 0.000
0.000 0.000 0.000 0.000 0.000 0.000 0.000 0.000 0.000 0.000 0.000 0.000 0.000 0.000 0.000 0.000 0.000 0.000 0.000 0.000 0.000 0.000 0.000 0.000 0.000 0.000 16.258 19.180 22.116 22.723 22.813 23.011 21.636 14.718 0.000 22.353 24.123 24.506 25.362 25.940 25.950 0.000 24.589 26.242 26.287 26.344 26.441 26.494 26.532 26.566 26.953 27.171 27.178 27.221 27.244 27.255 27.266 27.274 27.281 27.282 27.778 27.184 27.223 27.185 27.094 27.115 27.097 27.169 27.307 27.331 27.310 26.796 0.000 0.000
