LISFLOOD/results/run11.totaltm
ncols         413
nrows         307
xllcorner     341179.518085
yllcorner     4516729.658735
cellsize      10.000000
NODATA_value  -9999.000000
[rows 0 to 32 of 307, columns 225 to 299 of 413]
0.000 0.000 0.000 0.000 0.000 0.000 0.000 0.000 0.000 0.000 0.000 0.000 0.000 0.000 0.000 0.000 0.000 0.000 0.000 0.000 0.000 0.000 0.000 0.000 0.000 0.000 0.000 0.000 0.000 0.000 0.000 0.000 0.000 0.000 0.000 0.000 0.000 0.000 0.000 0.000 0.000 0.000 0.000 0.000 0.000 0.000 0.000 0.000 0.000 0.000 0.000 0.000 0.000 0.000 0.000 0.000 0.000 0.000 0.000 0.000 0.000 0.000 0.000 0.000 0.000 0.000 0.000 0.000 0.000 0.000 0.000 0.000 0.000 0.000 0.000
0.000 0.000 0.000 0.000 0.000 0.000 0.000 0.000 0.000 0.000 0.000 0.000 0.000 0.000 0.000 0.000 0.000 0.000 0.000 0.000 0.000 0.000 0.000 0.000 0.000 0.000 0.000 0.000 0.000 0.000 0.000 0.000 0.000 0.000 0.000 0.000 0.000 0.000 0.000 0.000 0.000 0.000 0.000 0.000 0.000 0.000 0.000 0.000 0.000 0.000 0.000 0.000 0.000 0.000 0.000 0.000 0.000 0.000 0.000 0.000 0.000 0.000 0.000 0.000 0.000 0.000 0.000 0.000 0.000 0.000 0.000 0.000 0.000 0.000 0.000
0.000 0.000 0.000 0.000 0.000 0.000 0.000 0.000 0.000 0.000 0.000 0.000 0.000 0.000 0.000 0.000 0.000 0.000 0.000 0.000 0.000 0.000 0.000 0.000 0.000 0.000 0.000 0.000 0.000 0.000 0.000 0.000 0.000 0.000 0.000 0.000 0.000 0.000 0.000 0.000 0.000 0.000 0.000 0.000 0.000 0.000 0.000 0.000 0.000 0.000 0.000 0.000 0.000 0.000 0.000 0.000 0.000 0.000 0.000 0.000 0.000 0.000 0.000 0.000 0.000 0.000 0.000 0.000 0.000 0.000 0.000 0.000 0.000 0.000 0.000
0.000 0.000 0.000 0.000 0.000 0.000 0.000 0.000 0.000 0.000 0.000 0.000 0.000 0.000 0.000 0.000 0.000 0.000 0.000 0.000 0.000 0.000 0.000 0.000 0.000 0.000 0.000 0.000 0.000 0.000 0.000 0.000 0.000 0.000 0.000 0.000 0.000 0.000 0.000 0.000 0.000 0.000 0.000 0.000 0.000 0.000 0.000 0.000 0.000 0.000 0.000 0.000 0.000 0.000 0.000 0.000 0.000 0.000 0.000 0.000 0.000 0.000 0.000 0.000 0.000 0.000 0.000 0.000 0.000 0.000 0.000 0.000 0.000 0.000 0.000
0.000 0.000 0.000 0.000 0.000 0.000 0.000 0.000 0.000 0.000 0.000 0.000 0.000 0.000 0.000 0.000 0.000 0.000 0.000 0.000 0.000 0.000 0.000 0.000 0.000 0.000 0.000 0.000 0.000 0.000 0.000 0.000 0.000 0.000 0.000 0.000 0.000 0.000 0.000 0.000 0.000 0.000 0.000 0.000 0.000 0.000 0.000 0.000 0.000 0.000 0.000 0.000 0.000 0.000 0.000 0.000 0.000 0.000 0.000 0.000 0.000 0.000 0.000 0.000 0.000 0.000 0.000 0.000 0.000 0.000 0.000 0.000 0.000 0.000 0.000
0.000 0.000 0.000 0.000 0.000 0.000 0.000 0.000 0.000 0.000 0.000 0.000 0.000 0.000 0.000 0.000 0.000 0.000 0.000 0.000 0.000 0.000 0.000 0.000 0.000 0.000 0.000 0.000 0.000 0.000 0.000 0.000 0.000 0.000 0.000 0.000 0.000 0.000 0.000 0.000 0.000 0.000 0.000 0.000 0.000 0.000 0.000 0.000 0.000 0.000 0.000 0.000 0.000 0.000 0.000 0.000 0.000 0.000 0.000 0.000 0.000 0.000 0.000 0.000 0.000 0.000 0.000 0.000 0.000 0.000 0.000 0.000 0.000 0.000 0.000
0.000 0.000 0.000 0.000 0.000 0.000 0.000 0.000 0.000 0.000 0.000 0.000 0.000 0.000 0.000 0.000 0.000 0.000 0.000 0.000 0.000 0.000 0.000 0.000 0.000 0.000 0.000 0.000 0.000 0.000 0.000 0.000 0.000 0.000 0.000 0.000 0.000 0.000 0.000 0.000 0.000 0.000 0.000 0.000 0.000 0.000 0.000 0.000 0.000 0.000 0.000 0.000 0.000 0.000 0.000 0.000 0.000 0.000 0.000 0.000 0.000 0.000 0.000 0.000 0.000 0.000 0.000 0.000 0.000 0.000 0.000 0.000 0.000 0.000 0.000
0.000 0.000 0.000 0.000 0.000 0.000 0.000 0.000 0.000 0.000 0.000 0.000 0.000 0.000 0.000 0.000 0.000 0.000 0.000 0.000 0.000 0.000 0.000 0.000 0.000 0.000 0.000 0.000 0.000 0.000 0.000 0.000 0.000 0.000 0.000 0.000 0.000 0.000 0.000 0.000 0.000 0.000 0.000 0.000 0.000 0.000 0.000 0.000 0.000 0.000 0.000 0.000 0.000 0.000 0.000 0.000 0.000 0.000 0.000 0.000 0.000 0.000 0.000 0.000 0.000 0.000 0.000 0.000 0.000 0.000 0.000 0.000 0.000 0.000 0.000
0.000 0.000 0.000 0.000 0.000 0.000 0.000 0.000 0.000 0.000 0.000 0.000 0.000 0.000 0.000 0.000 0.000 0.000 0.000 0.000 0.000 0.000 0.000 0.000 0.000 0.000 0.000 0.000 0.000 0.000 0.000 0.000 0.000 0.000 0.000 0.000 0.000 0.000 0.000 0.000 0.000 0.000 0.000 0.000 0.000 0.000 0.000 0.000 0.000 0.000 0.000 0.000 0.000 0.000 0.000 0.000 0.000 0.000 0.000 0.000 0.000 0.000 0.000 0.000 0.000 0.000 0.000 0.000 0.000 0.000 0.000 0.000 0.000 0.000 0.000
0.000 0.000 0.000 0.000 0.000 0.000 0.000 0.000 0.000 0.000 0.000 0.000 0.000 0.000 0.000 0.000 0.000 0.000 0.000 0.000 0.000 0.000 0.000 0.000 0.000 0.000 0.000 0.000 0.000 0.000 0.000 0.000 0.000 0.000 0.000 0.000 0.000 0.000 0.000 0.000 0.000 0.000 0.000 0.000 0.000 0.000 0.000 0.000 0.000 0.000 0.000 0.000 0.000 0.000 0.000 0.000 0.000 0.000 0.000 0.000 0.000 0.000 0.000 0.000 0.000 0.000 0.000 0.000 0.000 0.000 0.000 0.000 0.000 0.000 0.000
15.937 16.030 16.161 16.266 16.373 16.490 16.641 16.702 16.735 16.771 16.830 17.082 17.599 17.741 17.776 17.794 17.333 15.549 13.285 14.629 17.084 17.880 18.209 18.390 18.577 18.758 18.922 19.017 18.952 18.886 18.722 18.313 18.028 17.998 17.946 17.701 15.808 15.587 15.646 15.714 15.778 16.269 17.883 18.617 0.000 0.000 0.000 0.000 0.000 0.000 0.000 0.000 0.000 0.000 0.000 0.000 0.000 0.000 0.000 0.000 0.000 0.000 0.000 0.000 0.000 0.000 0.000 0.000 0.000 0.000 0.000 0.000 0.000 0.000 0.000
15.968 16.092 16.188 16.271 16.374 16.538 16.631 16.672 16.694 16.746 16.634 16.391 17.198 17.699 17.807 17.839 17.758 17.009 14.929 14.913 17.036 17.877 18.215 18.431 18.600 18.761 18.972 19.096 19.146 19.157 19.221 19.117 18.687 18.246 18.016 17.705 15.923 14.788 14.838 14.988 15.619 17.057 18.373 18.999 19.342 19.577 19.754 19.908 20.093 20.286 20.369 20.371 20.391 20.638 20.663 20.682 20.708 20.742 20.769 21.186 21.922 22.153 22.207 22.220 22.239 22.435 22.499 22.523 22.532 22.089 23.691 23.929 23.927 23.944 23.964
15.974 16.131 16.224 16.302 16.348 16.516 16.630 16.649 16.658 16.718 16.669 16.634 16.720 17.421 17.826 17.873 17.899 17.644 16.341 15.566 17.172 18.013 18.297 18.507 18.697 18.823 18.991 19.155 19.238 19.294 19.356 19.408 19.311 18.869 18.320 17.784 16.019 14.304 14.185 14.337 16.062 17.897 18.827 19.296 19.564 19.699 19.813 20.013 20.289 20.477 20.559 20.596 20.629 20.669 20.688 20.706 20.731 20.764 20.789 21.191 21.923 22.218 22.211 22.229 22.296 22.463 22.514 22.541 22.558 22.597 23.863 23.944 23.893 23.917 23.943
15.913 16.092 16.170 16.237 15.997 16.082 16.561 16.672 16.692 16.704 16.706 16.691 16.675 16.961 17.749 17.901 17.938 17.947 17.366 17.136 17.359 18.199 18.424 18.604 18.720 18.901 19.059 19.171 19.232 19.289 19.374 19.473 19.517 19.367 19.031 18.362 16.928 14.863 14.937 15.149 17.333 18.608 19.202 19.560 19.745 19.848 19.900 20.085 20.363 20.515 20.610 20.656 20.674 20.694 20.704 20.716 20.739 20.772 20.796 21.186 21.932 22.253 22.112 22.132 22.310 22.397 22.421 22.259 21.193 23.362 23.984 23.957 23.879 23.894 23.919
15.909 16.071 16.138 16.090 13.716 12.348 15.703 16.633 16.731 16.758 16.757 16.759 16.680 16.661 17.324 17.914 17.976 18.014 17.819 17.682 17.777 18.317 18.522 18.667 18.757 18.947 19.088 19.173 19.221 19.271 19.374 19.537 19.622 19.582 19.391 18.954 18.117 16.791 16.793 17.196 18.321 19.041 19.467 19.736 19.869 20.007 20.122 20.306 20.448 20.519 20.598 20.672 20.697 20.714 20.724 20.732 20.746 20.773 20.797 21.188 21.982 22.271 22.126 22.143 22.368 22.377 22.321 22.311 21.343 23.778 24.012 23.939 23.918 23.906 23.912
15.953 16.044 16.089 15.726 9.968 3.637 9.973 16.129 16.713 16.785 16.806 16.833 16.859 16.883 16.918 17.589 18.006 18.067 18.124 18.146 18.176 18.238 18.573 18.732 18.856 18.993 19.089 19.145 19.180 19.226 19.371 19.569 19.672 19.710 19.587 19.255 18.731 18.367 18.428 18.602 18.919 19.322 19.649 19.829 19.954 20.134 20.348 20.495 20.580 20.631 20.656 20.681 20.713 20.736 20.750 20.758 20.771 20.796 20.811 21.207 21.977 22.289 22.175 22.235 22.433 22.413 22.341 22.362 22.772 24.036 24.027 23.972 23.966 23.957 23.929
15.940 16.014 16.012 14.739 6.813 2.629 5.636 13.540 16.410 16.745 16.774 16.816 16.850 16.868 16.885 17.276 17.956 18.093 18.139 18.164 18.183 18.231 18.635 18.816 18.919 19.009 19.068 19.111 19.134 19.186 19.353 19.531 19.680 19.772 19.771 19.537 19.154 19.046 19.102 19.211 19.328 19.533 19.696 19.853 20.043 20.269 20.469 20.570 20.644 20.701 20.736 20.750 20.749 20.758 20.775 20.787 20.801 20.819 20.825 21.251 21.999 22.347 22.362 22.399 22.473 22.446 22.323 21.232 23.549 24.079 24.040 24.011 24.010 24.010 23.982
15.951 15.981 15.724 12.694 3.674 3.083 4.672 8.113 13.146 14.317 13.529 14.468 16.292 16.873 16.899 17.108 17.812 18.132 18.196 18.228 18.249 18.293 18.662 18.859 18.943 18.990 19.042 19.073 19.118 19.178 19.312 19.419 19.623 19.803 19.850 19.788 19.509 19.261 19.308 19.393 19.529 19.642 19.726 19.923 20.161 20.372 20.526 20.599 20.665 20.723 20.761 20.778 20.793 20.804 20.808 20.814 20.828 20.847 20.853 21.303 22.085 22.355 22.374 22.466 22.514 22.497 22.355 22.386 23.985 24.098 24.052 24.051 24.056 24.054 24.091
15.922 15.910 14.852 8.874 3.588 3.756 5.179 6.370 7.409 8.329 9.582 11.478 13.713 16.254 17.047 17.129 17.718 18.135 18.203 18.239 18.255 18.288 18.694 18.863 18.932 18.967 19.006 19.033 19.086 19.184 19.246 19.297 19.500 19.776 19.883 19.909 19.778 19.455 19.414 19.462 19.567 19.695 19.867 20.077 20.276 20.446 20.543 20.604 20.676 20.739 20.776 20.794 20.810 20.824 20.832 20.839 20.854 20.874 20.881 21.373 22.328 22.359 22.386 22.521 22.554 22.544 22.282 23.212 24.122 24.114 24.081 24.084 24.100 24.121 24.196
15.874 15.521 12.476 4.238 3.605 4.531 6.330 7.220 7.496 8.288 9.655 11.251 12.494 15.508 17.084 17.153 17.651 18.131 18.213 18.256 18.274 18.304 18.729 18.870 18.907 18.941 18.973 19.011 19.060 19.139 19.148 19.182 19.335 19.624 19.863 19.951 19.964 19.722 19.546 19.588 19.666 19.796 19.991 20.215 20.384 20.504 20.563 20.615 20.683 20.751 20.787 20.807 20.824 20.840 20.852 20.863 20.878 20.899 20.911 21.419 22.293 22.181 22.213 22.553 22.584 22.586 22.211 23.858 24.158 24.142 24.113 24.116 24.139 24.177 24.266
15.778 14.211 8.362 4.002 4.039 5.249 7.058 7.749 8.162 8.886 10.032 11.572 12.512 15.009 17.048 17.193 17.620 18.146 18.213 18.258 18.276 18.297 18.713 18.848 18.887 18.921 18.956 18.999 19.047 19.092 19.082 19.132 19.222 19.414 19.722 19.973 20.017 19.941 19.756 19.767 19.818 19.951 20.148 20.341 20.464 20.540 20.585 20.633 20.697 20.764 20.794 20.817 20.837 20.855 20.869 20.883 20.903 20.925 20.941 21.424 22.158 22.132 22.104 22.569 22.601 22.622 22.782 24.133 24.177 24.174 24.148 24.145 24.171 24.229 24.326
14.894 10.628 4.858 4.535 4.716 5.947 7.391 7.890 8.139 9.022 10.326 11.691 12.694 14.447 16.632 17.238 17.618 18.177 18.250 18.289 18.269 18.283 18.646 18.817 18.868 18.896 18.921 18.954 19.010 19.031 19.054 19.109 19.162 19.259 19.546 19.899 20.046 20.066 19.978 19.947 19.989 20.117 20.292 20.429 20.510 20.557 20.598 20.639 20.693 20.752 20.788 20.817 20.841 20.864 20.882 20.901 20.928 20.949 20.986 21.462 22.131 22.068 22.010 22.018 22.046 21.106 23.303 24.205 24.199 24.205 24.188 24.208 24.243 24.295 24.359
11.686 6.248 4.921 5.067 5.539 6.753 7.496 7.853 8.086 9.293 10.688 11.858 12.890 14.250 16.289 17.246 17.617 18.234 18.308 18.359 18.380 18.400 18.651 18.802 18.857 18.883 18.913 18.947 18.998 19.028 19.061 19.101 19.144 19.197 19.416 19.814 20.069 20.138 20.113 20.102 20.143 20.252 20.387 20.473 20.531 20.566 20.604 20.641 20.678 20.707 20.751 20.797 20.836 20.858 20.876 20.889 20.915 20.939 21.045 21.544 22.141 22.102 22.132 22.161 22.143 20.931 23.624 24.244 24.221 24.237 24.254 24.267 24.299 24.296 24.286
6.977 5.562 5.557 5.696 6.407 7.237 7.423 7.677 8.348 9.813 11.031 12.103 13.083 14.407 16.323 17.248 17.619 18.250 18.340 18.392 18.412 18.432 18.667 18.802 18.876 18.897 18.929 18.985 19.023 19.057 19.098 19.142 19.179 19.229 19.427 19.833 20.101 20.199 20.194 20.204 20.244 20.335 20.429 20.497 20.543 20.579 20.612 20.659 20.685 20.705 20.724 20.758 20.891 20.899 20.898 20.903 20.926 20.927 21.124 21.662 22.184 22.175 22.191 22.189 22.193 22.245 23.996 24.267 24.241 24.263 24.287 24.309 24.335 24.331 24.129
6.203 6.075 6.208 6.363 7.150 7.458 7.684 7.897 8.904 10.194 11.287 12.307 13.409 14.795 16.631 17.317 17.656 18.228 18.301 18.341 18.297 18.318 18.601 18.790 18.910 18.941 18.979 19.028 19.058 19.103 19.154 19.205 19.254 19.307 19.522 19.908 20.154 20.246 20.247 20.264 20.303 20.392 20.464 20.513 20.547 20.580 20.631 20.677 20.698 20.716 20.706 20.827 20.939 20.936 20.934 20.936 20.965 20.942 21.218 21.771 22.240 22.211 22.221 22.213 21.727 23.077 24.255 24.289 24.256 24.283 24.312 24.336 24.363 24.361 24.444
6.962 6.723 6.816 6.940 7.381 7.599 8.008 8.460 9.440 10.495 11.529 12.581 13.767 15.402 16.898 17.401 17.706 18.193 18.256 18.269 18.153 18.183 18.512 18.768 18.945 18.991 19.029 19.072 19.107 19.158 19.208 19.255 19.303 19.389 19.638 19.975 20.201 20.282 20.296 20.319 20.359 20.422 20.482 20.520 20.548 20.584 20.658 20.691 20.716 20.743 20.802 20.922 20.964 20.970 20.971 20.974 21.013 20.973 21.316 21.866 22.286 22.246 22.248 22.263 22.481 23.872 24.382 24.311 24.264 24.299 24.334 24.363 24.410 24.684 25.534
7.222 7.152 7.243 7.382 7.516 7.616 7.978 8.785 9.859 10.823 11.822 12.918 14.072 16.071 17.128 17.478 17.787 18.156 18.211 18.168 18.083 18.069 18.514 18.799 18.967 19.019 19.067 19.109 19.160 19.217 19.271 19.322 19.378 19.503 19.753 20.019 20.226 20.311 20.338 20.367 20.399 20.446 20.484 20.511 20.537 20.576 20.611 20.636 20.666 20.746 20.937 20.964 20.989 20.998 21.004 21.014 21.049 21.015 21.417 21.996 22.317 22.285 22.244 20.997 23.256 24.293 24.427 24.315 24.206 24.246 24.283 24.322 24.606 25.615 26.303
7.457 7.401 7.492 7.648 7.752 7.866 8.065 9.192 10.301 11.201 12.164 13.287 14.380 16.445 17.270 17.562 17.918 18.129 18.176 18.199 18.167 18.143 18.620 18.846 18.978 19.031 19.078 19.127 19.183 19.247 19.297 19.348 19.442 19.616 19.825 20.051 20.236 20.323 20.353 20.379 20.413 20.450 20.475 20.497 20.520 20.549 20.556 20.577 20.607 20.834 20.962 20.988 21.009 21.019 21.032 21.050 21.081 21.082 21.525 22.148 22.348 22.328 22.306 21.859 23.889 24.384 24.451 24.362 24.099 23.997 23.808 23.992 25.012 26.193 26.684
7.944 7.779 7.811 8.014 7.862 8.060 8.398 9.565 10.617 11.528 12.519 13.686 15.189 16.576 17.362 17.652 18.038 18.144 18.201 18.237 18.247 18.288 18.700 18.868 18.989 19.042 19.088 19.142 19.210 19.263 19.314 19.367 19.506 19.689 19.871 20.090 20.232 20.301 20.342 20.371 20.407 20.440 20.461 20.481 20.502 20.523 20.547 20.575 20.699 20.909 20.990 21.012 21.024 21.037 21.056 21.086 21.111 21.169 21.638 22.339 22.377 22.368 22.351 22.718 24.138 24.406 24.471 24.477 24.138 23.953 23.463 23.788 25.313 26.448 26.731
8.487 8.333 8.427 8.811 8.719 8.987 9.386 10.301 11.089 11.771 12.901 14.070 15.935 16.878 17.478 17.764 18.136 18.172 18.209 18.241 18.252 18.308 18.656 18.867 18.999 19.050 19.096 19.149 19.202 19.248 19.296 19.366 19.537 19.758 19.956 20.117 20.197 20.249 20.300 20.348 20.398 20.427 20.447 20.466 20.494 20.529 20.558 20.617 20.864 20.978 21.022 21.034 21.041 21.040 21.047 21.074 21.091 21.265 21.765 22.381 22.403 22.408 21.723 23.457 24.209 24.417 24.489 24.538 24.460 24.236 23.871 24.357 25.670 26.611 26.773
9.086 8.965 9.090 9.544 9.925 10.513 10.977 11.514 11.958 12.498 13.512 14.958 16.497 17.227 17.574 17.923 18.201 18.211 18.232 18.199 18.094 18.161 18.502 18.838 18.992 19.042 19.086 19.130 19.173 19.206 19.236 19.337 19.593 19.832 20.016 20.110 20.158 20.214 20.277 20.342 20.388 20.411 20.427 20.442 20.460 20.489 20.522 20.772 20.959 21.028 21.041 21.057 21.064 21.068 21.074 21.104 21.070 21.369 21.912 22.419 22.423 22.441 22.471 23.891 24.219 24.341 24.439 24.562 24.712 24.709 24.706 25.364 26.233 26.793 26.816
9.733 9.463 9.589 10.153 10.918 11.599 12.073 12.517 12.844 13.372 14.579 16.171 16.911 17.446 17.673 18.109 18.254 18.247 18.276 18.267 18.160 18.256 18.529 18.863 18.977 19.024 19.063 19.099 19.134 19.151 19.183 19.394 19.680 19.892 20.021 20.079 20.131 20.203 20.284 20.345 20.375 20.392 20.403 20.421 20.443 20.466 20.659 20.951 21.028 21.047 21.061 21.074 21.084 21.096 21.111 21.136 21.092 21.486 22.066 22.442 22.402 22.243 23.047 23.991 24.189 24.247 24.332 24.423 24.785 25.087 25.414 26.272 26.800 26.846 26.865
10.308 9.917 10.083 10.799 11.641 12.209 12.678 13.147 13.480 13.977 15.496 16.751 17.267 17.576 17.849 18.266 18.299 18.282 18.308 18.321 18.342 18.547 18.768 18.899 18.963 19.006 19.043 19.082 19.130 19.183 19.251 19.501 19.756 19.918 19.998 20.037 20.103 20.202 20.293 20.343 20.364 20.386 20.412 20.441 20.468 20.503 20.899 21.031 21.045 21.064 21.083 21.091 21.101 21.117 21.140 21.163 21.184 21.616 22.222 22.464 22.459 22.281 23.512 23.997 24.114 24.122 24.134 24.169 24.708 25.283 25.925 26.766 26.852 26.884 26.910
