LISFLOOD/results/run13.inittm
ncols         83
nrows         62
xllcorner     341179.518085
yllcorner     4516699.658735
cellsize      50.000000
NODATA_value  -9999.000000
[rows 30 to 59 of 62, columns 0 to 65 of 83]
-9999.000 -9999.000 -9999.000 -9999.000 -9999.000 -9999.000 -9999.000 -9999.000 -9999.000 -9999.000 -9999.000 -9999.000 -9999.000 -9999.000 -9999.000 -9999.000 -9999.000 -9999.000 -9999.000 -9999.000 -9999.000 -9999.000 -9999.000 -9999.000 -9999.000 -9999.000 14.019 7.238 6.024 5.379 4.888 4.584 4.524 11.116 -9999.000 -9999.000 3.763 3.113 2.776 2.097 1.474 1.782 -9999.000 4.386 1.129 1.099 1.054 1.017 0.979 0.914 0.834 0.462 0.399 0.392 0.368 0.357 0.347 0.337 0.329 0.322 0.317 0.001 0.001 0.328 0.342 0.403
-9999.000 -9999.000 -9999.000 -9999.000 -9999.000 -9999.000 -9999.000 -9999.000 -9999.000 -9999.000 -9999.000 -9999.000 -9999.000 -9999.000 -9999.000 -9999.000 -9999.000 -9999.000 -9999.000 -9999.000 -9999.000 -9999.000 -9999.000 -9999.000 -9999.000 -9999.000 -9999.000 12.269 8.532 5.463 5.132 4.777 5.459 -9999.000 -9999.000 -9999.000 3.614 3.128 2.636 1.588 1.533 4.654 -9999.000 1.161 1.128 1.070 1.008 0.947 0.906 0.861 0.747 0.437 0.423 0.407 0.384 0.374 0.364 0.355 0.347 0.342 0.001 0.001 0.366 0.344 0.416 0.432
-9999.000 -9999.000 -9999.000 -9999.000 -9999.000 -9999.000 -9999.000 -9999.000 -9999.000 -9999.000 -9999.000 -9999.000 -9999.000 -9999.000 -9999.000 -9999.000 -9999.000 -9999.000 -9999.000 -9999.000 -9999.000 -9999.000 -9999.000 -9999.000 -9999.000 -9999.000 -9999.000 -9999.000 7.203 5.212 5.103 4.849 9.004 -9999.000 -9999.000 7.603 3.528 3.060 2.248 1.603 1.598 -9999.000 3.972 1.164 1.131 1.083 1.004 0.963 0.936 0.913 0.606 0.454 0.452 0.416 0.401 0.391 0.381 0.373 0.366 0.361 0.001 0.399 0.373 0.402 0.464 0.450
-9999.000 -9999.000 -9999.000 -9999.000 -9999.000 -9999.000 -9999.000 -9999.000 -9999.000 -9999.000 -9999.000 -9999.000 -9999.000 -9999.000 -9999.000 -9999.000 -9999.000 -9999.000 -9999.000 -9999.000 -9999.000 -9999.000 -9999.000 -9999.000 -9999.000 -9999.000 -9999.000 12.416 6.946 6.465 5.199 5.080 -9999.000 -9999.000 -9999.000 5.433 3.444 2.968 1.976 1.633 2.293 -9999.000 1.217 1.176 1.140 1.079 1.009 0.972 0.937 0.904 0.506 0.475 0.458 0.431 0.417 0.408 0.399 0.391 0.385 0.001 0.001 0.399 0.391 0.483 0.486 0.472
-9999.000 -9999.000 -9999.000 -9999.000 -9999.000 -9999.000 -9999.000 -9999.000 -9999.000 -9999.000 -9999.000 -9999.000 -9999.000 -9999.000 -9999.000 -9999.000 -9999.000 -9999.000 -9999.000 -9999.000 -9999.000 -9999.000 -9999.000 -9999.000 -9999.000 -9999.000 -9999.000 7.586 7.336 5.406 5.287 7.601 -9999.000 -9999.000 -9999.000 4.854 3.368 2.609 1.709 1.692 2.562 2.487 1.224 1.188 1.143 1.077 1.022 0.982 0.952 0.762 0.501 0.484 0.464 0.447 0.434 0.426 0.417 0.411 0.407 0.001 0.419 0.409 0.483 0.503 0.508 0.496
-9999.000 -9999.000 -9999.000 -9999.000 -9999.000 -9999.000 -9999.000 -9999.000 -9999.000 -9999.000 -9999.000 -9999.000 -9999.000 -9999.000 -9999.000 -9999.000 -9999.000 -9999.000 -9999.000 -9999.000 -9999.000 -9999.000 -9999.000 -9999.000 -9999.000 -9999.000 -9999.000 8.221 6.639 5.460 5.376 7.903 -9999.000 -9999.000 -9999.000 4.288 3.190 2.187 1.727 1.918 8.916 2.204 1.238 1.200 1.157 1.090 1.044 1.023 0.998 0.632 0.512 0.494 0.478 0.463 0.453 0.444 0.437 0.432 0.001 0.444 0.432 0.473 0.531 0.524 0.531 0.518
-9999.000 -9999.000 -9999.000 -9999.000 -9999.000 -9999.000 -9999.000 -9999.000 -9999.000 -9999.000 -9999.000 -9999.000 -9999.000 -9999.000 -9999.000 -9999.000 -9999.000 -9999.000 -9999.000 -9999.000 -9999.000 -9999.000 -9999.000 -9999.000 -9999.000 -9999.000 -9999.000 7.886 5.919 5.552 5.487 9.103 -9999.000 -9999.000 -9999.000 4.055 2.789 1.831 1.784 2.077 -9999.000 1.304 1.232 1.199 1.146 1.094 1.060 1.027 0.928 0.550 0.525 0.509 0.494 0.480 0.471 0.463 0.457 0.454 0.001 0.457 0.455 0.562 0.551 0.548 0.554 0.462
-9999.000 -9999.000 -9999.000 -9999.000 -9999.000 -9999.000 -9999.000 -9999.000 -9999.000 -9999.000 -9999.000 -9999.000 -9999.000 -9999.000 -9999.000 -9999.000 -9999.000 -9999.000 -9999.000 -9999.000 -9999.000 -9999.000 -9999.000 -9999.000 -9999.000 -9999.000 11.183 7.856 6.210 5.660 6.929 -9999.000 -9999.000 -9999.000 8.095 3.239 2.459 1.841 1.839 2.394 4.267 1.270 1.233 1.200 1.140 1.114 1.090 1.063 0.764 0.554 0.539 0.525 0.511 0.498 0.490 0.483 0.478 0.477 0.001 0.469 0.537 0.610 0.575 0.573 0.574 0.463
-9999.000 -9999.000 -9999.000 -9999.000 -9999.000 -9999.000 -9999.000 -9999.000 -9999.000 -9999.000 -9999.000 -9999.000 -9999.000 -9999.000 -9999.000 -9999.000 -9999.000 -9999.000 -9999.000 -9999.000 -9999.000 -9999.000 -9999.000 -9999.000 -9999.000 -9999.000 9.751 7.422 6.350 6.052 8.247 -9999.000 -9999.000 -9999.000 5.004 2.741 2.211 1.771 1.794 2.309 1.600 1.318 1.280 1.196 1.170 1.150 1.126 1.091 0.629 0.568 0.553 0.541 0.528 0.517 0.509 0.502 0.498 0.001 0.001 0.502 0.611 0.632 0.599 0.612 0.514 0.481
-9999.000 -9999.000 -9999.000 -9999.000 -9999.000 -9999.000 -9999.000 -9999.000 -9999.000 -9999.000 -9999.000 -9999.000 -9999.000 -9999.000 -9999.000 -9999.000 -9999.000 -9999.000 -9999.000 -9999.000 -9999.000 -9999.000 -9999.000 -9999.000 -9999.000 -9999.000 7.999 6.496 6.373 6.266 9.819 -9999.000 -9999.000 -9999.000 3.520 2.444 2.041 1.729 1.711 3.301 1.398 1.357 1.267 1.213 1.189 1.162 1.129 0.971 0.599 0.582 0.568 0.557 0.545 0.535 0.527 0.521 0.517 0.001 0.519 0.573 0.638 0.650 0.643 0.630 0.519 0.499
-9999.000 -9999.000 -9999.000 -9999.000 -9999.000 -9999.000 -9999.000 -9999.000 -9999.000 -9999.000 -9999.000 -9999.000 -9999.000 -9999.000 -9999.000 -9999.000 -9999.000 -9999.000 -9999.000 -9999.000 -9999.000 -9999.000 -9999.000 -9999.000 -9999.000 13.437 7.270 6.366 6.296 6.378 10.154 -9999.000 -9999.000 -9999.000 2.761 2.342 1.962 1.676 1.646 2.126 1.396 1.360 1.274 1.238 1.212 1.188 1.154 0.827 0.611 0.596 0.584 0.573 0.562 0.553 0.545 0.539 0.537 0.001 0.542 0.639 0.659 0.669 0.692 0.579 0.538 0.519
-9999.000 -9999.000 -9999.000 -9999.000 -9999.000 -9999.000 -9999.000 -9999.000 -9999.000 -9999.000 -9999.000 -9999.000 -9999.000 -9999.000 -9999.000 -9999.000 -9999.000 -9999.000 -9999.000 -9999.000 -9999.000 -9999.000 -9999.000 -9999.000 12.530 8.783 7.228 6.268 6.198 6.307 12.136 -9999.000 -9999.000 4.607 2.398 2.157 1.821 1.632 1.599 1.559 1.388 1.324 1.284 1.259 1.229 1.198 1.161 0.686 0.625 0.611 0.601 0.589 0.579 0.571 0.563 0.559 0.558 0.001 0.592 0.673 0.679 0.700 0.709 0.577 0.557 0.544
-9999.000 -9999.000 -9999.000 -9999.000 -9999.000 -9999.000 -9999.000 -9999.000 -9999.000 -9999.000 -9999.000 -9999.000 -9999.000 -9999.000 -9999.000 -9999.000 -9999.000 -9999.000 -9999.000 -9999.000 -9999.000 -9999.000 -9999.000 -9999.000 10.822 7.658 7.208 6.209 6.058 6.554 -9999.000 -9999.000 -9999.000 3.644 2.229 2.141 1.842 1.787 1.745 1.461 1.385 1.340 1.319 1.281 1.234 1.203 1.056 0.658 0.640 0.627 0.617 0.607 0.597 0.589 0.583 0.579 0.001 0.001 0.653 0.689 0.697 0.744 0.724 0.596 0.577 0.590
-9999.000 -9999.000 -9999.000 -9999.000 -9999.000 -9999.000 -9999.000 -9999.000 -9999.000 -9999.000 -9999.000 -9999.000 -9999.000 -9999.000 -9999.000 -9999.000 -9999.000 -9999.000 -9999.000 -9999.000 -9999.000 -9999.000 -9999.000 -9999.000 13.501 7.776 6.108 6.091 5.868 7.533 -9999.000 -9999.000 -9999.000 2.716 2.201 2.093 1.892 1.913 2.119 1.434 1.391 1.368 1.343 1.297 1.269 1.234 0.879 0.670 0.655 0.644 0.633 0.624 0.615 0.607 0.601 0.598 0.001 0.612 0.696 0.703 0.735 0.776 0.696 0.616 0.599 0.674
-9999.000 -9999.000 -9999.000 -9999.000 -9999.000 -9999.000 -9999.000 -9999.000 -9999.000 -9999.000 -9999.000 -9999.000 -9999.000 -9999.000 -9999.000 -9999.000 -9999.000 -9999.000 -9999.000 -9999.000 -9999.000 -9999.000 -9999.000 -9999.000 9.409 6.883 5.566 5.776 5.642 7.312 -9999.000 -9999.000 3.268 2.439 2.426 2.176 1.896 1.850 1.791 1.462 1.425 1.391 1.345 1.314 1.282 1.243 0.766 0.685 0.671 0.661 0.651 0.641 0.632 0.625 0.619 0.618 0.001 0.652 0.712 0.728 0.749 0.783 0.670 0.636 0.624 0.788
-9999.000 -9999.000 -9999.000 -9999.000 -9999.000 -9999.000 -9999.000 -9999.000 -9999.000 -9999.000 -9999.000 -9999.000 -9999.000 -9999.000 -9999.000 -9999.000 -9999.000 -9999.000 -9999.000 -9999.000 -9999.000 -9999.000 -9999.000 -9999.000 -9999.000 7.807 5.193 5.378 5.567 8.363 -9999.000 9.973 2.620 2.333 2.293 2.090 2.028 1.975 1.570 1.481 1.441 1.379 1.324 1.292 1.248 1.165 0.723 0.701 0.688 0.678 0.668 0.659 0.651 0.644 0.639 0.640 0.001 0.693 0.732 0.752 0.788 0.797 0.676 0.656 0.651 0.964
-9999.000 -9999.000 -9999.000 -9999.000 -9999.000 -9999.000 -9999.000 -9999.000 -9999.000 -9999.000 -9999.000 -9999.000 -9999.000 -9999.000 -9999.000 -9999.000 -9999.000 -9999.000 -9999.000 -9999.000 -9999.000 -9999.000 -9999.000 9.252 7.406 5.021 5.103 5.864 6.062 -9999.000 -9999.000 3.532 2.441 2.320 2.235 2.116 2.132 2.412 1.516 1.473 1.425 1.403 1.379 1.338 1.302 1.038 0.732 0.716 0.706 0.696 0.686 0.677 0.669 0.664 0.661 0.001 0.001 0.733 0.761 0.787 0.819 0.814 0.696 0.676 0.675 2.359
-9999.000 -9999.000 -9999.000 -9999.000 -9999.000 -9999.000 -9999.000 -9999.000 -9999.000 -9999.000 -9999.000 -9999.000 -9999.000 -9999.000 -9999.000 -9999.000 -9999.000 -9999.000 -9999.000 -9999.000 -9999.000 -9999.000 -9999.000 12.410 8.853 4.875 5.348 5.638 7.617 -9999.000 6.088 2.800 2.375 2.338 2.170 2.126 2.081 2.022 1.492 1.469 1.447 1.435 1.426 1.361 1.333 0.939 0.748 0.732 0.723 0.713 0.704 0.696 0.688 0.683 0.681 0.001 0.707 0.768 0.795 0.803 0.856 0.834 0.716 0.699 0.713 -9999.000
-9999.000 -9999.000 -9999.000 -9999.000 -9999.000 -9999.000 -9999.000 -9999.000 -9999.000 -9999.000 -9999.000 -9999.000 -9999.000 -9999.000 -9999.000 -9999.000 -9999.000 -9999.000 -9999.000 -9999.000 -9999.000 -9999.000 -9999.000 6.911 5.269 4.703 5.626 5.821 13.987 -9999.000 3.202 2.530 2.407 2.352 2.345 2.354 2.442 1.622 1.512 1.496 1.477 1.453 1.418 1.388 1.369 0.853 0.764 0.750 0.741 0.731 0.722 0.714 0.707 0.702 0.701 0.001 0.720 0.806 0.812 0.827 0.876 0.834 0.734 0.724 0.778 -9999.000
-9999.000 -9999.000 -9999.000 -9999.000 -9999.000 -9999.000 -9999.000 -9999.000 -9999.000 -9999.000 -9999.000 -9999.000 -9999.000 -9999.000 -9999.000 -9999.000 -9999.000 -9999.000 -9999.000 -9999.000 -9999.000 -9999.000 -9999.000 5.242 4.521 4.573 5.997 7.811 -9999.000 5.012 2.651 2.479 2.408 2.376 2.341 2.312 2.378 1.566 1.529 1.508 1.488 1.461 1.427 1.392 1.284 0.804 0.780 0.769 0.759 0.749 0.741 0.733 0.727 0.723 0.723 0.001 0.740 0.837 0.833 0.858 0.893 0.786 0.754 0.750 0.889 -9999.000
-9999.000 -9999.000 -9999.000 -9999.000 -9999.000 -9999.000 -9999.000 -9999.000 -9999.000 -9999.000 -9999.000 -9999.000 -9999.000 -9999.000 -9999.000 -9999.000 -9999.000 -9999.000 -9999.000 -9999.000 -9999.000 -9999.000 6.728 4.129 4.329 4.434 5.383 9.086 11.131 3.381 2.538 2.486 2.451 2.348 2.309 2.279 2.022 1.560 1.545 1.553 1.711 1.717 1.660 1.589 1.138 0.813 0.796 0.787 0.777 0.768 0.759 0.752 0.747 0.744 0.001 0.812 0.783 0.863 0.859 0.883 0.904 0.796 0.774 0.773 1.028 -9999.000
-9999.000 -9999.000 -9999.000 -9999.000 -9999.000 -9999.000 -9999.000 -9999.000 -9999.000 -9999.000 -9999.000 -9999.000 -9999.000 -9999.000 -9999.000 -9999.000 -9999.000 -9999.000 -9999.000 -9999.000 -9999.000 -9999.000 5.154 3.953 3.921 4.133 6.051 8.351 5.152 3.297 2.548 2.563 2.682 2.383 2.362 2.627 1.771 1.573 1.558 1.566 1.648 1.617 1.584 1.541 1.021 0.828 0.813 0.806 0.796 0.787 0.779 0.772 0.767 0.765 0.793 0.824 0.834 0.888 0.878 0.927 0.926 0.815 0.796 0.795 1.724 -9999.000
-9999.000 -9999.000 -9999.000 -9999.000 -9999.000 -9999.000 -9999.000 -9999.000 -9999.000 -9999.000 -9999.000 -9999.000 -9999.000 -9999.000 -9999.000 -9999.000 -9999.000 -9999.000 -9999.000 -9999.000 -9999.000 -9999.000 4.268 3.801 3.763 4.657 7.733 5.523 3.476 2.662 2.580 2.552 2.408 2.357 2.329 2.297 1.634 1.589 1.576 1.586 1.611 1.587 1.563 1.504 0.936 0.845 0.831 0.823 0.814 0.806 0.797 0.791 0.787 0.785 0.838 0.836 0.884 0.909 0.898 1.011 0.950 0.835 0.819 0.822 -9999.000 -9999.000
-9999.000 -9999.000 -9999.000 -9999.000 -9999.000 -9999.000 -9999.000 -9999.000 -9999.000 -9999.000 -9999.000 -9999.000 -9999.000 -9999.000 -9999.000 -9999.000 -9999.000 -9999.000 -9999.000 -9999.000 -9999.000 9.620 4.156 3.749 3.714 4.253 4.355 3.714 2.966 2.632 2.619 2.628 2.445 2.472 2.435 1.969 1.633 1.609 1.610 1.607 1.604 1.576 1.548 1.432 0.896 0.862 0.851 0.841 0.832 0.824 0.816 0.810 0.806 0.804 0.919 0.850 0.918 0.931 0.921 1.062 0.976 0.855 0.845 0.916 -9999.000 -9999.000
-9999.000 -9999.000 -9999.000 -9999.000 -9999.000 -9999.000 -9999.000 -9999.000 -9999.000 -9999.000 -9999.000 -9999.000 -9999.000 -9999.000 -9999.000 -9999.000 -9999.000 -9999.000 -9999.000 -9999.000 -9999.000 5.931 4.241 3.712 3.597 3.471 3.436 3.020 2.809 2.637 2.611 2.590 2.538 2.521 2.486 1.726 1.649 1.632 1.657 1.629 1.619 1.594 1.568 1.309 0.898 0.878 0.869 0.859 0.851 0.842 0.834 0.828 0.824 0.827 1.034 0.871 0.946 0.953 0.947 1.054 0.913 0.875 0.871 1.184 -9999.000 -9999.000
-9999.000 -9999.000 -9999.000 -9999.000 -9999.000 -9999.000 -9999.000 -9999.000 -9999.000 -9999.000 -9999.000 -9999.000 -9999.000 -9999.000 -9999.000 -9999.000 -9999.000 -9999.000 -9999.000 -9999.000 -9999.000 5.549 4.382 4.103 4.381 4.117 3.482 2.934 2.876 2.663 2.632 2.606 2.562 2.522 2.179 1.709 1.671 1.656 1.691 1.631 1.601 1.572 1.539 1.183 0.910 0.894 0.887 0.877 0.868 0.859 0.852 0.846 0.841 0.874 1.116 0.910 0.925 0.975 0.971 0.993 0.917 0.896 0.903 -9999.000 -9999.000 -9999.000
-9999.000 -9999.000 -9999.000 -9999.000 -9999.000 -9999.000 -9999.000 -9999.000 -9999.000 -9999.000 -9999.000 -9999.000 -9999.000 -9999.000 -9999.000 -9999.000 -9999.000 -9999.000 -9999.000 -9999.000 -9999.000 7.986 4.957 4.242 4.301 4.122 3.282 2.963 2.886 2.686 2.663 2.793 3.238 5.069 1.927 1.714 1.693 1.682 1.669 1.650 1.619 1.594 1.523 1.069 0.927 0.912 0.904 0.895 0.886 0.877 0.869 0.863 0.859 1.039 1.142 1.070 0.939 1.000 1.000 1.013 0.937 0.917 1.084 -9999.000 -9999.000 -9999.000
-9999.000 -9999.000 -9999.000 -9999.000 -9999.000 -9999.000 -9999.000 -9999.000 -9999.000 -9999.000 -9999.000 -9999.000 -9999.000 -9999.000 -9999.000 -9999.000 -9999.000 -9999.000 -9999.000 -9999.000 -9999.000 6.067 5.440 5.299 4.398 3.885 3.092 2.974 2.879 2.707 2.719 2.993 5.015 5.634 1.776 1.733 1.709 1.671 1.636 1.602 1.577 1.554 1.524 0.991 0.944 0.931 0.922 0.913 0.903 0.895 0.887 0.881 0.878 1.204 1.161 1.107 1.007 1.018 1.034 0.989 0.957 0.941 1.587 -9999.000 -9999.000 -9999.000
-9999.000 -9999.000 -9999.000 -9999.000 -9999.000 -9999.000 -9999.000 -9999.000 -9999.000 -9999.000 -9999.000 -9999.000 -9999.000 -9999.000 -9999.000 -9999.000 -9999.000 -9999.000 -9999.000 -9999.000 6.822 5.769 5.411 5.509 4.176 3.723 3.003 2.971 2.867 2.726 2.819 3.456 -9999.000 3.031 1.936 1.801 1.779 1.703 1.670 1.663 1.648 1.620 1.399 0.983 0.961 0.951 0.941 0.932 0.922 0.914 0.907 0.901 0.919 1.316 1.219 1.152 1.044 1.033 1.049 0.998 0.978 1.030 -9999.000 -9999.000 -9999.000 -9999.000
-9999.000 -9999.000 -9999.000 -9999.000 -9999.000 -9999.000 -9999.000 -9999.000 -9999.000 -9999.000 -9999.000 -9999.000 -9999.000 -9999.000 -9999.000 -9999.000 -9999.000 -9999.000 -9999.000 -9999.000 8.409 5.803 5.246 5.164 3.977 3.516 2.994 2.968 2.853 2.745 2.918 4.759 -9999.000 2.350 1.991 1.942 1.916 1.739 1.719 2.323 2.333 1.976 1.278 0.997 0.979 0.971 0.961 0.952 0.942 0.934 0.927 0.922 1.001 1.316 1.252 1.215 1.064 1.064 1.051 1.018 0.999 1.311 -9999.000 -9999.000 -9999.000 -9999.000
