LISFLOOD/results/run12.mxe
ncols         413
nrows         307
xllcorner     341179.518085
yllcorner     4516729.658735
cellsize      10.000000
NODATA_value  -9999.000000
[rows 28 to 55 of 307, columns 186 to 247 of 413]
-9999.000 -9999.000 -9999.000 -9999.000 -9999.000 -9999.000 -9999.000 -9999.000 -9999.000 -9999.000 -9999.000 -9999.000 -9999.000 -9999.000 -9999.000 -9999.000 -9999.000 -9999.000 134.343 134.356 134.366 134.383 134.403 134.422 134.440 134.458 134.477 134.496 134.516 134.536 134.557 134.579 134.601 134.624 134.647 134.670 134.695 134.719 134.744 134.770 134.796 134.823 134.850 134.878 134.906 134.935 134.964 134.993 135.024 135.054 135.086 135.117 135.149 135.182 135.215 135.249 135.283 135.318 135.353 135.389 135.425 135.462
-9999.000 -9999.000 -9999.000 -9999.000 -9999.000 -9999.000 -9999.000 -9999.000 -9999.000 -9999.000 -9999.000 -9999.000 -9999.000 -9999.000 -9999.000 -9999.000 -9999.000 -9999.000 -9999.000 134.367 134.377 134.400 134.429 134.447 134.462 134.478 134.495 134.513 134.531 134.550 134.570 134.591 134.612 134.634 134.656 134.679 134.703 134.727 134.752 134.777 134.803 134.829 134.856 134.883 134.911 134.940 134.969 134.998 135.028 135.059 135.090 135.122 135.154 135.186 135.219 135.253 135.287 135.322 135.357 135.393 135.429 135.466
-9999.000 -9999.000 -9999.000 -9999.000 -9999.000 -9999.000 -9999.000 -9999.000 -9999.000 -9999.000 -9999.000 -9999.000 -9999.000 -9999.000 -9999.000 -9999.000 -9999.000 -9999.000 -9999.000 -9999.000 134.484 134.467 134.466 134.474 134.485 134.498 134.513 134.529 134.546 134.564 134.583 134.602 134.623 134.644 134.666 134.688 134.711 134.735 134.759 134.784 134.809 134.835 134.862 134.889 134.917 134.945 134.974 135.003 135.033 135.063 135.094 135.126 135.158 135.191 135.224 135.257 135.291 135.326 135.361 135.397 135.433 135.470
-9999.000 -9999.000 -9999.000 -9999.000 -9999.000 -9999.000 -9999.000 -9999.000 -9999.000 -9999.000 -9999.000 -9999.000 -9999.000 -9999.000 -9999.000 -9999.000 -9999.000 -9999.000 -9999.000 -9999.000 134.504 134.498 134.494 134.498 134.506 134.517 134.530 134.545 134.561 134.577 134.595 134.614 134.634 134.654 134.675 134.697 134.719 134.743 134.766 134.791 134.816 134.842 134.868 134.895 134.922 134.950 134.979 135.008 135.038 135.068 135.099 135.130 135.162 135.195 135.228 135.262 135.296 135.330 135.366 135.401 135.437 135.474
-9999.000 -9999.000 -9999.000 -9999.000 -9999.000 -9999.000 -9999.000 -9999.000 -9999.000 -9999.000 -9999.000 -9999.000 -9999.000 -9999.000 -9999.000 -9999.000 -9999.000 -9999.000 -9999.000 134.522 134.522 134.516 134.514 134.518 134.525 134.535 134.547 134.560 134.575 134.590 134.607 134.625 134.644 134.664 134.684 134.706 134.728 134.750 134.774 134.798 134.823 134.848 134.874 134.901 134.928 134.956 134.984 135.013 135.043 135.073 135.104 135.135 135.167 135.199 135.232 135.266 135.300 135.335 135.370 135.406 135.442 135.478
-9999.000 -9999.000 -9999.000 -9999.000 -9999.000 -9999.000 -9999.000 -9999.000 -9999.000 -9999.000 -9999.000 -9999.000 -9999.000 -9999.000 -9999.000 -9999.000 -9999.000 -9999.000 -9999.000 134.525 134.530 134.529 134.531 134.535 134.542 134.551 134.562 134.574 134.588 134.603 134.619 134.636 134.654 134.674 134.693 134.714 134.736 134.758 134.781 134.805 134.829 134.854 134.880 134.906 134.933 134.961 134.989 135.018 135.048 135.078 135.108 135.140 135.172 135.204 135.237 135.270 135.304 135.339 135.374 135.410 135.446 135.483
-9999.000 -9999.000 -9999.000 -9999.000 -9999.000 -9999.000 -9999.000 -9999.000 -9999.000 -9999.000 -9999.000 -9999.000 -9999.000 -9999.000 -9999.000 -9999.000 -9999.000 -9999.000 -9999.000 -9999.000 134.540 134.542 134.545 134.550 134.557 134.566 134.576 134.588 134.601 134.615 134.630 134.647 134.664 134.683 134.702 134.723 134.744 134.766 134.788 134.812 134.836 134.860 134.886 134.912 134.939 134.966 134.995 135.023 135.053 135.083 135.113 135.144 135.176 135.209 135.241 135.275 135.309 135.344 135.379 135.414 135.451 135.488
-9999.000 -9999.000 -9999.000 -9999.000 -9999.000 -9999.000 -9999.000 -9999.000 -9999.000 -9999.000 -9999.000 -9999.000 -9999.000 -9999.000 -9999.000 -9999.000 -9999.000 -9999.000 -9999.000 -9999.000 134.549 134.553 134.559 134.565 134.571 134.580 134.589 134.600 134.613 134.626 134.641 134.657 134.674 134.692 134.711 134.731 134.751 134.773 134.795 134.818 134.842 134.867 134.892 134.918 134.945 134.972 135.000 135.028 135.058 135.088 135.118 135.149 135.181 135.213 135.246 135.280 135.314 135.348 135.383 135.419 135.455 135.492
-9999.000 -9999.000 -9999.000 -9999.000 -9999.000 -9999.000 -9999.000 -9999.000 -9999.000 -9999.000 -9999.000 -9999.000 -9999.000 -9999.000 -9999.000 -9999.000 -9999.000 -9999.000 -9999.000 -9999.000 134.556 134.564 134.572 134.578 134.585 134.593 134.602 134.612 134.624 134.637 134.651 134.667 134.683 134.701 134.719 134.739 134.759 134.780 134.802 134.825 134.848 134.873 134.898 134.924 134.950 134.977 135.005 135.034 135.063 135.093 135.123 135.154 135.186 135.218 135.251 135.284 135.318 135.353 135.388 135.424 135.460 135.497
-9999.000 -9999.000 -9999.000 -9999.000 -9999.000 -9999.000 -9999.000 -9999.000 -9999.000 -9999.000 -9999.000 -9999.000 -9999.000 -9999.000 -9999.000 -9999.000 -9999.000 -9999.000 -9999.000 -9999.000 -9999.000 134.587 134.588 134.592 134.598 134.605 134.613 134.623 134.635 134.647 134.661 134.676 134.692 134.709 134.727 134.746 134.766 134.787 134.809 134.831 134.855 134.879 134.904 134.929 134.956 134.983 135.010 135.039 135.068 135.098 135.128 135.159 135.190 135.223 135.256 135.289 135.323 135.358 135.393 135.429 135.465 135.502
-9999.000 -9999.000 -9999.000 -9999.000 -9999.000 -9999.000 -9999.000 -9999.000 -9999.000 -9999.000 -9999.000 -9999.000 -9999.000 -9999.000 -9999.000 -9999.000 -9999.000 -9999.000 -9999.000 -9999.000 -9999.000 134.602 134.602 134.605 134.609 134.616 134.624 134.634 134.645 134.657 134.670 134.685 134.700 134.717 134.735 134.754 134.773 134.794 134.815 134.838 134.861 134.885 134.909 134.935 134.961 134.988 135.016 135.044 135.073 135.102 135.133 135.164 135.195 135.228 135.260 135.294 135.328 135.363 135.398 135.434 135.470 135.507
-9999.000 -9999.000 -9999.000 -9999.000 -9999.000 -9999.000 -9999.000 -9999.000 -9999.000 -9999.000 -9999.000 -9999.000 -9999.000 -9999.000 -9999.000 -9999.000 -9999.000 -9999.000 -9999.000 -9999.000 -9999.000 134.612 134.613 134.616 134.620 134.626 134.634 134.643 134.654 134.666 134.679 134.693 134.708 134.725 134.742 134.761 134.780 134.800 134.822 134.844 134.867 134.890 134.915 134.940 134.966 134.993 135.021 135.049 135.078 135.107 135.138 135.169 135.200 135.232 135.265 135.299 135.333 135.367 135.403 135.439 135.475 135.512
-9999.000 -9999.000 -9999.000 -9999.000 -9999.000 -9999.000 -9999.000 -9999.000 -9999.000 -9999.000 -9999.000 -9999.000 -9999.000 -9999.000 -9999.000 -9999.000 -9999.000 -9999.000 -9999.000 -9999.000 -9999.000 134.621 134.622 134.625 134.630 134.636 134.643 134.652 134.663 134.674 134.687 134.701 134.716 134.732 134.749 134.767 134.787 134.807 134.828 134.850 134.872 134.896 134.920 134.946 134.972 134.998 135.026 135.054 135.083 135.112 135.143 135.173 135.205 135.237 135.270 135.304 135.338 135.372 135.408 135.444 135.480 135.517
-9999.000 -9999.000 -9999.000 -9999.000 -9999.000 -9999.000 -9999.000 -9999.000 -9999.000 -9999.000 -9999.000 -9999.000 -9999.000 -9999.000 -9999.000 -9999.000 -9999.000 -9999.000 -9999.000 -9999.000 -9999.000 134.630 134.631 134.634 134.638 134.644 134.652 134.660 134.670 134.682 134.694 134.708 134.723 134.739 134.756 134.774 134.793 134.813 134.834 134.855 134.878 134.901 134.926 134.951 134.977 135.003 135.031 135.059 135.088 135.117 135.147 135.178 135.210 135.242 135.275 135.309 135.343 135.377 135.413 135.449 135.485 135.522
-9999.000 -9999.000 -9999.000 -9999.000 -9999.000 -9999.000 -9999.000 -9999.000 -9999.000 -9999.000 -9999.000 -9999.000 -9999.000 -9999.000 -9999.000 -9999.000 -9999.000 -9999.000 -9999.000 -9999.000 -9999.000 134.637 134.639 134.642 134.646 134.652 134.659 134.668 134.678 134.689 134.701 134.715 134.729 134.745 134.762 134.780 134.799 134.818 134.839 134.861 134.883 134.907 134.931 134.956 134.982 135.008 135.036 135.064 135.092 135.122 135.152 135.183 135.215 135.247 135.280 135.313 135.348 135.382 135.418 135.454 135.490 135.528
-9999.000 -9999.000 -9999.000 -9999.000 -9999.000 -9999.000 -9999.000 -9999.000 -9999.000 -9999.000 -9999.000 -9999.000 -9999.000 -9999.000 -9999.000 -9999.000 -9999.000 -9999.000 -9999.000 -9999.000 -9999.000 134.644 134.646 134.649 134.653 134.659 134.666 134.675 134.684 134.695 134.707 134.721 134.735 134.751 134.768 134.785 134.804 134.824 134.844 134.866 134.888 134.912 134.936 134.961 134.986 135.013 135.040 135.068 135.097 135.127 135.157 135.188 135.220 135.252 135.285 135.318 135.353 135.388 135.423 135.459 135.496 135.533
-9999.000 -9999.000 -9999.000 -9999.000 -9999.000 -9999.000 -9999.000 -9999.000 -9999.000 -9999.000 -9999.000 -9999.000 -9999.000 -9999.000 -9999.000 -9999.000 -9999.000 -9999.000 -9999.000 -9999.000 134.651 134.650 134.652 134.655 134.659 134.665 134.672 134.681 134.690 134.701 134.713 134.726 134.741 134.756 134.773 134.791 134.809 134.829 134.849 134.871 134.893 134.916 134.940 134.965 134.991 135.018 135.045 135.073 135.102 135.132 135.162 135.193 135.224 135.257 135.290 135.323 135.358 135.393 135.428 135.464 135.501 135.538
-9999.000 -9999.000 -9999.000 -9999.000 -9999.000 -9999.000 -9999.000 -9999.000 -9999.000 -9999.000 -9999.000 -9999.000 -9999.000 -9999.000 -9999.000 -9999.000 -9999.000 -9999.000 -9999.000 -9999.000 134.652 134.654 134.657 134.660 134.665 134.671 134.678 134.686 134.696 134.706 134.718 134.732 134.746 134.761 134.778 134.795 134.814 134.833 134.854 134.875 134.898 134.921 134.945 134.970 134.996 135.022 135.050 135.078 135.107 135.136 135.166 135.198 135.229 135.262 135.295 135.328 135.363 135.398 135.433 135.470 135.506 135.544
-9999.000 -9999.000 -9999.000 -9999.000 -9999.000 -9999.000 -9999.000 -9999.000 -9999.000 -9999.000 -9999.000 -9999.000 -9999.000 -9999.000 -9999.000 -9999.000 -9999.000 -9999.000 -9999.000 -9999.000 -9999.000 134.658 134.661 134.665 134.670 134.675 134.682 134.691 134.700 134.711 134.723 134.736 134.750 134.766 134.782 134.800 134.818 134.838 134.858 134.880 134.902 134.925 134.949 134.974 135.000 135.027 135.054 135.082 135.111 135.141 135.171 135.202 135.234 135.266 135.300 135.333 135.368 135.403 135.439 135.475 135.512 135.549
-9999.000 -9999.000 -9999.000 -9999.000 -9999.000 -9999.000 -9999.000 -9999.000 -9999.000 -9999.000 -9999.000 -9999.000 -9999.000 -9999.000 -9999.000 -9999.000 -9999.000 -9999.000 -9999.000 -9999.000 -9999.000 134.661 134.666 134.669 134.674 134.679 134.686 134.695 134.704 134.715 134.727 134.740 134.755 134.770 134.786 134.804 134.822 134.842 134.862 134.884 134.906 134.929 134.954 134.979 135.004 135.031 135.058 135.087 135.116 135.145 135.176 135.207 135.239 135.271 135.305 135.338 135.373 135.408 135.444 135.480 135.517 135.555
-9999.000 -9999.000 -9999.000 -9999.000 -9999.000 -9999.000 -9999.000 -9999.000 -9999.000 -9999.000 -9999.000 -9999.000 -9999.000 -9999.000 -9999.000 -9999.000 -9999.000 -9999.000 -9999.000 -9999.000 -9999.000 134.662 134.671 134.673 134.677 134.683 134.690 134.698 134.708 134.719 134.731 134.744 134.758 134.774 134.790 134.808 134.826 134.846 134.866 134.888 134.910 134.933 134.958 134.983 135.008 135.035 135.063 135.091 135.120 135.150 135.180 135.211 135.243 135.276 135.309 135.343 135.378 135.413 135.449 135.486 135.523 135.561
-9999.000 -9999.000 -9999.000 -9999.000 -9999.000 -9999.000 -9999.000 -9999.000 -9999.000 -9999.000 -9999.000 -9999.000 -9999.000 -9999.000 -9999.000 -9999.000 -9999.000 -9999.000 -9999.000 -9999.000 -9999.000 134.672 134.673 134.676 134.680 134.686 134.693 134.701 134.711 134.722 134.734 134.747 134.761 134.777 134.793 134.811 134.830 134.849 134.870 134.891 134.914 134.937 134.961 134.986 135.012 135.039 135.067 135.095 135.124 135.154 135.185 135.216 135.248 135.281 135.314 135.348 135.383 135.419 135.455 135.491 135.529 135.566
-9999.000 -9999.000 -9999.000 -9999.000 -9999.000 -9999.000 -9999.000 -9999.000 -9999.000 -9999.000 -9999.000 -9999.000 -9999.000 -9999.000 -9999.000 -9999.000 -9999.000 -9999.000 -9999.000 -9999.000 -9999.000 134.673 134.675 134.677 134.682 134.688 134.695 134.703 134.713 134.724 134.736 134.750 134.764 134.780 134.796 134.814 134.833 134.852 134.873 134.895 134.917 134.941 134.965 134.990 135.016 135.043 135.071 135.099 135.128 135.158 135.189 135.221 135.253 135.286 135.319 135.353 135.388 135.424 135.460 135.497 135.534 135.572
-9999.000 -9999.000 -9999.000 -9999.000 -9999.000 -9999.000 -9999.000 -9999.000 -9999.000 -9999.000 -9999.000 -9999.000 -9999.000 -9999.000 -9999.000 -9999.000 -9999.000 -9999.000 -9999.000 -9999.000 -9999.000 134.673 134.675 134.678 134.683 134.689 134.696 134.705 134.715 134.726 134.738 134.752 134.766 134.782 134.799 134.817 134.835 134.855 134.876 134.898 134.920 134.944 134.968 134.994 135.020 135.047 135.074 135.103 135.132 135.162 135.193 135.225 135.257 135.290 135.324 135.358 135.393 135.429 135.465 135.502 135.540 135.578
-9999.000 -9999.000 -9999.000 -9999.000 -9999.000 -9999.000 -9999.000 -9999.000 -9999.000 -9999.000 -9999.000 -9999.000 -9999.000 -9999.000 -9999.000 -9999.000 -9999.000 -9999.000 -9999.000 -9999.000 -9999.000 134.671 134.674 134.678 134.683 134.689 134.697 134.706 134.716 134.727 134.740 134.753 134.768 134.784 134.801 134.819 134.838 134.858 134.878 134.900 134.923 134.947 134.971 134.997 135.023 135.050 135.078 135.107 135.136 135.167 135.198 135.229 135.262 135.295 135.329 135.363 135.399 135.434 135.471 135.508 135.546 135.584
-9999.000 -9999.000 -9999.000 -9999.000 -9999.000 -9999.000 -9999.000 -9999.000 -9999.000 -9999.000 -9999.000 -9999.000 -9999.000 -9999.000 -9999.000 -9999.000 -9999.000 -9999.000 -9999.000 -9999.000 134.656 134.668 134.672 134.676 134.682 134.689 134.697 134.706 134.716 134.728 134.741 134.754 134.769 134.785 134.802 134.821 134.840 134.860 134.881 134.903 134.926 134.950 134.974 135.000 135.026 135.054 135.082 135.110 135.140 135.171 135.202 135.234 135.266 135.300 135.334 135.368 135.404 135.440 135.476 135.514 135.551 135.590
-9999.000 -9999.000 -9999.000 -9999.000 -9999.000 -9999.000 -9999.000 -9999.000 -9999.000 -9999.000 -9999.000 -9999.000 -9999.000 -9999.000 -9999.000 -9999.000 -9999.000 -9999.000 -9999.000 134.646 134.661 134.665 134.669 134.674 134.680 134.688 134.696 134.706 134.716 134.728 134.741 134.755 134.770 134.787 134.804 134.822 134.841 134.862 134.883 134.905 134.928 134.952 134.977 135.003 135.029 135.057 135.085 135.114 135.144 135.174 135.206 135.238 135.271 135.304 135.338 135.373 135.409 135.445 135.482 135.519 135.557 135.596
-9999.000 -9999.000 -9999.000 -9999.000 -9999.000 -9999.000 -9999.000 -9999.000 -9999.000 -9999.000 -9999.000 -9999.000 -9999.000 -9999.000 -9999.000 -9999.000 -9999.000 -9999.000 -9999.000 134.648 134.659 134.662 134.666 134.672 134.679 134.686 134.695 134.705 134.716 134.728 134.741 134.755 134.771 134.787 134.805 134.823 134.843 134.863 134.885 134.907 134.930 134.954 134.979 135.005 135.032 135.060 135.088 135.117 135.147 135.178 135.210 135.242 135.275 135.309 135.343 135.378 135.414 135.450 135.487 135.525 135.563 135.602
