LISFLOOD/results/run12.inittm
ncols         413
nrows         307
xllcorner     341179.518085
yllcorner     4516729.658735
cellsize      10.000000
NODATA_value  -9999.000000
[rows 261 to 289 of 307, columns 260 to 324 of 413]
0.183 0.163 0.144 0.127 0.111 0.097 0.084 0.073 0.063 0.054 0.047 0.042 0.132 0.947 1.013 0.991 0.927 0.603 0.364 0.455 0.972 1.019 1.013 1.004 1.001 1.004 1.015 1.021 1.026 1.031 1.033 1.031 1.042 1.097 1.178 1.219 1.267 1.289 1.354 1.413 1.436 1.444 1.447 1.444 1.432 1.439 1.448 1.457 1.467 1.477 1.488 1.500 1.512 1.526 1.540 1.555 1.572 1.589 1.606 1.623 2.627 4.979 10.307 -9999.000 -9999.000
0.197 0.177 0.158 0.140 0.124 0.110 0.097 0.086 0.076 0.067 0.060 0.058 0.906 1.042 1.042 1.026 0.951 0.573 0.387 0.705 1.008 1.038 1.027 1.016 1.009 1.014 1.034 1.034 1.041 1.044 1.046 1.039 1.049 1.107 1.198 1.238 1.288 1.325 1.414 1.433 1.447 1.459 1.466 1.466 1.452 1.458 1.466 1.475 1.485 1.496 1.507 1.519 1.532 1.545 1.559 1.575 1.591 1.608 1.625 1.664 3.087 5.582 17.112 -9999.000 -9999.000
0.212 0.191 0.172 0.155 0.139 0.124 0.112 0.100 0.090 0.082 0.076 0.094 0.962 1.077 1.058 1.068 0.978 0.562 0.411 0.914 1.032 1.066 1.041 1.025 1.017 1.030 1.059 1.053 1.056 1.057 1.060 1.054 1.058 1.123 1.221 1.283 1.334 1.413 1.523 1.479 1.469 1.478 1.482 1.483 1.473 1.478 1.485 1.494 1.503 1.514 1.526 1.538 1.551 1.564 1.579 1.594 1.611 1.628 1.643 1.869 3.709 6.198 -9999.000 -9999.000 -9999.000
0.228 0.208 0.188 0.171 0.155 0.140 0.128 0.116 0.106 0.098 0.093 0.542 1.086 1.198 1.078 1.111 1.006 0.585 0.435 0.931 1.062 1.099 1.058 1.032 1.027 1.049 1.072 1.071 1.071 1.071 1.072 1.067 1.066 1.134 1.255 1.351 1.389 1.455 1.542 1.518 1.501 1.505 1.501 1.500 1.494 1.498 1.505 1.513 1.523 1.533 1.544 1.557 1.571 1.584 1.599 1.615 1.631 1.648 1.662 2.189 4.403 6.967 -9999.000 -9999.000 -9999.000
0.246 0.226 0.207 0.189 0.173 0.158 0.146 0.134 0.124 0.117 0.121 0.968 1.297 1.297 1.101 1.148 1.028 0.641 0.459 0.943 1.078 1.167 1.084 1.040 1.040 1.076 1.090 1.089 1.089 1.086 1.083 1.077 1.074 1.148 1.289 1.375 1.416 1.486 1.551 1.561 1.554 1.543 1.522 1.518 1.514 1.519 1.525 1.533 1.543 1.553 1.564 1.577 1.591 1.604 1.621 1.636 1.652 1.668 1.686 2.645 5.064 8.363 -9999.000 -9999.000 -9999.000
0.266 0.245 0.226 0.209 0.193 0.178 0.166 0.154 0.145 0.138 0.172 1.082 1.377 1.329 1.122 1.176 1.046 0.606 0.484 0.953 1.123 1.226 1.117 1.051 1.058 1.094 1.106 1.108 1.108 1.103 1.098 1.093 1.091 1.171 1.312 1.397 1.441 1.518 1.561 1.593 1.600 1.594 1.546 1.539 1.535 1.540 1.546 1.553 1.563 1.573 1.584 1.597 1.611 1.624 1.641 1.656 1.672 1.688 1.733 3.274 5.761 11.187 -9999.000 -9999.000 -9999.000
0.287 0.267 0.248 0.230 0.214 0.200 0.187 0.177 0.168 0.162 0.348 1.231 1.511 1.364 1.142 1.168 1.062 0.563 0.511 0.964 1.184 1.255 1.136 1.063 1.076 1.118 1.123 1.127 1.126 1.119 1.115 1.110 1.112 1.187 1.334 1.423 1.470 1.549 1.589 1.610 1.624 1.627 1.577 1.561 1.559 1.562 1.568 1.576 1.584 1.594 1.606 1.619 1.632 1.646 1.662 1.677 1.693 1.711 2.036 4.074 6.579 19.104 -9999.000 -9999.000 -9999.000
0.310 0.290 0.271 0.253 0.238 0.224 0.212 0.201 0.193 0.189 0.941 1.420 1.529 1.408 1.192 1.196 1.081 0.584 0.537 0.976 1.209 1.289 1.155 1.074 1.097 1.138 1.142 1.144 1.142 1.133 1.126 1.126 1.125 1.190 1.358 1.449 1.502 1.577 1.613 1.628 1.641 1.646 1.614 1.583 1.584 1.586 1.591 1.598 1.607 1.617 1.628 1.641 1.654 1.668 1.683 1.699 1.714 1.739 2.602 5.004 8.022 -9999.000 -9999.000 -9999.000 -9999.000
0.334 0.313 0.295 0.278 0.263 0.249 0.238 0.228 0.221 0.223 1.026 1.534 1.525 1.443 1.280 1.277 1.120 0.625 0.567 0.989 1.240 1.351 1.175 1.086 1.119 1.169 1.186 1.164 1.161 1.154 1.138 1.139 1.139 1.188 1.382 1.475 1.533 1.613 1.635 1.646 1.659 1.661 1.634 1.607 1.608 1.611 1.616 1.622 1.631 1.641 1.652 1.664 1.677 1.691 1.706 1.722 1.735 1.882 3.383 5.931 11.058 -9999.000 -9999.000 -9999.000 -9999.000
0.361 0.340 0.322 0.305 0.290 0.277 0.265 0.256 0.252 0.290 1.183 1.520 1.501 1.458 1.332 1.363 1.159 0.689 0.602 1.007 1.311 1.388 1.178 1.098 1.154 1.211 1.209 1.193 1.186 1.176 1.152 1.159 1.159 1.218 1.407 1.512 1.622 1.809 1.663 1.669 1.677 1.676 1.655 1.633 1.634 1.636 1.641 1.647 1.656 1.665 1.676 1.688 1.701 1.714 1.728 1.743 1.759 2.284 4.364 6.864 20.202 -9999.000 -9999.000 -9999.000 -9999.000
0.389 0.369 0.351 0.334 0.319 0.307 0.296 0.287 0.283 0.639 1.473 1.569 1.541 1.522 1.488 1.512 1.193 0.767 0.643 1.018 1.333 1.408 1.167 1.113 1.207 1.262 1.235 1.215 1.201 1.185 1.165 1.176 1.181 1.252 1.456 1.589 1.696 1.854 1.702 1.697 1.694 1.691 1.676 1.662 1.661 1.662 1.666 1.672 1.680 1.689 1.700 1.712 1.725 1.738 1.752 1.766 1.806 2.893 5.458 8.079 -9999.000 -9999.000 -9999.000 -9999.000 -9999.000
0.419 0.399 0.381 0.365 0.351 0.338 0.328 0.321 0.318 1.052 1.672 1.652 1.610 1.591 1.616 1.614 1.250 0.866 0.686 1.021 1.354 1.368 1.163 1.127 1.246 1.304 1.265 1.239 1.216 1.193 1.182 1.201 1.212 1.284 1.517 1.676 1.739 1.854 1.772 1.748 1.713 1.709 1.697 1.692 1.691 1.691 1.694 1.700 1.707 1.716 1.726 1.738 1.751 1.763 1.777 1.791 2.069 3.710 6.217 9.999 -9999.000 -9999.000 -9999.000 -9999.000 -9999.000
0.451 0.432 0.414 0.398 0.384 0.372 0.363 0.357 0.362 1.209 1.972 1.939 1.644 1.627 1.659 1.654 1.351 1.003 0.726 1.010 1.373 1.402 1.202 1.148 1.273 1.459 1.374 1.267 1.231 1.204 1.195 1.217 1.232 1.311 1.554 1.721 1.788 1.836 1.859 1.839 1.736 1.730 1.719 1.718 1.718 1.720 1.723 1.728 1.734 1.743 1.753 1.764 1.776 1.789 1.801 1.823 2.589 4.741 6.694 14.362 -9999.000 -9999.000 -9999.000 -9999.000 -9999.000
0.486 0.466 0.449 0.433 0.420 0.409 0.401 0.395 0.446 1.476 2.106 2.046 1.680 1.662 1.703 1.810 1.528 1.094 0.767 0.922 1.311 1.302 1.239 1.170 1.298 1.498 1.408 1.296 1.244 1.215 1.211 1.238 1.254 1.356 1.611 1.765 1.801 1.835 1.872 1.868 1.767 1.751 1.744 1.744 1.744 1.747 1.750 1.756 1.762 1.771 1.780 1.791 1.803 1.814 1.823 1.979 3.324 5.694 7.291 -9999.000 -9999.000 -9999.000 -9999.000 -9999.000 -9999.000
0.519 0.501 0.486 0.471 0.458 0.448 0.440 0.435 0.809 1.852 2.165 2.081 1.709 1.696 1.899 2.056 1.739 1.209 0.825 0.868 1.224 1.284 1.268 1.195 1.320 1.544 1.446 1.322 1.257 1.226 1.231 1.261 1.280 1.436 1.662 1.807 1.819 1.911 1.916 1.889 1.792 1.773 1.771 1.771 1.772 1.774 1.778 1.783 1.789 1.797 1.808 1.818 1.829 1.839 1.846 2.355 4.236 6.344 8.768 -9999.000 -9999.000 -9999.000 -9999.000 -9999.000 -9999.000
0.557 0.539 0.523 0.508 0.496 0.486 0.479 0.475 1.132 2.240 2.323 1.973 1.737 1.730 1.954 2.090 1.960 1.403 0.968 0.899 1.120 1.299 1.377 1.239 1.344 1.611 1.477 1.348 1.266 1.238 1.251 1.284 1.306 1.499 1.706 1.762 1.794 2.082 1.954 1.917 1.816 1.798 1.797 1.797 1.798 1.801 1.804 1.810 1.817 1.824 1.835 1.845 1.855 1.863 1.872 2.983 5.237 6.752 12.552 -9999.000 -9999.000 -9999.000 -9999.000 -9999.000 -9999.000
0.597 0.579 0.564 0.550 0.538 0.529 0.523 0.530 1.366 2.697 2.665 2.005 1.767 1.764 1.998 2.111 2.087 1.666 1.108 0.938 1.044 1.313 1.312 1.286 1.399 1.659 1.494 1.369 1.276 1.249 1.271 1.308 1.347 1.533 1.751 1.785 1.917 1.977 1.977 1.914 1.839 1.828 1.826 1.826 1.827 1.829 1.833 1.839 1.845 1.852 1.862 1.872 1.881 1.887 2.040 3.828 6.083 7.297 22.967 -9999.000 -9999.000 -9999.000 -9999.000 -9999.000 -9999.000
0.638 0.622 0.607 0.593 0.582 0.573 0.568 0.640 1.811 3.013 2.946 2.048 1.798 1.799 2.002 2.143 2.143 1.953 1.293 0.997 1.027 1.221 1.332 1.321 1.473 1.694 1.521 1.387 1.287 1.262 1.297 1.338 1.404 1.565 1.778 1.832 2.599 2.025 1.999 1.902 1.863 1.859 1.857 1.856 1.857 1.859 1.863 1.868 1.874 1.881 1.890 1.899 1.907 1.914 2.625 4.841 6.538 8.802 -9999.000 -9999.000 -9999.000 -9999.000 -9999.000 -9999.000 -9999.000
0.682 0.666 0.651 0.638 0.627 0.619 0.614 1.176 2.621 3.328 3.193 2.172 1.833 1.824 1.954 2.207 2.208 2.199 1.586 1.111 1.053 1.103 1.350 1.365 1.559 1.723 1.563 1.408 1.299 1.274 1.319 1.378 1.474 1.598 1.744 1.968 4.285 2.158 2.026 1.918 1.890 1.888 1.888 1.887 1.888 1.890 1.893 1.898 1.904 1.911 1.918 1.926 1.931 2.002 3.509 5.883 7.164 13.841 -9999.000 -9999.000 -9999.000 -9999.000 -9999.000 -9999.000 -9999.000
0.728 0.712 0.697 0.684 0.674 0.667 0.676 1.538 3.742 4.186 3.362 2.343 1.872 1.847 1.880 2.241 2.266 2.341 1.996 1.350 1.088 1.102 1.297 1.463 1.703 1.816 1.617 1.429 1.312 1.292 1.346 1.412 1.518 1.618 1.774 2.261 2.599 2.394 2.055 1.944 1.922 1.919 1.918 1.918 1.919 1.922 1.923 1.928 1.933 1.939 1.948 1.953 1.956 2.481 4.672 6.689 8.867 -9999.000 -9999.000 -9999.000 -9999.000 -9999.000 -9999.000 -9999.000 -9999.000
0.776 0.759 0.746 0.733 0.724 0.717 0.856 2.139 4.186 4.179 3.243 2.401 1.919 1.872 1.902 2.064 2.310 2.383 2.322 1.726 1.219 1.118 1.167 1.498 1.767 2.054 1.677 1.445 1.323 1.315 1.369 1.439 1.549 1.646 1.872 2.743 2.702 2.506 2.008 1.970 1.955 1.952 1.951 1.951 1.952 1.952 1.954 1.959 1.963 1.968 1.975 1.978 2.003 3.236 5.891 7.138 11.977 -9999.000 -9999.000 -9999.000 -9999.000 -9999.000 -9999.000 -9999.000 -9999.000
0.822 0.806 0.792 0.784 0.776 0.770 1.307 3.262 4.137 4.023 3.250 2.512 1.972 1.899 1.929 1.954 2.358 2.604 2.623 2.090 1.509 1.153 1.167 1.342 1.776 1.866 1.712 1.426 1.336 1.344 1.388 1.463 1.575 1.693 2.127 3.046 2.784 2.303 2.024 1.997 1.989 1.986 1.983 1.983 1.984 1.984 1.986 1.989 1.994 1.997 2.002 2.003 2.294 4.186 6.764 7.840 19.078 -9999.000 -9999.000 -9999.000 -9999.000 -9999.000 -9999.000 -9999.000 -9999.000
0.872 0.857 0.843 0.834 0.826 0.821 1.622 4.187 4.889 4.226 3.275 2.574 2.036 1.959 1.952 1.968 2.399 2.667 2.672 2.486 1.906 1.375 1.183 1.216 1.511 1.788 1.755 1.446 1.358 1.375 1.403 1.453 1.591 1.780 2.504 2.580 2.592 2.100 2.050 2.027 2.022 2.020 2.018 2.018 2.018 2.017 2.018 2.021 2.023 2.026 2.029 2.042 2.949 5.365 7.123 9.936 -9999.000 -9999.000 -9999.000 -9999.000 -9999.000 -9999.000 -9999.000 -9999.000 -9999.000
0.924 0.909 0.897 0.889 0.881 0.926 2.176 4.769 4.808 4.189 3.130 2.639 2.083 1.994 1.974 1.984 2.307 2.713 2.724 2.964 2.266 1.774 1.239 1.228 1.284 1.694 1.677 1.510 1.391 1.400 1.416 1.459 1.627 1.959 2.939 2.702 2.608 2.105 2.077 2.061 2.055 2.053 2.052 2.051 2.051 2.051 2.051 2.052 2.054 2.055 2.056 2.213 3.807 6.608 7.489 14.447 -9999.000 -9999.000 -9999.000 -9999.000 -9999.000 -9999.000 -9999.000 -9999.000 -9999.000
0.978 0.963 0.952 0.944 0.938 1.222 2.999 4.705 4.596 3.788 3.082 2.610 2.077 2.029 1.998 2.002 2.203 2.622 2.774 3.272 2.712 2.109 1.551 1.258 1.271 1.534 1.619 1.597 1.471 1.421 1.430 1.490 1.684 2.241 2.889 2.837 2.585 2.130 2.105 2.095 2.089 2.087 2.085 2.084 2.082 2.082 2.082 2.084 2.084 2.084 2.089 2.805 4.806 7.216 9.213 -9999.000 -9999.000 -9999.000 -9999.000 -9999.000 -9999.000 -9999.000 -9999.000 -9999.000 -9999.000
1.033 1.020 1.009 1.002 0.997 1.579 3.977 4.989 4.696 3.510 3.117 2.624 2.118 2.086 2.026 2.021 2.205 2.657 2.811 3.150 3.014 2.392 1.925 1.413 1.286 1.377 1.640 1.646 1.568 1.446 1.447 1.521 1.731 2.382 2.467 2.504 2.360 2.154 2.138 2.129 2.123 2.120 2.119 2.118 2.114 2.113 2.113 2.114 2.113 2.112 2.155 3.538 6.056 7.549 14.982 -9999.000 -9999.000 -9999.000 -9999.000 -9999.000 -9999.000 -9999.000 -9999.000 -9999.000 -9999.000
1.091 1.079 1.069 1.062 1.077 2.094 4.646 5.038 4.775 3.667 3.182 2.664 2.170 2.157 2.056 2.041 2.269 2.709 2.752 3.154 3.146 2.771 2.199 1.624 1.306 1.334 1.661 1.678 1.661 1.491 1.471 1.552 1.761 2.498 2.508 2.479 2.129 2.130 2.166 2.161 2.156 2.154 2.153 2.150 2.145 2.144 2.144 2.144 2.143 2.142 2.544 4.401 6.974 9.058 -9999.000 -9999.000 -9999.000 -9999.000 -9999.000 -9999.000 -9999.000 -9999.000 -9999.000 -9999.000 -9999.000
1.149 1.138 1.129 1.123 1.292 2.908 4.529 4.904 4.820 3.733 3.223 2.701 2.214 2.146 2.078 2.060 2.288 2.686 2.732 3.054 3.266 3.341 2.518 1.843 1.328 1.342 1.682 1.721 1.750 1.522 1.496 1.593 1.809 1.853 1.882 1.897 1.949 2.036 2.135 2.191 2.190 2.188 2.186 2.181 2.177 2.176 2.176 2.174 2.173 2.173 3.184 5.487 7.577 12.009 -9999.000 -9999.000 -9999.000 -9999.000 -9999.000 -9999.000 -9999.000 -9999.000 -9999.000 -9999.000 -9999.000
1.205 1.194 1.187 1.182 1.663 3.957 4.402 4.329 4.349 3.814 3.268 2.743 2.264 2.143 2.114 2.089 2.162 2.475 2.526 2.907 3.284 3.518 2.849 2.009 1.353 1.358 1.621 1.776 1.777 1.542 1.529 1.705 1.918 1.907 1.897 1.912 1.969 2.041 2.132 2.214 2.224 2.223 2.219 2.214 2.210 2.208 2.207 2.206 2.204 2.236 3.991 6.663 8.522 22.084 -9999.000 -9999.000 -9999.000 -9999.000 -9999.000 -9999.000 -9999.000 -9999.000 -9999.000 -9999.000 -9999.000
