LISFLOOD/results/run10.inittm
ncols         413
nrows         307
xllcorner     341179.518085
yllcorner     4516729.658735
cellsize      10.000000
NODATA_value  -9999.000000
[rows 116 to 144 of 307, columns 325 to 389 of 413]
0.251 0.249 0.001 0.246 0.245 0.244 0.246 0.248 0.250 0.253 0.254 0.256 0.258 0.261 0.265 0.269 0.274 0.281 0.287 0.294 0.303 0.311 0.321 0.331 0.370 0.499 0.609 0.714 1.031 1.302 1.296 1.314 1.294 1.301 1.315 1.322 1.343 1.352 1.358 1.352 1.313 1.302 1.297 1.297 1.296 1.298 1.298 1.301 1.302 1.304 1.306 1.306 1.318 2.207 3.451 3.422 3.619 5.906 8.038 10.333 22.732 -9999.000 -9999.000 -9999.000 -9999.000
0.254 0.001 0.001 0.249 0.248 0.249 0.251 0.253 0.255 0.257 0.258 0.260 0.262 0.266 0.269 0.274 0.280 0.286 0.293 0.301 0.309 0.318 0.327 0.337 0.374 0.512 0.634 0.772 1.138 1.298 1.337 1.433 1.371 1.333 1.355 1.344 1.367 1.363 1.366 1.366 1.339 1.334 1.329 1.328 1.327 1.328 1.328 1.331 1.331 1.333 1.334 1.334 1.393 2.514 3.478 3.426 4.125 6.971 9.127 13.385 -9999.000 -9999.000 -9999.000 -9999.000 -9999.000
0.258 0.001 0.255 0.253 0.252 0.253 0.255 0.257 0.260 0.262 0.263 0.264 0.267 0.270 0.274 0.279 0.285 0.292 0.298 0.306 0.315 0.324 0.333 0.344 0.373 0.522 0.653 0.840 1.237 1.338 1.353 1.380 1.402 1.365 1.387 1.445 1.482 1.377 1.376 1.382 1.369 1.364 1.362 1.360 1.359 1.359 1.359 1.361 1.361 1.362 1.362 1.363 1.603 2.811 3.391 3.410 4.957 7.536 10.148 23.051 -9999.000 -9999.000 -9999.000 -9999.000 -9999.000
0.001 0.001 0.257 0.256 0.256 0.257 0.261 0.264 0.266 0.268 0.268 0.269 0.271 0.275 0.279 0.284 0.291 0.297 0.304 0.312 0.321 0.330 0.340 0.350 0.374 0.531 0.676 0.944 1.353 1.361 1.368 1.386 1.406 1.398 1.435 1.544 1.538 1.392 1.389 1.396 1.397 1.396 1.393 1.392 1.391 1.390 1.390 1.390 1.391 1.391 1.391 1.392 1.832 3.034 3.295 3.748 6.087 8.062 11.534 -9999.000 -9999.000 -9999.000 -9999.000 -9999.000 -9999.000
0.001 0.263 0.259 0.260 0.261 0.265 0.269 0.269 0.272 0.277 0.274 0.274 0.277 0.280 0.285 0.290 0.296 0.303 0.311 0.319 0.328 0.337 0.347 0.357 0.374 0.522 0.708 1.069 1.396 1.382 1.391 1.399 1.417 1.421 1.519 1.544 1.554 1.412 1.406 1.411 1.416 1.419 1.420 1.422 1.421 1.421 1.421 1.421 1.421 1.421 1.421 1.433 2.123 3.179 3.217 4.351 6.831 8.939 19.236 -9999.000 -9999.000 -9999.000 -9999.000 -9999.000 -9999.000
0.001 0.264 0.263 0.264 0.267 0.271 0.273 0.275 0.280 0.282 0.280 0.279 0.282 0.286 0.291 0.297 0.303 0.309 0.317 0.326 0.334 0.344 0.354 0.364 0.377 0.489 0.744 1.176 1.418 1.416 1.443 1.416 1.431 1.507 1.586 1.579 1.573 1.441 1.426 1.428 1.434 1.439 1.443 1.447 1.448 1.450 1.451 1.451 1.451 1.451 1.450 1.488 2.365 3.171 3.257 5.246 7.642 10.767 -9999.000 -9999.000 -9999.000 -9999.000 -9999.000 -9999.000 -9999.000
0.272 0.267 0.267 0.269 0.272 0.276 0.278 0.282 0.293 0.288 0.286 0.286 0.288 0.292 0.297 0.303 0.309 0.316 0.324 0.332 0.341 0.351 0.362 0.372 0.383 0.456 0.786 1.277 1.437 1.443 1.462 1.461 1.459 1.649 1.681 1.631 1.594 1.471 1.447 1.449 1.453 1.459 1.464 1.469 1.473 1.477 1.478 1.478 1.480 1.480 1.479 1.606 2.556 3.166 3.845 6.474 8.492 17.054 -9999.000 -9999.000 -9999.000 -9999.000 -9999.000 -9999.000 -9999.000
0.273 0.274 0.274 0.275 0.277 0.281 0.288 0.296 0.299 0.294 0.293 0.292 0.295 0.299 0.304 0.309 0.316 0.323 0.333 0.344 0.351 0.359 0.368 0.379 0.389 0.432 0.839 1.334 1.457 1.463 1.479 1.487 1.484 1.671 1.699 1.700 1.617 1.492 1.469 1.471 1.475 1.480 1.486 1.492 1.497 1.502 1.504 1.506 1.508 1.507 1.509 1.844 2.834 3.357 5.137 7.466 10.181 -9999.000 -9999.000 -9999.000 -9999.000 -9999.000 -9999.000 -9999.000 -9999.000
0.278 0.279 0.280 0.280 0.284 0.289 0.296 0.308 0.307 0.312 0.306 0.299 0.302 0.306 0.311 0.317 0.323 0.331 0.359 0.382 0.374 0.369 0.378 0.387 0.398 0.426 0.866 1.357 1.471 1.479 1.495 1.502 1.504 1.647 1.677 1.693 1.643 1.503 1.492 1.494 1.497 1.503 1.508 1.515 1.521 1.527 1.531 1.533 1.536 1.536 1.544 2.192 3.150 3.976 6.547 8.288 15.969 -9999.000 -9999.000 -9999.000 -9999.000 -9999.000 -9999.000 -9999.000 -9999.000
0.282 0.283 0.284 0.286 0.294 0.302 0.309 0.315 0.315 0.318 0.313 0.307 0.309 0.313 0.318 0.324 0.331 0.346 0.401 0.426 0.427 0.389 0.389 0.398 0.408 0.426 0.880 1.378 1.479 1.491 1.509 1.518 1.539 1.614 1.638 1.654 1.562 1.467 1.475 1.485 1.499 1.513 1.525 1.536 1.543 1.552 1.556 1.559 1.562 1.567 1.676 2.685 3.644 5.448 7.517 9.842 -9999.000 -9999.000 -9999.000 -9999.000 -9999.000 -9999.000 -9999.000 -9999.000 -9999.000
0.285 0.287 0.288 0.292 0.302 0.309 0.316 0.321 0.322 0.325 0.321 0.315 0.318 0.322 0.327 0.333 0.339 0.369 0.441 0.487 0.483 0.426 0.403 0.411 0.418 0.437 0.870 1.391 1.469 1.489 1.523 1.548 1.632 1.638 1.653 1.660 1.446 1.419 1.438 1.448 1.464 1.481 1.498 1.518 1.538 1.557 1.572 1.582 1.587 1.641 2.154 3.279 4.961 6.943 8.274 15.119 -9999.000 -9999.000 -9999.000 -9999.000 -9999.000 -9999.000 -9999.000 -9999.000 -9999.000
0.289 0.291 0.295 0.303 0.308 0.312 0.317 0.322 0.326 0.329 0.329 0.324 0.326 0.331 0.335 0.341 0.351 0.399 0.496 0.565 0.557 0.482 0.424 0.423 0.429 0.448 0.809 1.369 1.441 1.460 1.516 1.592 1.667 1.663 1.672 1.672 1.374 1.380 1.391 1.405 1.430 1.448 1.466 1.487 1.508 1.529 1.548 1.569 1.596 1.842 2.776 3.826 5.832 7.461 9.640 -9999.000 -9999.000 -9999.000 -9999.000 -9999.000 -9999.000 -9999.000 -9999.000 -9999.000 -9999.000
0.293 0.296 0.306 0.311 0.318 0.318 0.322 0.326 0.329 0.332 0.336 0.333 0.336 0.339 0.344 0.350 0.366 0.434 0.557 0.593 0.596 0.534 0.456 0.437 0.441 0.458 0.732 1.254 1.428 1.463 1.522 1.616 1.637 1.659 1.673 1.643 1.334 1.342 1.355 1.371 1.389 1.408 1.429 1.458 1.479 1.501 1.521 1.544 1.595 2.203 3.503 5.371 6.260 7.918 12.249 -9999.000 -9999.000 -9999.000 -9999.000 -9999.000 -9999.000 -9999.000 -9999.000 -9999.000 -9999.000
0.298 0.306 0.317 0.319 0.324 0.329 0.328 0.331 0.333 0.336 0.340 0.343 0.346 0.349 0.354 0.359 0.381 0.482 0.593 0.603 0.613 0.561 0.493 0.454 0.454 0.468 0.642 1.098 1.441 1.481 1.559 1.636 1.650 1.666 1.676 1.339 1.297 1.306 1.322 1.338 1.358 1.379 1.401 1.423 1.446 1.475 1.495 1.521 1.736 2.781 4.221 6.269 7.427 8.183 18.697 -9999.000 -9999.000 -9999.000 -9999.000 -9999.000 -9999.000 -9999.000 -9999.000 -9999.000 -9999.000
0.307 0.316 0.322 0.326 0.331 0.339 0.334 0.335 0.337 0.340 0.344 0.349 0.353 0.358 0.363 0.368 0.409 0.532 0.603 0.616 0.626 0.619 0.523 0.472 0.469 0.480 0.559 0.996 1.481 1.513 1.599 1.622 1.645 1.663 1.673 1.253 1.252 1.266 1.291 1.308 1.329 1.351 1.374 1.397 1.421 1.443 1.467 1.505 2.111 3.425 5.252 6.917 8.226 13.133 -9999.000 -9999.000 -9999.000 -9999.000 -9999.000 -9999.000 -9999.000 -9999.000 -9999.000 -9999.000 -9999.000
0.315 0.324 0.332 0.337 0.338 0.343 0.341 0.340 0.341 0.345 0.350 0.354 0.359 0.365 0.371 0.378 0.462 0.596 0.649 0.659 0.672 0.681 0.552 0.489 0.486 0.492 0.524 0.918 1.526 1.557 1.626 1.638 1.657 1.668 1.472 1.206 1.218 1.234 1.252 1.273 1.302 1.324 1.348 1.372 1.397 1.420 1.446 1.626 2.637 4.182 6.208 7.536 10.351 -9999.000 -9999.000 -9999.000 -9999.000 -9999.000 -9999.000 -9999.000 -9999.000 -9999.000 -9999.000 -9999.000 -9999.000
0.321 0.331 0.339 0.343 0.344 0.348 0.348 0.346 0.347 0.351 0.356 0.361 0.366 0.372 0.379 0.398 0.529 0.671 0.696 0.707 0.709 0.723 0.632 0.506 0.502 0.506 0.524 0.839 1.547 1.591 1.627 1.649 1.666 1.673 1.194 1.170 1.185 1.203 1.224 1.246 1.270 1.294 1.325 1.349 1.374 1.399 1.426 1.900 3.197 5.340 6.919 8.331 -9999.000 -9999.000 -9999.000 -9999.000 -9999.000 -9999.000 -9999.000 -9999.000 -9999.000 -9999.000 -9999.000 -9999.000 -9999.000
0.332 0.338 0.346 0.349 0.351 0.353 0.354 0.353 0.354 0.358 0.362 0.367 0.373 0.379 0.388 0.448 0.598 0.719 0.731 0.743 0.755 0.767 0.709 0.531 0.519 0.520 0.537 0.776 1.515 1.621 1.647 1.673 1.679 1.500 1.126 1.137 1.154 1.174 1.197 1.221 1.246 1.272 1.298 1.323 1.353 1.379 1.439 2.424 4.103 6.241 7.562 10.950 -9999.000 -9999.000 -9999.000 -9999.000 -9999.000 -9999.000 -9999.000 -9999.000 -9999.000 -9999.000 -9999.000 -9999.000 -9999.000
0.344 0.348 0.351 0.354 0.356 0.358 0.359 0.361 0.362 0.365 0.369 0.374 0.381 0.387 0.403 0.526 0.659 0.732 0.743 0.753 0.764 0.777 0.782 0.581 0.535 0.537 0.554 0.712 1.312 1.665 1.688 1.705 1.693 1.112 1.084 1.100 1.126 1.147 1.171 1.197 1.223 1.251 1.277 1.303 1.329 1.356 1.713 3.174 5.405 7.034 8.592 -9999.000 -9999.000 -9999.000 -9999.000 -9999.000 -9999.000 -9999.000 -9999.000 -9999.000 -9999.000 -9999.000 -9999.000 -9999.000 -9999.000
0.356 0.355 0.357 0.359 0.361 0.362 0.364 0.367 0.369 0.373 0.377 0.383 0.389 0.396 0.457 0.619 0.693 0.723 0.734 0.747 0.762 0.782 0.799 0.660 0.553 0.555 0.568 0.693 1.194 1.776 1.774 1.744 1.348 1.038 1.053 1.072 1.093 1.117 1.148 1.176 1.203 1.231 1.259 1.286 1.312 1.348 2.273 4.354 6.595 7.676 11.636 -9999.000 -9999.000 -9999.000 -9999.000 -9999.000 -9999.000 -9999.000 -9999.000 -9999.000 -9999.000 -9999.000 -9999.000 -9999.000 -9999.000
0.359 0.361 0.362 0.363 0.365 0.367 0.369 0.373 0.377 0.381 0.385 0.391 0.397 0.413 0.560 0.711 0.753 0.758 0.752 0.761 0.773 0.790 0.804 0.730 0.572 0.574 0.583 0.643 1.182 1.926 1.895 1.745 1.007 0.999 1.024 1.045 1.068 1.094 1.122 1.150 1.185 1.214 1.242 1.269 1.302 1.786 3.273 5.548 7.114 8.601 -9999.000 -9999.000 -9999.000 -9999.000 -9999.000 -9999.000 -9999.000 -9999.000 -9999.000 -9999.000 -9999.000 -9999.000 -9999.000 -9999.000 -9999.000
0.363 0.365 0.367 0.368 0.370 0.372 0.375 0.379 0.383 0.387 0.392 0.398 0.408 0.498 0.686 0.800 0.843 0.859 0.796 0.776 0.784 0.797 0.808 0.793 0.594 0.592 0.598 0.621 1.148 2.074 1.939 1.099 0.950 0.969 0.991 1.014 1.046 1.074 1.104 1.134 1.164 1.194 1.228 1.255 1.587 2.865 4.675 6.218 7.681 13.395 -9999.000 -9999.000 -9999.000 -9999.000 -9999.000 -9999.000 -9999.000 -9999.000 -9999.000 -9999.000 -9999.000 -9999.000 -9999.000 -9999.000 -9999.000
0.366 0.369 0.371 0.373 0.374 0.377 0.380 0.384 0.388 0.393 0.399 0.407 0.461 0.644 0.793 0.852 0.871 0.887 0.902 0.816 0.798 0.807 0.816 0.827 0.629 0.611 0.616 0.632 1.119 1.886 1.478 0.897 0.916 0.939 0.966 0.993 1.022 1.058 1.089 1.120 1.152 1.183 1.212 1.258 2.220 4.041 5.668 6.987 9.426 -9999.000 -9999.000 -9999.000 -9999.000 -9999.000 -9999.000 -9999.000 -9999.000 -9999.000 -9999.000 -9999.000 -9999.000 -9999.000 -9999.000 -9999.000 -9999.000
0.369 0.372 0.374 0.377 0.379 0.382 0.386 0.389 0.394 0.400 0.412 0.439 0.580 0.791 0.884 0.900 0.917 0.933 0.948 0.964 0.829 0.819 0.828 0.842 0.706 0.629 0.633 0.648 1.024 1.309 1.024 0.861 0.884 0.912 0.942 0.973 1.005 1.037 1.069 1.109 1.141 1.172 1.201 1.703 3.185 5.479 6.523 8.093 -9999.000 -9999.000 -9999.000 -9999.000 -9999.000 -9999.000 -9999.000 -9999.000 -9999.000 -9999.000 -9999.000 -9999.000 -9999.000 -9999.000 -9999.000 -9999.000 -9999.000
0.372 0.374 0.377 0.379 0.383 0.387 0.391 0.395 0.400 0.409 0.443 0.537 0.744 0.923 0.952 0.968 0.986 1.004 1.023 1.048 1.019 0.834 0.845 0.915 0.797 0.649 0.654 0.664 0.857 0.927 0.811 0.827 0.855 0.886 0.921 0.956 0.992 1.027 1.062 1.096 1.134 1.164 1.272 2.397 4.049 6.401 7.397 12.306 -9999.000 -9999.000 -9999.000 -9999.000 -9999.000 -9999.000 -9999.000 -9999.000 -9999.000 -9999.000 -9999.000 -9999.000 -9999.000 -9999.000 -9999.000 -9999.000 -9999.000
0.374 0.377 0.379 0.383 0.387 0.391 0.395 0.401 0.410 0.440 0.515 0.690 0.908 1.000 1.018 1.034 1.049 1.064 1.071 1.121 1.135 0.853 0.861 1.037 0.849 0.671 0.676 0.681 0.703 0.727 0.754 0.786 0.821 0.867 0.907 0.947 0.984 1.021 1.057 1.092 1.124 1.158 1.936 3.132 4.678 7.007 9.114 -9999.000 -9999.000 -9999.000 -9999.000 -9999.000 -9999.000 -9999.000 -9999.000 -9999.000 -9999.000 -9999.000 -9999.000 -9999.000 -9999.000 -9999.000 -9999.000 -9999.000 -9999.000
0.377 0.380 0.383 0.387 0.391 0.395 0.400 0.411 0.443 0.503 0.647 0.863 0.987 1.007 1.023 1.038 1.055 1.072 1.087 1.114 1.139 0.876 0.875 1.061 0.866 0.694 0.696 0.699 0.719 0.741 0.764 0.792 0.823 0.858 0.896 0.934 0.981 1.019 1.055 1.089 1.126 1.566 2.907 3.791 5.621 7.891 18.902 -9999.000 -9999.000 -9999.000 -9999.000 -9999.000 -9999.000 -9999.000 -9999.000 -9999.000 -9999.000 -9999.000 -9999.000 -9999.000 -9999.000 -9999.000 -9999.000 -9999.000 -9999.000
0.380 0.383 0.387 0.391 0.394 0.399 0.407 0.441 0.506 0.648 0.829 0.971 0.993 1.014 1.031 1.048 1.068 1.093 1.112 1.123 1.323 0.909 0.889 1.098 0.844 0.716 0.717 0.719 0.737 0.759 0.781 0.806 0.834 0.866 0.900 0.937 0.973 1.010 1.054 1.087 1.401 2.702 3.624 4.692 6.973 10.022 -9999.000 -9999.000 -9999.000 -9999.000 -9999.000 -9999.000 -9999.000 -9999.000 -9999.000 -9999.000 -9999.000 -9999.000 -9999.000 -9999.000 -9999.000 -9999.000 -9999.000 -9999.000 -9999.000
0.384 0.387 0.391 0.394 0.399 0.405 0.432 0.517 0.643 0.860 0.966 1.002 1.019 1.039 1.058 1.072 1.086 1.116 1.135 1.138 1.197 1.019 0.905 1.129 0.789 0.739 0.739 0.743 0.757 0.776 0.800 0.823 0.849 0.878 0.910 0.944 0.979 1.014 1.048 1.217 2.305 3.606 4.835 6.412 8.348 -9999.000 -9999.000 -9999.000 -9999.000 -9999.000 -9999.000 -9999.000 -9999.000 -9999.000 -9999.000 -9999.000 -9999.000 -9999.000 -9999.000 -9999.000 -9999.000 -9999.000 -9999.000 -9999.000 -9999.000
