LISFLOOD/results/run1.mxe
ncols         413
nrows         307
xllcorner     341179.518085
yllcorner     4516729.658735
cellsize      10.000000
NODATA_value  -9999.000000
[rows 28 to 55 of 307, columns 252 to 314 of 413]
139.990 140.067 140.145 140.224 140.304 140.384 140.465 140.547 140.629 140.712 140.796 140.880 140.965 141.051 141.138 141.225 141.313 141.401 141.490 141.580 141.671 141.762 141.853 141.945 142.038 142.131 142.225 142.319 142.413 142.508 142.604 142.700 142.796 142.893 142.990 143.087 143.185 143.283 143.381 143.479 143.578 143.677 143.776 143.876 143.975 144.075 144.175 144.275 144.375 144.475 144.576 144.676 144.777 144.877 144.978 145.078 145.179 145.279 145.380 145.480 145.580 145.680 145.780
139.999 140.077 140.155 140.234 140.313 140.394 140.475 140.556 140.639 140.722 140.806 140.890 140.975 141.061 141.148 141.235 141.323 141.412 141.501 141.591 141.681 141.772 141.864 141.956 142.049 142.142 142.235 142.330 142.424 142.519 142.615 142.711 142.807 142.904 143.001 143.099 143.196 143.294 143.393 143.492 143.590 143.690 143.789 143.889 143.989 144.089 144.189 144.289 144.390 144.490 144.591 144.692 144.793 144.894 144.995 145.096 145.197 145.298 145.399 145.500 145.601 145.702 145.803
140.009 140.086 140.165 140.244 140.323 140.403 140.485 140.566 140.649 140.732 140.816 140.900 140.986 141.072 141.158 141.246 141.334 141.422 141.512 141.601 141.692 141.783 141.875 141.967 142.060 142.153 142.247 142.341 142.436 142.531 142.627 142.723 142.819 142.916 143.013 143.111 143.209 143.307 143.406 143.504 143.604 143.703 143.803 143.903 144.003 144.103 144.203 144.304 144.405 144.506 144.607 144.708 144.810 144.911 145.013 145.114 145.216 145.318 145.419 145.521 145.622 145.724 145.825
140.019 140.097 140.175 140.254 140.333 140.414 140.495 140.577 140.659 140.743 140.827 140.911 140.997 141.083 141.169 141.257 141.345 141.433 141.523 141.613 141.703 141.794 141.886 141.978 142.071 142.164 142.258 142.353 142.448 142.543 142.639 142.735 142.831 142.928 143.026 143.123 143.222 143.320 143.419 143.518 143.617 143.717 143.817 143.917 144.017 144.118 144.219 144.320 144.421 144.522 144.624 144.725 144.827 144.929 145.031 145.133 145.235 145.338 145.440 145.542 145.645 145.747 145.849
140.030 140.107 140.185 140.264 140.344 140.424 140.506 140.587 140.670 140.753 140.837 140.922 141.008 141.094 141.181 141.268 141.356 141.445 141.534 141.624 141.715 141.806 141.898 141.990 142.083 142.176 142.270 142.365 142.460 142.555 142.651 142.747 142.844 142.941 143.039 143.137 143.235 143.333 143.432 143.532 143.631 143.731 143.831 143.932 144.032 144.133 144.234 144.336 144.437 144.539 144.641 144.743 144.845 144.948 145.050 145.153 145.256 145.358 145.461 145.564 145.667 145.770 145.873
140.040 140.118 140.196 140.275 140.355 140.435 140.517 140.599 140.681 140.765 140.849 140.934 141.019 141.105 141.192 141.280 141.368 141.457 141.546 141.636 141.727 141.818 141.910 142.002 142.095 142.189 142.283 142.377 142.473 142.568 142.664 142.760 142.857 142.955 143.052 143.150 143.249 143.347 143.447 143.546 143.646 143.746 143.846 143.947 144.048 144.149 144.251 144.352 144.454 144.556 144.659 144.761 144.864 144.967 145.070 145.173 145.276 145.380 145.483 145.587 145.690 145.794 145.898
140.051 140.129 140.207 140.286 140.366 140.447 140.528 140.610 140.693 140.776 140.860 140.945 141.031 141.117 141.204 141.292 141.380 141.469 141.558 141.649 141.739 141.831 141.923 142.015 142.108 142.202 142.296 142.391 142.486 142.581 142.677 142.774 142.871 142.968 143.066 143.164 143.263 143.362 143.461 143.561 143.661 143.761 143.862 143.963 144.064 144.166 144.267 144.370 144.472 144.574 144.677 144.780 144.883 144.986 145.090 145.194 145.297 145.401 145.506 145.610 145.714 145.819 145.923
140.063 140.140 140.219 140.298 140.378 140.458 140.540 140.622 140.705 140.788 140.872 140.957 141.043 141.129 141.216 141.304 141.392 141.481 141.571 141.661 141.752 141.843 141.936 142.028 142.121 142.215 142.309 142.404 142.499 142.595 142.691 142.788 142.885 142.983 143.081 143.179 143.278 143.377 143.476 143.576 143.677 143.777 143.878 143.979 144.081 144.183 144.285 144.387 144.490 144.593 144.696 144.799 144.903 145.006 145.110 145.215 145.319 145.424 145.528 145.633 145.738 145.844 145.949
140.074 140.152 140.231 140.310 140.390 140.470 140.552 140.634 140.717 140.800 140.885 140.970 141.055 141.142 141.229 141.317 141.405 141.494 141.584 141.674 141.765 141.857 141.949 142.042 142.135 142.229 142.323 142.418 142.513 142.609 142.705 142.802 142.899 142.997 143.095 143.194 143.293 143.392 143.492 143.592 143.693 143.793 143.895 143.996 144.098 144.200 144.302 144.405 144.508 144.611 144.715 144.819 144.923 145.027 145.131 145.236 145.341 145.446 145.552 145.657 145.763 145.869 145.975
140.087 140.164 140.243 140.322 140.402 140.483 140.564 140.646 140.729 140.813 140.897 140.982 141.068 141.155 141.242 141.330 141.418 141.507 141.597 141.688 141.779 141.870 141.963 142.055 142.149 142.243 142.337 142.432 142.528 142.624 142.720 142.817 142.914 143.012 143.111 143.209 143.309 143.408 143.508 143.608 143.709 143.810 143.912 144.013 144.115 144.218 144.321 144.424 144.527 144.631 144.734 144.839 144.943 145.048 145.153 145.258 145.364 145.469 145.575 145.682 145.788 145.895 146.002
140.099 140.177 140.255 140.334 140.414 140.495 140.577 140.659 140.742 140.826 140.910 140.996 141.081 141.168 141.255 141.343 141.432 141.521 141.611 141.701 141.793 141.884 141.977 142.070 142.163 142.257 142.352 142.447 142.542 142.638 142.735 142.832 142.930 143.028 143.126 143.225 143.325 143.424 143.524 143.625 143.726 143.827 143.929 144.031 144.133 144.236 144.339 144.443 144.546 144.650 144.754 144.859 144.964 145.069 145.175 145.280 145.386 145.493 145.599 145.706 145.813 145.921 146.029
140.111 140.189 140.268 140.347 140.427 140.508 140.590 140.672 140.755 140.839 140.924 141.009 141.095 141.182 141.269 141.357 141.446 141.535 141.625 141.716 141.807 141.899 141.991 142.084 142.178 142.272 142.366 142.462 142.557 142.654 142.751 142.848 142.946 143.044 143.142 143.241 143.341 143.441 143.541 143.642 143.743 143.845 143.947 144.049 144.152 144.255 144.358 144.462 144.566 144.670 144.775 144.880 144.985 145.091 145.197 145.303 145.410 145.516 145.624 145.731 145.839 145.947 146.056
140.124 140.202 140.281 140.360 140.440 140.521 140.603 140.685 140.769 140.853 140.937 141.023 141.109 141.195 141.283 141.371 141.460 141.549 141.639 141.730 141.821 141.913 142.006 142.099 142.193 142.287 142.382 142.477 142.573 142.669 142.766 142.864 142.962 143.060 143.159 143.258 143.358 143.458 143.559 143.660 143.761 143.863 143.965 144.068 144.170 144.274 144.377 144.481 144.586 144.691 144.796 144.901 145.007 145.113 145.219 145.326 145.433 145.540 145.648 145.756 145.865 145.974 146.083
140.137 140.215 140.294 140.373 140.454 140.535 140.617 140.699 140.782 140.866 140.951 141.037 141.123 141.210 141.297 141.385 141.474 141.564 141.654 141.745 141.836 141.928 142.021 142.114 142.208 142.302 142.397 142.493 142.589 142.685 142.783 142.880 142.978 143.077 143.176 143.275 143.375 143.475 143.576 143.677 143.779 143.881 143.984 144.086 144.190 144.293 144.397 144.501 144.606 144.711 144.817 144.922 145.029 145.135 145.242 145.349 145.457 145.565 145.673 145.782 145.891 146.000 146.110
140.151 140.229 140.308 140.387 140.467 140.549 140.630 140.713 140.796 140.881 140.965 141.051 141.137 141.224 141.312 141.400 141.489 141.579 141.669 141.760 141.852 141.944 142.036 142.130 142.224 142.318 142.413 142.509 142.605 142.702 142.799 142.897 142.995 143.094 143.193 143.293 143.393 143.493 143.594 143.696 143.797 143.900 144.002 144.106 144.209 144.313 144.417 144.522 144.627 144.732 144.838 144.944 145.051 145.158 145.265 145.373 145.481 145.589 145.698 145.807 145.917 146.027 146.138
140.164 140.243 140.321 140.401 140.481 140.563 140.645 140.727 140.811 140.895 140.980 141.066 141.152 141.239 141.327 141.415 141.504 141.594 141.684 141.775 141.867 141.959 142.052 142.146 142.240 142.335 142.430 142.526 142.622 142.719 142.816 142.914 143.012 143.111 143.211 143.310 143.411 143.511 143.613 143.714 143.816 143.919 144.022 144.125 144.229 144.333 144.437 144.542 144.648 144.754 144.860 144.966 145.073 145.180 145.288 145.396 145.505 145.614 145.723 145.833 145.943 146.054 146.165
140.178 140.256 140.335 140.415 140.496 140.577 140.659 140.742 140.825 140.910 140.995 141.080 141.167 141.254 141.342 141.430 141.520 141.610 141.700 141.791 141.883 141.975 142.068 142.162 142.256 142.351 142.446 142.542 142.639 142.736 142.833 142.931 143.030 143.129 143.228 143.328 143.429 143.530 143.631 143.733 143.835 143.938 144.041 144.145 144.249 144.353 144.458 144.563 144.669 144.775 144.882 144.988 145.096 145.203 145.312 145.420 145.529 145.638 145.748 145.859 145.969 146.081 146.193
140.193 140.271 140.350 140.430 140.510 140.592 140.674 140.757 140.840 140.925 141.010 141.096 141.182 141.270 141.358 141.446 141.535 141.625 141.716 141.807 141.899 141.992 142.085 142.179 142.273 142.368 142.463 142.560 142.656 142.753 142.851 142.949 143.048 143.147 143.247 143.347 143.448 143.549 143.650 143.752 143.855 143.958 144.061 144.165 144.269 144.374 144.479 144.585 144.691 144.797 144.904 145.011 145.119 145.227 145.335 145.444 145.553 145.663 145.774 145.884 145.996 146.108 146.220
140.207 140.285 140.364 140.444 140.525 140.606 140.689 140.772 140.855 140.940 141.025 141.111 141.198 141.285 141.373 141.462 141.552 141.642 141.732 141.824 141.916 142.009 142.102 142.196 142.290 142.385 142.481 142.577 142.674 142.771 142.869 142.967 143.066 143.165 143.265 143.366 143.467 143.568 143.670 143.772 143.875 143.978 144.081 144.185 144.290 144.395 144.500 144.606 144.712 144.819 144.926 145.034 145.142 145.250 145.359 145.468 145.578 145.688 145.799 145.910 146.022 146.134 146.247
140.222 140.300 140.379 140.459 140.540 140.622 140.704 140.787 140.871 140.956 141.041 141.127 141.214 141.301 141.390 141.478 141.568 141.658 141.749 141.841 141.933 142.026 142.119 142.213 142.308 142.403 142.499 142.595 142.692 142.789 142.887 142.986 143.085 143.184 143.284 143.385 143.486 143.587 143.689 143.792 143.895 143.998 144.102 144.206 144.311 144.416 144.522 144.628 144.734 144.841 144.949 145.057 145.165 145.274 145.383 145.492 145.603 145.713 145.824 145.936 146.048 146.161 146.275
140.236 140.315 140.394 140.474 140.555 140.637 140.719 140.803 140.887 140.971 141.057 141.143 141.230 141.318 141.406 141.495 141.585 141.675 141.766 141.858 141.950 142.043 142.136 142.231 142.325 142.421 142.517 142.613 142.710 142.808 142.906 143.004 143.104 143.203 143.304 143.404 143.505 143.607 143.709 143.812 143.915 144.019 144.123 144.227 144.332 144.438 144.543 144.650 144.757 144.864 144.971 145.080 145.188 145.297 145.407 145.517 145.627 145.738 145.850 145.962 146.075 146.188 146.302
140.252 140.330 140.410 140.490 140.571 140.653 140.735 140.819 140.903 140.988 141.073 141.159 141.246 141.334 141.423 141.512 141.602 141.692 141.783 141.875 141.967 142.061 142.154 142.248 142.343 142.439 142.535 142.631 142.729 142.826 142.925 143.023 143.123 143.223 143.323 143.424 143.525 143.627 143.730 143.832 143.936 144.040 144.144 144.248 144.354 144.459 144.565 144.672 144.779 144.886 144.994 145.103 145.212 145.321 145.431 145.541 145.652 145.763 145.875 145.988 146.101 146.214 146.328
140.267 140.346 140.425 140.505 140.587 140.668 140.751 140.835 140.919 141.004 141.090 141.176 141.263 141.351 141.440 141.529 141.619 141.710 141.801 141.893 141.985 142.078 142.172 142.267 142.362 142.457 142.553 142.650 142.748 142.845 142.944 143.043 143.142 143.242 143.343 143.444 143.546 143.648 143.750 143.853 143.957 144.061 144.165 144.270 144.375 144.481 144.588 144.694 144.802 144.909 145.018 145.126 145.235 145.345 145.455 145.566 145.677 145.788 145.901 146.013 146.127 146.241 146.355
140.282 140.361 140.441 140.521 140.603 140.685 140.767 140.851 140.935 141.021 141.106 141.193 141.280 141.368 141.457 141.546 141.636 141.727 141.819 141.911 142.003 142.097 142.191 142.285 142.380 142.476 142.572 142.669 142.767 142.865 142.963 143.063 143.162 143.262 143.363 143.464 143.566 143.668 143.771 143.874 143.978 144.082 144.187 144.292 144.397 144.503 144.610 144.717 144.824 144.932 145.041 145.150 145.259 145.369 145.479 145.590 145.702 145.814 145.926 146.039 146.153 146.267 146.382
140.298 140.377 140.457 140.537 140.619 140.701 140.784 140.868 140.952 141.037 141.123 141.210 141.298 141.386 141.475 141.564 141.654 141.745 141.837 141.929 142.022 142.115 142.209 142.304 142.399 142.495 142.592 142.689 142.786 142.884 142.983 143.082 143.182 143.283 143.383 143.485 143.587 143.689 143.792 143.895 143.999 144.104 144.208 144.314 144.420 144.526 144.633 144.740 144.847 144.956 145.064 145.173 145.283 145.393 145.504 145.615 145.726 145.839 145.951 146.065 146.179 146.293 146.408
140.314 140.393 140.473 140.554 140.635 140.718 140.801 140.885 140.969 141.055 141.141 141.228 141.315 141.404 141.492 141.582 141.672 141.764 141.855 141.948 142.040 142.134 142.228 142.323 142.419 142.515 142.611 142.708 142.806 142.904 143.003 143.103 143.203 143.303 143.404 143.506 143.608 143.710 143.813 143.917 144.021 144.125 144.230 144.336 144.442 144.548 144.655 144.763 144.871 144.979 145.088 145.197 145.307 145.417 145.528 145.639 145.751 145.864 145.977 146.090 146.204 146.319 146.434
140.330 140.410 140.490 140.570 140.652 140.735 140.818 140.902 140.987 141.072 141.158 141.245 141.333 141.422 141.511 141.600 141.691 141.782 141.874 141.966 142.059 142.153 142.248 142.343 142.438 142.534 142.631 142.728 142.826 142.925 143.024 143.123 143.223 143.324 143.425 143.527 143.629 143.732 143.835 143.939 144.043 144.148 144.253 144.358 144.465 144.571 144.678 144.786 144.894 145.002 145.111 145.221 145.331 145.441 145.552 145.664 145.776 145.889 146.002 146.116 146.230 146.345 146.460
140.347 140.426 140.506 140.587 140.669 140.752 140.835 140.919 141.004 141.090 141.176 141.263 141.351 141.440 141.529 141.619 141.710 141.801 141.893 141.985 142.079 142.173 142.267 142.362 142.458 142.554 142.651 142.749 142.847 142.945 143.044 143.144 143.244 143.345 143.446 143.548 143.651 143.753 143.857 143.961 144.065 144.170 144.275 144.381 144.487 144.594 144.701 144.809 144.917 145.026 145.135 145.245 145.355 145.466 145.577 145.689 145.801 145.914 146.027 146.141 146.255 146.370 146.486
