LISFLOOD/results/run12.totaltm
ncols         413
nrows         307
xllcorner     341179.518085
yllcorner     4516729.658735
cellsize      10.000000
NODATA_value  -9999.000000
[rows 99 to 131 of 307, columns 225 to 299 of 413]
19.118 19.049 17.251 16.685 16.881 17.044 17.587 17.825 17.909 17.879 17.786 17.781 18.621 19.267 19.279 17.476 17.565 17.846 18.139 19.004 19.079 20.083 20.952 21.556 21.577 21.602 21.991 22.111 22.022 22.047 22.087 22.127 22.133 21.763 22.921 23.708 23.733 23.828 23.883 23.901 23.918 23.959 24.023 24.060 24.227 24.716 24.893 24.808 24.729 24.704 24.708 24.707 24.947 25.290 25.333 25.309 25.328 25.386 25.955 26.741 26.966 26.989 27.013 27.036 27.060 27.083 27.104 27.125 27.146 27.167 27.188 27.208 27.227 27.245 27.263
19.088 18.575 16.597 16.493 16.840 17.098 17.549 17.668 17.827 17.894 17.968 18.064 19.101 19.216 17.290 15.256 15.768 16.321 18.254 18.368 19.373 20.439 21.271 21.473 21.352 21.667 22.081 22.149 22.043 22.078 22.118 22.145 22.165 22.369 23.546 23.645 23.651 23.802 23.898 23.924 23.953 23.996 24.027 24.056 24.318 24.757 24.917 24.826 24.752 24.749 24.781 24.831 25.052 25.327 25.353 25.323 25.284 25.577 26.267 26.903 26.969 26.992 27.016 27.039 27.063 27.085 27.107 27.128 27.149 27.169 27.190 27.210 27.230 27.249 27.267
19.039 17.687 16.528 16.737 16.904 17.314 17.493 17.430 17.680 17.728 17.912 18.682 19.091 18.769 13.953 13.792 14.092 16.722 18.031 18.387 19.916 20.813 21.329 21.285 21.309 21.814 22.124 22.176 21.996 22.023 21.976 21.704 21.759 23.097 23.639 23.679 23.768 23.822 23.874 23.905 23.960 24.011 24.043 24.076 24.415 24.801 24.944 24.876 24.825 24.803 24.837 24.938 25.134 25.363 25.379 25.362 25.310 25.861 26.599 26.942 26.973 26.997 27.020 27.043 27.065 27.088 27.110 27.132 27.152 27.173 27.192 27.212 27.232 27.251 27.269
18.802 16.529 16.232 16.648 17.059 17.393 17.443 17.341 17.468 17.596 18.144 19.020 19.032 15.392 12.817 13.092 13.771 16.858 17.001 18.967 20.314 21.126 21.356 21.306 21.423 21.856 22.152 22.205 22.083 22.001 22.004 20.728 22.624 23.519 23.643 23.720 23.763 23.794 23.827 23.877 23.943 24.000 24.031 24.090 24.468 24.840 24.979 24.946 24.904 24.857 24.892 25.002 25.189 25.389 25.404 25.394 25.468 26.217 26.852 26.954 26.978 27.002 27.025 27.047 27.069 27.091 27.113 27.134 27.156 27.176 27.196 27.214 27.233 27.252 27.271
18.083 15.691 15.048 16.658 17.181 17.354 17.326 17.285 17.366 17.522 18.887 19.008 18.057 12.307 10.670 10.819 14.407 15.264 17.101 19.679 20.702 21.344 21.389 21.424 21.558 21.878 22.183 22.236 22.232 22.018 22.033 22.076 23.379 23.608 23.642 23.714 23.740 23.771 23.809 23.877 23.955 23.999 24.017 24.190 24.570 24.899 25.013 25.028 25.030 24.949 24.989 25.092 25.243 25.411 25.429 25.391 25.717 26.546 26.923 26.958 26.982 27.006 27.029 27.052 27.074 27.096 27.117 27.137 27.158 27.179 27.199 27.218 27.237 27.254 27.272
16.991 15.778 16.054 16.933 17.228 17.302 17.066 17.207 17.279 18.294 18.873 18.497 13.182 10.038 10.096 10.584 14.509 14.720 18.289 20.169 21.111 21.447 21.478 21.602 21.673 21.898 22.223 22.271 22.273 21.999 21.137 23.129 23.600 23.627 23.676 23.742 23.771 23.803 23.839 23.924 23.985 24.022 24.056 24.267 24.654 24.942 25.039 25.059 25.062 25.063 25.116 25.173 25.263 25.426 25.454 25.456 26.014 26.790 26.937 26.962 26.987 27.011 27.034 27.057 27.078 27.100 27.121 27.141 27.161 27.182 27.202 27.221 27.239 27.257 27.274
15.838 15.188 15.711 16.815 17.208 17.242 16.877 17.112 17.934 18.756 18.766 13.847 9.898 7.498 7.651 10.788 11.285 14.997 19.427 20.637 21.452 21.588 21.637 21.734 21.787 21.913 22.258 22.294 22.301 22.050 22.907 23.607 23.598 23.621 23.702 23.736 23.768 23.800 23.834 23.874 23.889 23.928 24.116 24.358 24.739 25.016 25.068 25.087 25.107 25.131 25.156 25.186 25.246 25.429 25.476 25.632 26.376 26.903 26.945 26.968 26.991 27.014 27.038 27.061 27.083 27.104 27.126 27.146 27.166 27.185 27.204 27.223 27.242 27.261 27.278
14.826 13.964 14.345 16.528 17.172 17.103 16.663 17.203 18.672 18.727 15.524 10.533 6.399 6.401 7.751 10.791 11.348 17.358 20.119 21.176 21.587 21.623 21.666 21.726 21.817 21.976 22.282 22.307 22.327 22.543 23.756 23.726 23.606 23.642 23.667 23.688 23.723 23.757 23.806 23.821 23.858 23.920 24.151 24.444 24.814 25.039 25.062 25.077 25.095 25.117 25.138 25.165 25.229 25.432 25.536 26.036 26.729 26.928 26.952 26.976 26.998 27.020 27.042 27.064 27.087 27.108 27.129 27.149 27.169 27.189 27.207 27.226 27.244 27.263 27.280
14.036 13.706 14.245 16.396 17.137 17.029 16.903 17.962 18.661 17.641 11.364 6.661 3.674 3.912 7.882 8.613 12.551 19.233 20.654 21.492 21.590 21.631 21.692 21.805 21.998 22.146 22.179 21.786 21.842 23.513 24.124 23.796 23.603 23.621 23.628 23.650 23.692 23.730 23.757 23.759 23.802 23.955 24.199 24.573 24.883 25.027 25.042 25.049 25.066 25.093 25.121 25.149 25.229 25.443 25.728 26.489 26.896 26.933 26.957 26.981 27.004 27.027 27.048 27.069 27.090 27.112 27.133 27.153 27.173 27.193 27.212 27.229 27.247 27.264 27.282
13.642 13.704 14.148 16.202 17.106 17.016 16.966 18.423 18.618 13.044 8.070 1.641 1.334 4.218 6.344 8.732 16.203 20.061 21.212 21.625 21.741 21.822 22.003 22.072 22.164 22.196 22.204 21.381 22.999 24.112 24.193 23.982 23.802 23.686 23.634 23.637 23.668 23.697 23.701 23.718 23.730 23.978 24.312 24.706 24.927 25.011 25.020 25.022 25.041 25.068 25.095 25.125 25.254 25.498 26.051 26.811 26.914 26.939 26.963 26.987 27.009 27.032 27.054 27.076 27.096 27.116 27.136 27.157 27.177 27.196 27.215 27.233 27.251 27.268 27.284
13.638 13.852 14.071 16.029 17.076 17.049 17.434 18.536 18.549 11.021 3.485 0.000 0.000 4.354 5.527 10.896 18.916 20.607 21.554 21.740 21.915 22.064 22.116 22.151 22.188 22.210 22.227 22.274 23.843 24.237 24.242 24.243 24.074 23.873 23.767 23.732 23.698 23.701 23.737 23.774 23.834 24.022 24.424 24.790 24.948 24.996 25.004 25.021 25.041 25.065 25.087 25.113 25.283 25.637 26.398 26.892 26.920 26.944 26.968 26.992 27.014 27.037 27.059 27.081 27.102 27.122 27.142 27.161 27.180 27.199 27.218 27.236 27.254 27.271 27.287
13.575 13.967 14.466 16.489 17.142 17.411 18.011 18.522 17.741 8.447 0.000 0.000 0.071 1.508 5.724 15.077 19.884 21.200 21.747 21.919 22.037 22.074 22.100 22.122 22.031 21.994 21.434 23.470 24.284 24.295 24.322 24.373 24.278 24.104 24.002 23.942 23.832 23.808 23.832 23.855 23.899 24.090 24.528 24.851 24.962 24.996 25.012 25.030 25.052 25.076 25.098 25.128 25.346 25.919 26.687 26.901 26.926 26.950 26.973 26.997 27.019 27.042 27.064 27.086 27.106 27.127 27.146 27.166 27.184 27.202 27.221 27.239 27.257 27.273 27.290
13.604 14.522 16.369 17.208 17.439 17.582 18.428 18.461 12.736 2.412 0.000 0.000 0.022 1.117 9.027 18.361 20.457 21.619 21.913 22.001 22.027 22.048 22.017 22.032 22.043 22.032 22.859 24.182 24.352 24.376 24.397 24.419 24.398 24.320 24.241 24.195 23.988 23.878 23.899 23.926 23.962 24.176 24.641 24.895 24.996 25.001 25.016 25.032 25.052 25.073 25.099 25.159 25.516 26.296 26.854 26.911 26.933 26.956 26.979 27.002 27.025 27.047 27.069 27.090 27.111 27.131 27.151 27.171 27.189 27.207 27.224 27.242 27.259 27.276 27.292
13.943 16.123 17.187 17.373 17.414 18.283 18.416 16.392 7.450 0.000 0.000 0.000 0.000 2.083 14.094 19.706 21.144 21.853 21.958 21.980 21.964 21.972 22.012 22.042 22.063 22.093 23.508 23.977 24.150 24.318 24.434 24.463 24.477 24.465 24.441 24.351 24.052 23.878 23.907 23.937 23.999 24.269 24.736 24.929 25.020 24.999 25.016 25.035 25.054 25.074 25.098 25.231 25.872 26.650 26.891 26.919 26.943 26.966 26.987 27.008 27.029 27.052 27.073 27.094 27.115 27.135 27.155 27.174 27.193 27.211 27.229 27.246 27.262 27.278 27.294
15.724 16.977 17.304 17.348 17.704 18.268 18.267 10.234 0.000 0.000 0.000 0.000 0.000 7.558 18.569 20.474 21.677 21.909 21.927 21.872 21.784 21.821 21.853 21.873 21.899 22.866 23.381 23.429 23.647 23.984 24.336 24.477 24.502 24.526 24.535 24.451 24.086 23.842 23.878 23.914 24.004 24.401 24.813 24.974 25.037 24.999 25.016 25.039 25.063 25.086 25.124 25.413 26.325 26.854 26.901 26.925 26.949 26.972 26.994 27.017 27.037 27.058 27.078 27.099 27.119 27.139 27.159 27.178 27.197 27.214 27.232 27.249 27.266 27.282 27.297
16.914 17.198 17.238 17.421 18.162 18.238 12.535 1.757 0.000 0.000 0.000 0.000 0.000 15.566 20.129 21.493 21.847 21.866 21.767 21.648 21.679 21.783 21.835 21.869 22.305 23.066 23.091 22.974 23.073 23.341 23.672 23.965 24.342 24.547 24.587 24.610 24.521 24.287 24.056 24.031 24.086 24.568 24.884 25.020 25.054 24.998 24.991 25.016 25.041 25.069 25.198 25.760 26.688 26.883 26.908 26.932 26.955 26.978 27.001 27.023 27.044 27.066 27.085 27.104 27.123 27.143 27.163 27.182 27.200 27.218 27.236 27.252 27.269 27.285 27.301
17.113 17.154 17.157 17.976 18.149 16.581 6.570 0.000 0.000 0.000 0.000 0.000 8.526 19.720 21.384 21.749 21.768 21.601 21.499 21.383 21.212 21.304 21.347 21.443 22.788 22.963 22.844 22.810 22.783 22.825 23.094 23.352 23.676 24.020 24.422 24.635 24.726 24.758 24.698 24.520 24.482 24.759 24.993 25.071 25.071 25.019 24.983 24.986 25.010 25.068 25.368 26.214 26.843 26.890 26.914 26.938 26.961 26.984 27.007 27.028 27.050 27.071 27.092 27.112 27.131 27.149 27.167 27.185 27.203 27.221 27.238 27.256 27.272 27.288 27.303
17.076 16.938 17.443 17.972 17.984 9.758 0.000 0.000 0.000 0.000 0.000 0.000 18.384 20.994 21.627 21.646 21.403 21.258 21.316 21.281 20.980 20.378 19.924 22.258 22.738 22.749 22.726 22.605 22.563 22.600 22.725 22.807 23.030 23.403 23.759 24.143 24.530 24.775 24.834 24.853 24.871 24.974 25.109 25.129 25.088 25.048 25.020 25.005 25.027 25.152 25.737 26.629 26.872 26.897 26.921 26.944 26.968 26.990 27.012 27.034 27.056 27.076 27.097 27.117 27.136 27.155 27.173 27.191 27.208 27.224 27.241 27.258 27.274 27.290 27.305
17.037 16.851 17.880 17.921 12.019 0.000 0.000 0.000 0.000 0.000 0.000 11.729 20.286 21.487 21.510 21.303 21.138 21.193 21.284 21.200 20.967 19.804 19.796 22.359 22.542 22.645 22.539 22.481 22.502 22.528 22.583 22.649 22.731 22.870 23.202 23.498 23.806 24.227 24.599 24.818 24.966 25.087 25.180 25.160 25.104 25.088 25.069 25.087 25.115 25.330 26.203 26.843 26.883 26.906 26.928 26.951 26.974 26.996 27.018 27.040 27.061 27.082 27.102 27.121 27.141 27.159 27.178 27.196 27.213 27.229 27.246 27.261 27.277 27.292 27.307
16.914 17.702 17.867 13.748 5.563 0.000 0.000 0.000 0.000 0.000 0.000 19.199 20.932 21.352 21.306 21.261 21.180 21.198 21.216 21.192 21.037 19.773 21.776 22.333 22.454 22.572 22.476 22.486 22.519 22.545 22.576 22.613 22.677 22.783 22.936 23.154 23.408 23.799 24.189 24.564 24.912 25.152 25.207 25.173 25.114 25.127 25.142 25.159 25.186 25.628 26.557 26.867 26.892 26.916 26.939 26.961 26.982 27.002 27.024 27.046 27.066 27.087 27.107 27.126 27.145 27.163 27.182 27.199 27.217 27.233 27.250 27.266 27.281 27.296 27.309
16.779 17.694 17.707 9.206 0.000 0.000 0.000 0.000 0.000 0.000 13.159 20.315 21.028 21.281 21.283 21.255 21.175 21.196 21.221 21.225 21.121 20.076 22.121 22.307 22.422 22.474 22.496 22.518 22.539 22.567 22.596 22.628 22.670 22.784 22.958 23.142 23.292 23.648 23.994 24.469 24.952 25.214 25.222 25.182 25.123 25.137 25.156 25.177 25.301 26.052 26.792 26.878 26.901 26.922 26.946 26.969 26.991 27.012 27.033 27.052 27.072 27.092 27.112 27.131 27.149 27.168 27.186 27.203 27.220 27.237 27.253 27.268 27.284 27.298 27.313
17.513 17.671 11.837 0.000 0.000 0.000 0.000 0.000 0.000 0.000 19.262 20.853 21.149 21.255 21.254 21.091 21.117 21.178 21.229 21.288 21.424 21.479 22.238 22.320 22.438 22.483 22.509 22.538 22.561 22.587 22.617 22.651 22.708 22.812 22.984 23.173 23.321 23.516 23.969 24.546 25.072 25.251 25.236 25.198 25.140 25.134 25.144 25.147 25.572 26.464 26.856 26.887 26.911 26.933 26.954 26.976 26.997 27.019 27.041 27.061 27.081 27.099 27.117 27.136 27.154 27.172 27.190 27.207 27.224 27.240 27.256 27.271 27.286 27.301 27.315
17.500 13.781 5.961 0.000 0.000 0.000 0.000 0.000 0.000 13.249 20.228 21.102 21.153 21.170 20.981 21.001 21.023 21.027 20.948 21.002 21.656 21.682 22.259 22.311 22.464 22.494 22.521 22.552 22.581 22.609 22.639 22.677 22.747 22.857 23.021 23.197 23.362 23.496 23.999 24.666 25.194 25.277 25.257 25.204 25.168 25.157 25.171 25.197 25.966 26.738 26.876 26.898 26.920 26.942 26.964 26.986 27.007 27.027 27.046 27.067 27.087 27.106 27.124 27.142 27.159 27.177 27.194 27.211 27.227 27.243 27.259 27.274 27.289 27.303 27.317
17.402 9.233 0.000 0.000 0.000 0.000 0.000 0.000 0.000 19.414 20.985 21.088 21.030 20.942 20.979 21.018 21.056 21.073 19.673 21.410 21.649 21.665 22.275 22.314 22.474 22.504 22.532 22.566 22.597 22.632 22.670 22.704 22.788 22.925 23.064 23.211 23.384 23.526 24.052 24.779 25.260 25.294 25.285 25.234 25.201 25.182 25.152 25.463 26.388 26.843 26.884 26.908 26.931 26.952 26.973 26.993 27.015 27.036 27.056 27.075 27.094 27.112 27.131 27.149 27.167 27.183 27.199 27.216 27.231 27.247 27.262 27.277 27.291 27.306 27.319
11.643 0.000 0.000 0.000 0.000 0.000 0.000 0.000 14.388 20.429 20.968 20.932 20.848 20.886 20.973 21.037 21.080 21.104 21.153 21.558 21.577 21.452 22.272 22.328 22.468 22.519 22.546 22.578 22.609 22.647 22.691 22.729 22.825 22.987 23.106 23.234 23.390 23.559 24.125 24.890 25.292 25.312 25.313 25.268 25.249 25.213 25.241 25.982 26.743 26.868 26.892 26.916 26.938 26.961 26.983 27.004 27.024 27.044 27.063 27.083 27.102 27.121 27.138 27.155 27.171 27.188 27.205 27.221 27.237 27.251 27.266 27.279 27.294 27.307 27.321
5.368 0.000 0.000 0.000 0.000 0.000 0.000 0.000 19.578 20.855 20.869 20.807 20.846 20.881 20.911 20.924 20.782 20.729 21.501 21.580 21.594 21.441 22.132 22.166 22.404 22.537 22.565 22.593 22.624 22.661 22.698 22.758 22.879 23.027 23.145 23.264 23.364 23.619 24.288 25.009 25.311 25.331 25.341 25.333 25.295 25.242 25.652 26.543 26.853 26.881 26.903 26.925 26.946 26.968 26.990 27.012 27.033 27.053 27.072 27.091 27.108 27.127 27.145 27.162 27.179 27.195 27.211 27.226 27.241 27.256 27.271 27.284 27.297 27.310 27.323
0.000 0.000 0.000 0.000 0.000 0.000 0.000 15.652 20.471 20.837 20.772 20.813 20.871 20.913 20.948 20.963 20.842 21.314 21.575 21.606 21.637 21.662 21.919 22.117 22.234 22.553 22.588 22.617 22.644 22.681 22.714 22.786 22.926 23.056 23.177 23.298 23.382 23.786 24.503 25.127 25.329 25.350 25.366 25.383 25.332 25.500 26.294 26.831 26.865 26.889 26.913 26.936 26.958 26.979 26.999 27.019 27.040 27.061 27.081 27.099 27.118 27.135 27.152 27.168 27.185 27.202 27.217 27.232 27.247 27.261 27.274 27.288 27.301 27.313 27.326
0.000 0.000 0.000 0.000 0.000 0.000 1.357 19.788 20.712 20.741 20.779 20.839 20.884 20.928 20.963 20.998 21.210 21.522 21.599 21.626 21.648 21.664 21.696 22.079 22.129 22.531 22.606 22.639 22.669 22.703 22.750 22.834 22.971 23.083 23.195 23.301 23.422 23.999 24.693 25.232 25.344 25.366 25.388 25.408 25.436 26.031 26.770 26.854 26.877 26.899 26.921 26.944 26.967 26.988 27.010 27.030 27.049 27.068 27.087 27.106 27.125 27.143 27.161 27.177 27.192 27.207 27.223 27.238 27.252 27.266 27.279 27.292 27.304 27.317 27.328
0.000 0.000 0.000 0.000 0.000 0.000 17.063 20.476 20.596 20.431 20.454 20.492 20.522 20.531 20.500 21.160 21.466 21.588 21.622 21.652 21.680 21.673 21.687 21.981 22.025 22.223 22.607 22.655 22.691 22.728 22.796 22.889 23.003 23.101 23.206 23.250 23.523 24.177 24.834 25.283 25.357 25.376 25.392 25.402 25.738 26.548 26.838 26.863 26.887 26.911 26.933 26.954 26.975 26.997 27.018 27.039 27.059 27.079 27.098 27.116 27.133 27.151 27.168 27.185 27.201 27.217 27.231 27.246 27.259 27.272 27.286 27.298 27.311 27.322 27.332
0.000 0.000 0.000 0.000 0.000 1.839 19.739 20.412 20.465 20.440 20.461 20.474 20.524 20.568 21.077 21.447 21.543 21.591 21.637 21.681 21.719 21.754 21.779 21.814 21.918 21.951 22.414 22.650 22.699 22.769 22.844 22.924 23.019 23.118 23.189 23.248 23.643 24.336 24.952 25.307 25.369 25.392 25.414 25.502 26.187 26.795 26.849 26.872 26.896 26.919 26.943 26.966 26.987 27.008 27.028 27.047 27.068 27.087 27.107 27.126 27.144 27.161 27.177 27.193 27.209 27.225 27.241 27.255 27.269 27.282 27.295 27.306 27.318 27.329 27.340
0.000 0.000 0.000 0.000 0.000 16.171 20.052 20.167 20.351 20.421 20.457 20.403 20.548 21.114 21.400 21.450 21.487 21.530 21.572 21.619 21.659 21.702 21.739 21.672 21.898 21.945 22.108 22.579 22.694 22.792 22.883 22.937 22.996 23.032 23.076 23.284 23.741 24.513 25.079 25.326 25.373 25.395 25.423 25.888 26.647 26.837 26.862 26.886 26.908 26.930 26.951 26.974 26.997 27.018 27.039 27.059 27.079 27.098 27.116 27.134 27.153 27.171 27.188 27.206 27.222 27.237 27.251 27.266 27.281 27.296 27.311 27.325 27.339 27.348 27.361
17.395 16.481 14.769 14.285 15.902 19.450 19.839 19.869 20.008 20.153 20.499 21.001 21.225 21.347 21.371 21.387 21.348 21.391 21.463 21.593 21.639 21.675 21.712 21.738 21.788 21.982 22.023 22.374 22.683 22.817 22.912 22.962 23.005 23.023 23.035 23.356 23.858 24.691 25.175 25.345 25.369 25.390 25.656 26.458 26.816 26.847 26.870 26.894 26.919 26.942 26.964 26.985 27.006 27.027 27.048 27.069 27.089 27.109 27.128 27.147 27.165 27.182 27.199 27.217 27.235 27.252 27.269 27.287 27.305 27.318 27.336 27.354 27.371 27.386 27.401
17.457 18.309 18.658 18.773 18.921 18.999 18.891 19.051 19.917 21.168 21.250 21.287 21.307 21.327 21.332 21.291 21.237 21.238 21.276 21.433 21.548 21.584 21.622 21.678 21.605 21.848 21.899 22.112 22.639 22.828 22.921 23.002 23.033 23.057 23.122 23.572 24.126 24.872 25.233 25.362 25.386 25.509 26.224 26.792 26.834 26.859 26.883 26.906 26.928 26.951 26.974 26.997 27.018 27.039 27.059 27.078 27.099 27.119 27.139 27.159 27.178 27.197 27.216 27.234 27.251 27.271 27.291 27.313 27.334 27.354 27.373 27.386 27.403 27.418 27.433
