LISFLOOD/results/run11.mxe
ncols         413
nrows         307
xllcorner     341179.518085
yllcorner     4516729.658735
cellsize      10.000000
NODATA_value  -9999.000000
[rows 28 to 55 of 307, columns 310 to 371 of 413]
138.753 138.811 138.869 138.926 138.983 139.041 139.098 139.155 139.212 139.269 139.326 139.382 139.438 139.494 139.549 139.604 139.658 139.712 139.765 139.817 139.868 139.918 139.967 140.015 140.061 140.105 140.148 140.188 140.226 140.261 140.294 140.324 140.351 140.375 140.397 140.415 140.431 140.444 140.455 140.464 140.471 140.476 140.481 140.483 140.485 140.486 140.486 140.485 140.484 140.482 140.480 140.478 140.475 140.472 140.468 140.465 140.461 140.457 140.453 140.448 140.444 140.440
138.764 138.822 138.880 138.938 138.996 139.054 139.112 139.169 139.227 139.284 139.341 139.398 139.455 139.512 139.568 139.623 139.678 139.733 139.787 139.840 139.893 139.944 139.994 140.043 140.091 140.136 140.180 140.222 140.261 140.297 140.331 140.361 140.388 140.412 140.433 140.450 140.465 140.477 140.486 140.494 140.499 140.503 140.506 140.507 140.507 140.507 140.506 140.504 140.501 140.499 140.496 140.492 140.488 140.484 140.480 140.476 140.471 140.467 140.462 140.457 140.453 140.448
138.776 138.834 138.892 138.950 139.009 139.067 139.125 139.184 139.242 139.300 139.358 139.415 139.473 139.530 139.587 139.643 139.700 139.755 139.810 139.865 139.919 139.971 140.023 140.074 140.123 140.170 140.215 140.258 140.299 140.336 140.370 140.401 140.428 140.452 140.472 140.488 140.502 140.512 140.520 140.525 140.529 140.531 140.532 140.532 140.531 140.529 140.526 140.523 140.519 140.516 140.511 140.507 140.502 140.498 140.493 140.488 140.482 140.477 140.472 140.467 140.462 140.456
138.787 138.846 138.905 138.963 139.022 139.081 139.140 139.198 139.257 139.316 139.374 139.433 139.491 139.549 139.607 139.664 139.722 139.778 139.835 139.890 139.946 140.000 140.053 140.106 140.156 140.206 140.253 140.298 140.340 140.378 140.414 140.445 140.472 140.496 140.515 140.530 140.542 140.550 140.556 140.559 140.561 140.561 140.560 140.558 140.555 140.551 140.547 140.543 140.538 140.533 140.528 140.522 140.517 140.511 140.505 140.500 140.494 140.488 140.482 140.476 140.471 140.465
138.799 138.858 138.917 138.976 139.036 139.095 139.154 139.214 139.273 139.332 139.391 139.450 139.509 139.568 139.627 139.686 139.744 139.802 139.860 139.917 139.974 140.030 140.085 140.139 140.192 140.243 140.293 140.340 140.384 140.425 140.461 140.493 140.521 140.544 140.562 140.575 140.585 140.591 140.594 140.595 140.594 140.592 140.589 140.585 140.580 140.575 140.569 140.563 140.557 140.551 140.544 140.538 140.531 140.525 140.518 140.512 140.505 140.499 140.493 140.486 140.480 140.474
138.811 138.871 138.930 138.990 139.050 139.109 139.169 139.229 139.289 139.349 139.409 139.469 139.529 139.588 139.648 139.708 139.767 139.827 139.886 139.944 140.003 140.061 140.118 140.174 140.229 140.283 140.336 140.385 140.432 140.475 140.513 140.546 140.574 140.597 140.613 140.625 140.632 140.635 140.635 140.633 140.629 140.625 140.619 140.612 140.606 140.599 140.591 140.584 140.576 140.569 140.561 140.554 140.546 140.539 140.532 140.524 140.517 140.510 140.503 140.496 140.490 140.483
138.824 138.884 138.944 139.004 139.064 139.124 139.184 139.245 139.305 139.366 139.427 139.487 139.548 139.609 139.669 139.730 139.791 139.851 139.912 139.972 140.032 140.092 140.152 140.210 140.269 140.325 140.381 140.434 140.484 140.530 140.571 140.605 140.633 140.655 140.671 140.680 140.683 140.682 140.679 140.673 140.666 140.658 140.650 140.641 140.632 140.623 140.614 140.605 140.596 140.587 140.578 140.570 140.562 140.553 140.545 140.537 140.529 140.522 140.514 140.507 140.499 140.492
138.837 138.897 138.957 139.018 139.078 139.139 139.200 139.261 139.322 139.383 139.445 139.506 139.568 139.629 139.691 139.753 139.815 139.877 139.939 140.001 140.063 140.125 140.186 140.248 140.309 140.369 140.428 140.486 140.540 140.590 140.634 140.670 140.697 140.721 140.735 140.740 140.738 140.732 140.724 140.714 140.703 140.692 140.681 140.670 140.658 140.647 140.637 140.626 140.616 140.606 140.596 140.586 140.577 140.568 140.559 140.550 140.541 140.533 140.525 140.517 140.509 140.502
138.849 138.910 138.971 139.032 139.093 139.154 139.216 139.277 139.339 139.401 139.463 139.525 139.587 139.650 139.713 139.776 139.839 139.902 139.966 140.029 140.093 140.157 140.221 140.286 140.350 140.414 140.478 140.541 140.601 140.657 140.706 140.743 140.766 140.796 140.808 140.807 140.798 140.785 140.771 140.756 140.741 140.727 140.712 140.698 140.685 140.672 140.659 140.647 140.635 140.624 140.613 140.602 140.592 140.582 140.572 140.563 140.554 140.545 140.536 140.527 140.519 140.511
138.863 138.924 138.985 139.046 139.108 139.169 139.231 139.294 139.356 139.418 139.481 139.544 139.607 139.671 139.735 139.799 139.863 139.928 139.993 140.058 140.124 140.190 140.257 140.324 140.392 140.460 140.529 140.598 140.666 140.732 140.791 140.831 140.828 140.888 140.894 140.881 140.862 140.840 140.819 140.799 140.780 140.761 140.744 140.727 140.711 140.696 140.682 140.668 140.655 140.642 140.630 140.618 140.607 140.596 140.586 140.576 140.566 140.556 140.547 140.538 140.529 140.521
138.876 138.937 138.999 139.061 139.123 139.185 139.247 139.310 139.373 139.436 139.500 139.563 139.627 139.692 139.756 139.822 139.887 139.953 140.019 140.086 140.154 140.222 140.292 140.362 140.433 140.506 140.580 140.656 140.734 140.814 140.894 140.962 141.442 141.034 141.000 140.962 140.927 140.895 140.867 140.841 140.817 140.795 140.774 140.755 140.737 140.720 140.704 140.689 140.674 140.660 140.647 140.634 140.622 140.610 140.599 140.588 140.578 140.568 140.558 140.548 140.539 140.530
138.889 138.951 139.013 139.075 139.138 139.200 139.263 139.327 139.390 139.454 139.518 139.582 139.647 139.713 139.778 139.844 139.911 139.978 140.046 140.114 140.184 140.254 140.326 140.399 140.473 140.550 140.629 140.712 140.800 140.896 141.009 141.160 141.435 141.215 141.109 141.040 140.989 140.947 140.912 140.880 140.852 140.827 140.803 140.782 140.762 140.743 140.725 140.709 140.693 140.678 140.664 140.650 140.637 140.624 140.612 140.601 140.590 140.579 140.569 140.559 140.549 140.540
138.903 138.965 139.027 139.090 139.153 139.216 139.279 139.343 139.407 139.472 139.536 139.602 139.667 139.733 139.800 139.867 139.934 140.003 140.072 140.142 140.213 140.285 140.359 140.434 140.511 140.591 140.675 140.763 140.857 140.962 141.085 141.235 141.428 141.284 141.179 141.102 141.042 140.993 140.952 140.917 140.885 140.857 140.831 140.807 140.785 140.765 140.746 140.728 140.711 140.695 140.680 140.665 140.651 140.638 140.625 140.613 140.601 140.590 140.579 140.569 140.559 140.549
138.917 138.979 139.042 139.105 139.168 139.232 139.296 139.360 139.424 139.489 139.555 139.620 139.687 139.754 139.821 139.889 139.957 140.027 140.097 140.168 140.241 140.315 140.390 140.467 140.547 140.630 140.716 140.807 140.905 141.012 141.132 141.269 141.422 141.313 141.221 141.146 141.084 141.032 140.988 140.949 140.915 140.885 140.857 140.831 140.808 140.786 140.766 140.746 140.728 140.711 140.695 140.680 140.665 140.651 140.638 140.625 140.613 140.601 140.590 140.579 140.569 140.558
138.931 138.993 139.056 139.120 139.183 139.247 139.312 139.376 139.441 139.507 139.573 139.639 139.706 139.774 139.842 139.910 139.980 140.050 140.122 140.194 140.268 140.343 140.420 140.499 140.580 140.664 140.752 140.845 140.943 141.048 141.162 141.285 141.415 141.327 141.247 141.176 141.116 141.063 141.018 140.978 140.942 140.910 140.880 140.853 140.829 140.806 140.784 140.764 140.745 140.727 140.710 140.694 140.679 140.664 140.650 140.637 140.624 140.612 140.600 140.589 140.578 140.568
138.944 139.007 139.071 139.134 139.198 139.263 139.328 139.393 139.458 139.524 139.591 139.658 139.725 139.793 139.862 139.931 140.002 140.073 140.145 140.219 140.293 140.370 140.448 140.528 140.610 140.695 140.784 140.877 140.974 141.077 141.184 141.295 141.409 141.334 141.262 141.197 141.139 141.088 141.042 141.002 140.965 140.932 140.901 140.874 140.848 140.824 140.801 140.781 140.761 140.742 140.725 140.708 140.692 140.677 140.662 140.649 140.635 140.623 140.610 140.599 140.588 140.577
138.958 139.022 139.085 139.149 139.214 139.278 139.343 139.409 139.475 139.541 139.608 139.676 139.744 139.812 139.882 139.952 140.023 140.095 140.168 140.242 140.318 140.395 140.473 140.554 140.637 140.723 140.812 140.905 141.000 141.100 141.201 141.303 141.403 141.336 141.271 141.211 141.156 141.107 141.062 141.022 140.985 140.951 140.920 140.892 140.865 140.841 140.818 140.796 140.776 140.756 140.738 140.721 140.704 140.689 140.674 140.660 140.646 140.633 140.620 140.608 140.597 140.586
138.972 139.036 139.100 139.164 139.229 139.294 139.359 139.425 139.492 139.558 139.626 139.694 139.762 139.831 139.901 139.972 140.043 140.116 140.189 140.264 140.340 140.418 140.497 140.579 140.662 140.748 140.837 140.929 141.023 141.120 141.218 141.313 141.398 141.334 141.275 141.219 141.168 141.121 141.078 141.038 141.002 140.968 140.937 140.908 140.881 140.856 140.833 140.810 140.789 140.770 140.751 140.733 140.716 140.700 140.685 140.670 140.656 140.643 140.630 140.618 140.606 140.594
138.986 139.050 139.114 139.179 139.244 139.309 139.375 139.441 139.508 139.575 139.643 139.711 139.780 139.850 139.920 139.991 140.063 140.136 140.210 140.285 140.362 140.440 140.520 140.601 140.685 140.771 140.859 140.950 141.044 141.141 141.238 141.332 141.392 141.329 141.275 141.224 141.176 141.132 141.090 141.052 141.016 140.983 140.952 140.923 140.895 140.870 140.846 140.824 140.802 140.782 140.763 140.745 140.728 140.711 140.696 140.681 140.666 140.652 140.639 140.627 140.615 140.603
139.000 139.064 139.129 139.194 139.259 139.324 139.390 139.457 139.524 139.591 139.660 139.728 139.797 139.867 139.938 140.010 140.082 140.155 140.230 140.305 140.382 140.460 140.540 140.622 140.705 140.790 140.878 140.969 141.062 141.159 141.263 141.383 141.359 141.317 141.271 141.225 141.181 141.139 141.100 141.062 141.028 140.995 140.964 140.935 140.908 140.883 140.859 140.836 140.814 140.794 140.774 140.756 140.738 140.722 140.706 140.690 140.676 140.662 140.648 140.635 140.623 140.611
139.014 139.078 139.143 139.208 139.274 139.339 139.406 139.473 139.540 139.608 139.676 139.745 139.814 139.885 139.956 140.027 140.100 140.174 140.248 140.324 140.401 140.479 140.559 140.640 140.723 140.808 140.895 140.984 141.076 141.172 141.272 141.378 141.345 141.307 141.266 141.225 141.184 141.144 141.107 141.071 141.037 141.005 140.975 140.946 140.919 140.894 140.870 140.847 140.825 140.805 140.785 140.766 140.748 140.731 140.715 140.700 140.685 140.671 140.657 140.644 140.631 140.619
139.028 139.092 139.157 139.223 139.288 139.354 139.421 139.488 139.555 139.623 139.692 139.761 139.831 139.902 139.973 140.045 140.118 140.191 140.266 140.342 140.419 140.497 140.576 140.657 140.740 140.824 140.910 140.997 141.087 141.180 141.275 141.372 141.337 141.300 141.262 141.224 141.185 141.148 141.112 141.078 141.045 141.014 140.984 140.956 140.929 140.904 140.880 140.857 140.835 140.814 140.795 140.776 140.758 140.741 140.724 140.709 140.694 140.679 140.665 140.652 140.639 140.627
139.042 139.106 139.172 139.237 139.303 139.369 139.436 139.503 139.571 139.639 139.708 139.777 139.847 139.918 139.989 140.061 140.134 140.208 140.283 140.358 140.435 140.513 140.592 140.673 140.755 140.838 140.922 141.008 141.096 141.185 141.275 141.366 141.331 141.295 141.259 141.222 141.186 141.151 141.116 141.083 141.051 141.021 140.992 140.964 140.938 140.913 140.889 140.866 140.844 140.824 140.804 140.785 140.767 140.749 140.733 140.717 140.702 140.687 140.673 140.660 140.647 140.635
139.056 139.120 139.186 139.251 139.317 139.384 139.451 139.518 139.586 139.654 139.723 139.793 139.863 139.934 140.005 140.077 140.150 140.224 140.299 140.374 140.451 140.529 140.607 140.687 140.768 140.850 140.934 141.018 141.103 141.189 141.275 141.360 141.326 141.290 141.255 141.220 141.186 141.152 141.119 141.087 141.056 141.027 140.999 140.971 140.945 140.921 140.897 140.874 140.853 140.832 140.812 140.793 140.775 140.758 140.741 140.725 140.710 140.695 140.681 140.667 140.654 140.642
139.069 139.134 139.200 139.265 139.332 139.398 139.465 139.533 139.601 139.669 139.738 139.808 139.878 139.949 140.020 140.093 140.165 140.239 140.314 140.389 140.466 140.543 140.621 140.701 140.781 140.862 140.944 141.027 141.110 141.192 141.274 141.355 141.320 141.286 141.252 141.218 141.185 141.153 141.121 141.090 141.060 141.032 141.004 140.977 140.952 140.928 140.904 140.882 140.860 140.840 140.820 140.801 140.783 140.765 140.749 140.733 140.717 140.702 140.688 140.675 140.662 140.649
139.083 139.148 139.214 139.280 139.346 139.413 139.480 139.547 139.615 139.684 139.753 139.823 139.893 139.964 140.035 140.107 140.180 140.254 140.328 140.403 140.479 140.556 140.634 140.713 140.793 140.873 140.954 141.035 141.117 141.197 141.274 141.349 141.315 141.281 141.248 141.215 141.184 141.152 141.122 141.092 141.063 141.035 141.009 140.983 140.958 140.933 140.910 140.888 140.867 140.846 140.827 140.808 140.790 140.772 140.756 140.740 140.724 140.709 140.695 140.681 140.668 140.656
139.097 139.162 139.228 139.293 139.360 139.427 139.494 139.562 139.630 139.698 139.767 139.837 139.907 139.978 140.050 140.122 140.194 140.268 140.342 140.417 140.493 140.569 140.646 140.725 140.804 140.883 140.964 141.044 141.125 141.203 141.278 141.343 141.309 141.276 141.243 141.212 141.182 141.151 141.122 141.093 141.065 141.038 141.012 140.987 140.962 140.939 140.916 140.894 140.873 140.853 140.833 140.814 140.796 140.779 140.762 140.746 140.731 140.716 140.702 140.688 140.675 140.662
139.110 139.176 139.241 139.307 139.374 139.441 139.508 139.576 139.644 139.712 139.782 139.851 139.921 139.992 140.063 140.135 140.208 140.281 140.355 140.430 140.505 140.581 140.658 140.736 140.814 140.893 140.973 141.053 141.134 141.215 141.290 141.338 141.301 141.269 141.238 141.208 141.179 141.150 141.122 141.094 141.067 141.041 141.015 140.990 140.966 140.943 140.921 140.899 140.878 140.858 140.839 140.820 140.802 140.785 140.768 140.752 140.737 140.722 140.708 140.694 140.681 140.668
