LISFLOOD/results/run1.inittm
ncols         413
nrows         307
xllcorner     341179.518085
yllcorner     4516729.658735
cellsize      10.000000
NODATA_value  -9999.000000
[rows 60 to 89 of 307, columns 198 to 263 of 413]
22.049 21.457 20.720 19.619 18.404 17.012 15.726 14.704 13.901 13.802 13.714 13.629 13.600 13.106 12.421 11.892 11.639 11.561 11.563 11.485 11.204 11.069 11.023 11.012 10.908 10.756 10.733 9.073 6.853 6.423 6.418 6.412 6.400 6.379 6.369 6.341 6.306 5.951 5.876 5.782 5.727 5.692 5.669 5.649 5.627 5.602 5.569 5.534 5.501 5.469 5.432 5.405 5.375 5.329 5.296 5.253 5.230 5.209 5.187 5.161 5.136 5.117 5.091 4.957 4.929 4.908
22.049 21.734 21.147 19.719 17.811 16.386 15.169 14.344 13.874 13.827 13.598 13.491 13.423 12.939 12.287 11.886 11.691 11.666 11.894 11.910 11.260 11.025 10.922 10.803 10.719 10.638 10.506 8.877 6.798 6.394 6.387 6.380 6.370 6.344 6.344 6.312 6.292 6.006 5.914 5.816 5.750 5.694 5.657 5.633 5.610 5.592 5.573 5.545 5.511 5.476 5.441 5.414 5.379 5.340 5.307 5.260 5.238 5.219 5.199 5.171 5.149 5.130 5.037 4.969 4.950 4.930
22.119 21.782 21.531 19.869 17.880 16.591 15.039 14.016 13.789 13.678 13.402 13.193 13.047 12.726 12.202 11.926 11.796 11.819 11.971 11.871 11.258 11.107 11.007 10.766 10.536 10.323 9.977 8.009 6.566 6.362 6.356 6.346 6.334 6.301 6.277 6.250 6.224 6.053 5.956 5.854 5.767 5.702 5.653 5.605 5.576 5.554 5.539 5.522 5.494 5.462 5.433 5.408 5.369 5.339 5.307 5.267 5.246 5.227 5.208 5.180 5.162 5.142 5.012 4.979 4.956 4.931
22.081 21.709 21.433 19.647 17.978 17.090 15.421 14.034 13.826 13.518 13.174 12.955 12.761 12.562 12.257 11.997 11.806 11.702 11.636 11.482 11.324 11.358 11.517 11.216 10.799 10.261 8.858 7.034 6.373 6.332 6.317 6.303 6.296 6.265 6.229 6.205 6.165 6.064 5.957 5.864 5.768 5.709 5.656 5.588 5.549 5.525 5.503 5.480 5.456 5.429 5.409 5.382 5.353 5.334 5.303 5.277 5.253 5.231 5.195 5.169 5.152 5.134 5.037 5.016 4.996 4.973
22.013 21.545 21.003 19.479 17.856 16.854 15.093 14.088 14.026 13.604 13.061 12.861 12.746 12.556 12.341 12.023 11.818 11.664 11.531 11.434 11.385 11.503 11.661 11.455 11.169 10.402 7.532 6.419 6.321 6.299 6.278 6.262 6.319 6.291 6.254 6.456 6.167 6.051 5.953 5.866 5.788 5.731 5.662 5.579 5.551 5.526 5.501 5.468 5.441 5.421 5.405 5.380 5.361 5.336 5.304 5.279 5.254 5.231 5.187 5.163 5.146 5.088 5.050 5.028 5.004 4.981
22.127 21.352 20.444 19.137 17.479 16.263 14.533 14.126 13.983 13.478 12.866 12.732 12.703 12.578 12.343 11.914 11.766 11.686 11.598 11.484 11.447 11.393 11.301 11.267 10.954 9.777 6.942 6.319 6.293 6.271 6.246 6.223 6.252 6.219 6.180 6.316 6.096 6.014 5.940 5.876 5.814 5.747 5.671 5.602 5.581 5.556 5.528 5.499 5.476 5.457 5.437 5.413 5.386 5.346 5.310 5.282 5.257 5.227 5.194 5.173 5.162 5.085 5.064 5.045 5.021 4.991
22.241 21.266 19.916 18.548 16.921 15.609 14.372 14.299 13.853 13.173 12.685 12.537 12.493 12.356 12.042 11.831 11.702 11.605 11.524 11.558 11.680 11.346 11.018 10.597 10.330 8.781 6.610 6.291 6.268 6.243 6.213 6.182 6.159 6.145 6.117 6.086 6.037 5.962 5.904 5.855 5.800 5.733 5.672 5.628 5.638 5.622 5.586 5.557 5.556 5.543 5.506 5.473 5.440 5.372 5.314 5.284 5.252 5.206 5.171 5.141 5.113 5.086 5.067 5.049 5.030 4.969
21.989 20.962 19.271 17.696 16.198 14.934 14.503 14.740 14.153 13.131 12.572 12.329 12.279 12.117 11.900 11.848 11.695 11.503 11.424 11.550 11.476 10.961 10.568 10.178 9.762 7.982 6.601 6.273 6.247 6.221 6.188 6.154 6.126 6.098 6.074 6.046 6.009 5.931 5.865 5.823 5.771 5.724 5.687 5.665 5.699 5.682 5.648 5.654 5.632 5.592 5.537 5.497 5.428 5.349 5.300 5.272 5.242 5.205 5.176 5.143 5.111 5.086 5.063 5.041 5.017 4.966
21.386 20.362 18.914 17.184 15.371 14.820 14.756 15.077 14.431 13.231 12.522 12.249 12.172 11.936 11.831 11.783 11.652 11.377 11.356 11.595 11.382 10.798 10.324 9.288 8.488 7.699 6.858 6.272 6.227 6.202 6.177 6.142 6.111 6.078 6.055 6.029 5.999 5.923 5.859 5.828 5.784 5.746 5.719 5.729 5.746 5.722 5.700 5.675 5.634 5.568 5.511 5.452 5.382 5.330 5.298 5.274 5.250 5.226 5.201 5.174 5.153 5.134 5.113 5.088 5.029 5.007
20.958 19.909 19.153 17.182 15.073 14.941 15.172 15.123 14.389 13.142 12.404 12.178 12.096 11.954 11.907 11.889 11.629 11.279 11.254 11.282 11.141 10.882 10.415 8.872 7.887 7.626 7.078 6.319 6.206 6.183 6.159 6.139 6.118 6.087 6.066 6.043 6.014 5.940 5.905 5.883 5.838 5.799 5.785 5.763 5.727 5.694 5.671 5.637 5.593 5.528 5.477 5.417 5.364 5.327 5.305 5.284 5.262 5.234 5.204 5.178 5.156 5.135 5.113 5.053 5.023 4.977
20.773 19.368 18.784 16.770 15.121 15.098 15.207 14.547 13.981 13.166 12.388 12.229 12.091 11.988 11.918 11.893 11.419 11.207 11.168 11.083 10.978 10.748 10.403 9.251 7.895 7.618 7.278 6.446 6.188 6.161 6.136 6.113 6.100 6.098 6.092 6.075 6.051 5.976 5.956 5.936 5.883 5.844 5.797 5.745 5.699 5.656 5.624 5.588 5.542 5.484 5.442 5.397 5.364 5.337 5.317 5.295 5.272 5.243 5.217 5.194 5.173 5.152 5.127 5.077 5.059 4.858
20.258 18.792 17.196 15.503 15.204 15.167 14.738 14.053 13.879 13.199 12.325 12.260 12.072 11.948 11.873 11.624 11.199 11.163 11.137 11.073 10.867 10.687 10.319 9.176 7.860 7.626 7.434 6.598 6.184 6.142 6.112 6.089 6.073 6.055 6.119 6.105 6.083 6.006 5.980 5.946 5.899 5.846 5.784 5.727 5.681 5.629 5.584 5.547 5.497 5.453 5.413 5.388 5.364 5.344 5.323 5.298 5.275 5.248 5.229 5.212 5.194 5.173 5.097 5.068 4.995 4.682
19.179 18.292 16.503 15.311 15.268 15.052 14.196 13.572 13.411 12.791 12.168 11.979 11.927 11.884 11.881 11.457 11.099 11.037 10.981 10.933 10.734 10.612 9.861 8.625 7.777 7.627 7.516 6.702 6.186 6.128 6.096 6.073 6.055 6.025 6.116 6.092 6.065 6.007 5.974 5.931 5.884 5.831 5.770 5.722 5.681 5.635 5.578 5.529 5.491 5.453 5.416 5.394 5.373 5.349 5.321 5.294 5.269 5.246 5.226 5.206 5.186 5.161 5.101 5.076 4.847 4.498
17.843 16.974 15.789 15.228 15.091 14.647 14.101 13.391 12.901 12.465 12.046 11.817 11.705 11.658 11.690 11.301 11.133 10.859 10.704 10.629 10.571 10.457 9.463 8.357 7.733 7.645 7.571 6.713 6.186 6.130 6.096 6.071 6.050 5.993 6.061 6.039 6.015 5.980 5.945 5.896 5.842 5.792 5.744 5.702 5.663 5.624 5.574 5.531 5.501 5.462 5.432 5.410 5.389 5.361 5.326 5.295 5.266 5.248 5.234 5.220 5.208 5.130 5.105 4.966 4.637 4.360
18.369 16.443 15.437 15.083 14.909 14.657 14.323 13.598 12.883 12.324 11.918 11.825 11.678 11.601 11.535 11.373 11.347 10.976 10.651 10.558 10.520 10.291 9.297 8.278 7.699 7.636 7.583 6.669 6.188 6.149 6.121 6.103 6.079 5.968 6.042 6.022 5.999 5.970 5.917 5.864 5.802 5.752 5.711 5.675 5.641 5.607 5.565 5.532 5.499 5.466 5.442 5.422 5.401 5.369 5.333 5.289 5.259 5.238 5.219 5.199 5.148 5.117 5.077 4.786 4.418 4.317
18.683 16.466 15.487 15.069 14.562 14.316 14.044 13.456 12.835 12.431 12.038 11.973 12.188 12.025 11.523 11.471 11.366 10.911 10.651 10.534 10.501 10.032 9.166 8.201 7.672 7.627 7.543 6.595 6.196 6.166 6.138 6.117 6.094 5.947 5.929 6.026 6.007 5.982 5.939 5.861 5.784 5.737 5.700 5.666 5.633 5.598 5.562 5.532 5.502 5.474 5.454 5.434 5.408 5.381 5.345 5.316 5.296 5.275 5.253 5.229 5.172 5.154 4.955 4.573 4.303 4.289
17.319 15.965 15.886 15.673 14.654 14.004 13.619 13.217 12.820 12.583 12.486 12.288 12.293 11.944 11.607 11.609 11.247 10.835 10.601 10.505 10.428 9.857 9.010 8.083 7.667 7.628 7.450 6.531 6.204 6.179 6.157 6.140 6.120 5.937 5.896 6.043 6.036 6.023 6.018 5.912 5.795 5.740 5.707 5.674 5.642 5.608 5.569 5.537 5.510 5.486 5.465 5.442 5.416 5.394 5.355 5.330 5.311 5.292 5.271 5.222 5.192 5.093 4.776 4.377 4.305 4.294
16.421 15.982 15.920 15.472 14.483 13.928 13.447 13.045 12.790 12.626 12.553 12.569 12.358 11.843 11.738 11.755 11.262 10.768 10.663 10.592 10.278 9.750 8.829 7.969 7.684 7.652 7.487 6.554 6.202 6.173 6.145 6.128 6.128 5.958 5.878 5.927 6.067 6.051 6.019 5.954 5.800 5.745 5.707 5.671 5.639 5.607 5.578 5.553 5.528 5.499 5.473 5.447 5.421 5.392 5.362 5.340 5.321 5.302 5.277 5.233 5.206 4.952 4.550 4.305 4.293 4.278
16.172 16.094 15.779 15.096 14.259 13.764 13.284 12.911 12.672 12.548 12.442 12.293 12.050 11.884 11.841 11.589 11.132 10.821 10.803 10.623 10.146 9.656 8.673 7.880 7.709 7.684 7.547 6.584 6.197 6.152 6.124 6.106 6.068 5.941 5.862 5.861 6.042 6.006 5.961 5.843 5.766 5.740 5.705 5.659 5.631 5.603 5.578 5.554 5.531 5.509 5.484 5.457 5.433 5.390 5.368 5.351 5.334 5.314 5.256 5.227 5.113 4.751 4.368 4.279 4.324 4.181
16.277 16.406 15.961 15.178 14.191 13.524 13.130 12.799 12.668 12.608 12.607 12.349 11.994 11.853 11.710 11.393 11.048 10.890 10.895 10.524 10.163 9.685 8.562 7.836 7.727 7.697 7.528 6.580 6.179 6.164 6.210 6.507 5.982 5.909 5.843 5.829 5.904 5.877 5.840 5.765 5.732 5.712 5.682 5.662 5.636 5.612 5.589 5.561 5.536 5.499 5.469 5.442 5.414 5.386 5.366 5.346 5.323 5.291 5.242 5.199 4.941 4.508 4.279 4.262 4.249 4.007
16.481 16.607 16.142 15.280 14.254 13.391 13.046 12.760 12.698 12.656 12.609 12.417 12.017 11.883 11.612 11.278 11.037 10.942 10.888 10.509 10.266 9.797 8.607 7.824 7.736 7.704 7.478 6.573 6.147 6.119 6.199 6.552 5.939 5.873 5.827 5.811 5.792 5.776 5.757 5.722 5.710 5.693 5.660 5.644 5.627 5.607 5.587 5.566 5.544 5.522 5.498 5.436 5.404 5.384 5.371 5.358 5.346 5.278 5.251 5.074 4.683 4.357 4.317 4.307 4.148 4.030
16.792 16.821 16.363 15.427 14.153 13.185 12.952 12.758 12.709 12.669 12.626 12.289 12.044 11.749 11.408 11.157 11.023 10.921 10.809 10.538 10.364 9.900 8.708 7.823 7.739 7.706 7.416 6.573 6.111 6.074 6.086 6.154 5.938 5.869 5.848 5.833 5.758 5.743 5.728 5.701 5.676 5.659 5.637 5.622 5.604 5.582 5.556 5.530 5.504 5.472 5.450 5.418 5.394 5.375 5.358 5.338 5.297 5.266 5.187 4.864 4.448 4.369 4.391 4.376 4.039 4.017
17.162 17.124 16.826 15.664 13.895 13.033 12.825 12.732 12.669 12.607 12.536 12.198 12.104 11.813 11.437 11.115 10.974 10.860 10.649 10.462 10.347 9.809 8.637 7.823 7.748 7.713 7.368 6.554 6.074 6.037 6.015 5.996 5.930 5.897 5.886 5.855 5.791 5.807 5.785 5.729 5.675 5.646 5.631 5.618 5.598 5.576 5.553 5.529 5.503 5.480 5.450 5.427 5.409 5.391 5.370 5.346 5.291 5.266 5.024 4.593 4.384 4.370 4.396 4.224 4.014 4.002
17.829 17.077 16.016 15.024 13.349 12.953 12.689 12.609 12.539 12.466 12.380 12.261 12.360 12.074 11.606 11.243 10.987 10.806 10.543 10.304 10.099 9.546 8.541 7.853 7.736 7.696 7.349 6.490 6.042 6.006 5.983 5.967 5.947 6.061 6.092 5.854 5.838 5.953 5.911 5.846 5.786 5.702 5.618 5.589 5.571 5.553 5.532 5.513 5.492 5.471 5.447 5.428 5.413 5.399 5.383 5.332 5.305 5.171 4.784 4.435 4.370 4.353 4.332 4.025 4.002 3.986
17.333 16.170 13.688 13.151 13.001 12.820 12.659 12.606 12.556 12.506 12.398 12.344 12.396 12.127 11.678 11.315 11.023 10.769 10.496 10.204 9.931 9.473 8.763 8.097 7.793 7.656 7.282 6.405 6.051 6.023 6.000 5.983 6.002 6.663 6.472 5.872 6.107 6.076 5.981 5.910 5.849 5.814 5.759 5.672 5.586 5.554 5.537 5.521 5.502 5.473 5.446 5.426 5.407 5.386 5.354 5.316 5.287 4.996 4.561 4.418 4.397 4.348 4.196 4.016 3.996 3.971
16.288 15.592 13.359 12.922 12.853 12.732 12.657 12.607 12.560 12.510 12.419 12.371 12.198 11.859 11.547 11.227 10.995 10.747 10.435 10.185 9.932 9.589 9.155 8.574 7.903 7.609 7.141 6.288 6.068 6.043 6.021 6.005 6.454 7.001 6.146 5.893 6.219 6.182 6.114 6.061 5.931 5.888 5.834 5.803 5.741 5.656 5.580 5.536 5.506 5.479 5.459 5.443 5.427 5.409 5.352 5.334 5.171 4.781 4.478 4.429 4.410 4.262 4.111 4.103 4.095 4.078
15.130 14.732 13.665 12.919 12.744 12.639 12.623 12.581 12.530 12.464 12.396 12.333 12.068 11.661 11.396 11.187 11.017 10.831 10.522 10.341 10.122 9.784 9.433 8.895 7.959 7.556 7.043 6.173 6.091 6.067 6.047 6.043 6.650 6.792 6.012 5.996 6.357 6.308 6.204 6.114 6.019 5.981 5.956 5.878 5.721 5.691 5.685 5.578 5.506 5.480 5.461 5.440 5.419 5.361 5.327 5.274 4.984 4.624 4.452 4.412 4.347 4.136 4.094 4.086 4.071 4.049
14.639 13.907 13.202 12.918 12.746 12.588 12.572 12.551 12.566 12.516 12.499 12.425 12.081 11.694 11.418 11.203 11.103 11.003 10.825 10.731 10.547 10.172 9.726 8.873 7.922 7.517 6.945 6.157 6.113 6.093 6.075 6.078 6.178 6.158 6.031 6.476 6.441 6.387 6.158 6.068 5.991 5.941 5.906 5.874 5.852 5.644 5.581 5.554 5.499 5.482 5.467 5.451 5.427 5.351 5.327 5.135 4.776 4.527 4.422 4.384 4.226 4.094 4.081 4.067 4.046 4.028
14.515 13.542 12.996 12.875 12.700 12.544 12.529 12.490 12.543 12.586 12.548 12.372 11.981 11.602 11.404 11.244 11.203 11.172 11.128 11.102 10.969 10.632 9.945 8.554 7.842 7.504 6.891 6.171 6.136 6.121 6.107 6.115 6.193 6.174 6.388 6.509 6.454 6.404 6.195 6.040 5.956 5.902 5.856 5.821 5.802 5.713 5.649 5.528 5.491 5.475 5.459 5.442 5.369 5.340 5.252 4.944 4.629 4.539 4.462 4.283 4.100 4.083 4.068 4.048 4.027 4.016
14.023 13.157 13.018 12.978 12.776 12.476 12.397 12.392 12.424 12.799 12.725 12.041 11.628 11.441 11.346 11.294 11.334 11.248 11.203 11.189 11.154 10.822 9.697 8.212 7.814 7.467 6.819 6.191 6.159 6.151 6.140 6.153 6.215 6.646 6.644 6.562 6.489 6.343 6.080 5.992 5.918 5.857 5.805 5.768 5.746 5.677 5.623 5.523 5.489 5.469 5.448 5.425 5.373 5.347 5.107 4.789 4.641 4.575 4.352 4.113 4.092 4.076 4.056 4.028 4.008 3.992
