LISFLOOD/results/run10.mxe
ncols         413
nrows         307
xllcorner     341179.518085
yllcorner     4516729.658735
cellsize      10.000000
NODATA_value  -9999.000000
[rows 27 to 53 of 307, columns 310 to 371 of 413]
134.351 134.386 134.421 134.455 134.490 134.524 134.558 134.592 134.627 134.661 134.694 134.728 134.761 134.795 134.828 134.860 134.892 134.924 134.956 134.986 135.017 135.046 135.075 135.103 135.131 135.157 135.182 135.206 135.229 135.250 135.270 135.288 135.305 135.320 135.334 135.346 135.357 135.366 135.374 135.381 135.387 135.392 135.396 135.399 135.402 135.404 135.406 135.407 135.408 135.409 135.409 135.409 135.409 135.408 135.408 135.407 135.406 135.405 135.404 135.402 135.401 135.399
134.357 134.392 134.427 134.462 134.496 134.531 134.566 134.600 134.635 134.669 134.703 134.737 134.771 134.804 134.838 134.871 134.903 134.936 134.968 134.999 135.030 135.060 135.090 135.119 135.146 135.173 135.199 135.224 135.247 135.269 135.289 135.307 135.324 135.339 135.353 135.364 135.374 135.383 135.391 135.397 135.402 135.406 135.409 135.412 135.414 135.416 135.417 135.417 135.418 135.417 135.417 135.417 135.416 135.415 135.414 135.413 135.411 135.410 135.409 135.407 135.405 135.404
134.364 134.399 134.434 134.469 134.504 134.539 134.573 134.608 134.643 134.677 134.712 134.746 134.780 134.814 134.848 134.882 134.915 134.948 134.980 135.012 135.044 135.075 135.105 135.135 135.164 135.191 135.218 135.243 135.267 135.289 135.310 135.328 135.345 135.360 135.373 135.384 135.394 135.402 135.408 135.414 135.418 135.421 135.424 135.425 135.427 135.427 135.428 135.428 135.427 135.427 135.426 135.425 135.423 135.422 135.421 135.419 135.417 135.416 135.414 135.412 135.410 135.408
134.370 134.405 134.441 134.476 134.511 134.546 134.581 134.616 134.651 134.686 134.721 134.756 134.790 134.825 134.859 134.893 134.927 134.960 134.994 135.026 135.059 135.091 135.122 135.152 135.182 135.210 135.238 135.264 135.288 135.311 135.332 135.351 135.368 135.383 135.396 135.406 135.415 135.422 135.427 135.432 135.435 135.437 135.439 135.439 135.440 135.440 135.439 135.438 135.437 135.436 135.434 135.433 135.431 135.429 135.427 135.425 135.423 135.421 135.419 135.417 135.415 135.413
134.377 134.412 134.448 134.483 134.519 134.554 134.589 134.625 134.660 134.695 134.731 134.766 134.801 134.836 134.870 134.905 134.939 134.974 135.007 135.041 135.074 135.107 135.139 135.170 135.201 135.231 135.259 135.286 135.312 135.336 135.357 135.376 135.393 135.408 135.420 135.430 135.438 135.444 135.448 135.451 135.453 135.454 135.454 135.454 135.453 135.452 135.451 135.449 135.448 135.446 135.444 135.441 135.439 135.437 135.434 135.432 135.430 135.427 135.425 135.422 135.420 135.418
134.384 134.419 134.455 134.491 134.526 134.562 134.598 134.633 134.669 134.705 134.740 134.776 134.811 134.847 134.882 134.917 134.952 134.987 135.022 135.056 135.090 135.124 135.157 135.190 135.221 135.252 135.282 135.311 135.337 135.362 135.384 135.404 135.421 135.435 135.447 135.456 135.462 135.467 135.470 135.471 135.472 135.472 135.471 135.469 135.467 135.465 135.463 135.461 135.458 135.455 135.453 135.450 135.447 135.444 135.442 135.439 135.436 135.433 135.431 135.428 135.425 135.422
134.391 134.427 134.463 134.498 134.534 134.570 134.606 134.642 134.678 134.714 134.750 134.786 134.822 134.858 134.894 134.930 134.965 135.001 135.036 135.072 135.107 135.141 135.176 135.209 135.243 135.275 135.307 135.337 135.365 135.391 135.414 135.434 135.452 135.466 135.477 135.484 135.489 135.492 135.493 135.493 135.492 135.490 135.488 135.485 135.482 135.479 135.476 135.472 135.469 135.466 135.462 135.459 135.456 135.452 135.449 135.446 135.443 135.439 135.436 135.433 135.430 135.427
134.398 134.434 134.470 134.506 134.543 134.579 134.615 134.651 134.688 134.724 134.760 134.797 134.833 134.870 134.906 134.942 134.979 135.015 135.051 135.087 135.123 135.159 135.195 135.230 135.265 135.299 135.332 135.364 135.395 135.422 135.447 135.468 135.485 135.499 135.509 135.516 135.519 135.519 135.518 135.516 135.512 135.509 135.505 135.501 135.497 135.492 135.488 135.484 135.480 135.476 135.472 135.468 135.464 135.460 135.456 135.453 135.449 135.446 135.442 135.439 135.436 135.432
134.405 134.442 134.478 134.514 134.551 134.587 134.624 134.661 134.697 134.734 134.771 134.808 134.844 134.881 134.918 134.955 134.992 135.029 135.066 135.104 135.141 135.178 135.215 135.251 135.288 135.324 135.360 135.394 135.427 135.457 135.484 135.506 135.523 135.537 135.546 135.550 135.550 135.548 135.544 135.539 135.534 135.528 135.523 135.517 135.512 135.506 135.501 135.496 135.491 135.486 135.481 135.477 135.472 135.468 135.464 135.460 135.456 135.452 135.448 135.444 135.441 135.438
134.413 134.449 134.486 134.523 134.559 134.596 134.633 134.670 134.707 134.744 134.781 134.818 134.856 134.893 134.931 134.968 135.006 135.044 135.082 135.120 135.158 135.196 135.235 135.273 135.311 135.350 135.388 135.425 135.462 135.496 135.525 135.548 135.562 135.580 135.588 135.589 135.584 135.578 135.571 135.563 135.555 135.548 135.540 135.533 135.526 135.520 135.514 135.507 135.502 135.496 135.491 135.486 135.481 135.476 135.471 135.467 135.462 135.458 135.454 135.450 135.446 135.443
134.421 134.457 134.494 134.531 134.568 134.605 134.642 134.679 134.716 134.754 134.791 134.829 134.867 134.905 134.943 134.981 135.020 135.058 135.097 135.136 135.175 135.215 135.255 135.295 135.335 135.376 135.417 135.458 135.499 135.538 135.574 135.598 135.598 135.634 135.638 135.631 135.621 135.609 135.598 135.587 135.577 135.567 135.558 135.549 135.541 135.533 135.526 135.519 135.512 135.506 135.500 135.494 135.489 135.484 135.478 135.474 135.469 135.464 135.460 135.456 135.452 135.448
134.428 134.465 134.502 134.539 134.576 134.614 134.651 134.689 134.726 134.764 134.802 134.840 134.878 134.917 134.955 134.994 135.033 135.072 135.112 135.152 135.192 135.233 135.274 135.316 135.359 135.402 135.446 135.491 135.538 135.586 135.633 135.673 135.957 135.719 135.699 135.678 135.658 135.641 135.625 135.611 135.598 135.586 135.575 135.565 135.555 135.546 135.538 135.530 135.523 135.516 135.509 135.503 135.497 135.491 135.486 135.480 135.475 135.470 135.466 135.461 135.457 135.453
134.436 134.473 134.510 134.548 134.585 134.623 134.660 134.698 134.736 134.774 134.812 134.851 134.890 134.928 134.968 135.007 135.047 135.087 135.127 135.168 135.209 135.251 135.294 135.337 135.381 135.427 135.474 135.523 135.576 135.633 135.700 135.789 135.951 135.824 135.762 135.723 135.694 135.670 135.650 135.633 135.618 135.604 135.591 135.580 135.569 135.559 135.550 135.541 135.533 135.526 135.518 135.511 135.505 135.499 135.493 135.487 135.482 135.477 135.472 135.467 135.462 135.458
134.444 134.481 134.519 134.556 134.594 134.631 134.669 134.707 134.746 134.784 134.823 134.862 134.901 134.940 134.980 135.020 135.060 135.100 135.142 135.183 135.225 135.268 135.312 135.357 135.403 135.450 135.500 135.552 135.608 135.671 135.743 135.832 135.946 135.863 135.802 135.758 135.724 135.696 135.673 135.654 135.636 135.621 135.607 135.594 135.582 135.571 135.561 135.552 135.543 135.535 135.527 135.520 135.513 135.506 135.500 135.494 135.488 135.483 135.477 135.472 135.467 135.463
134.452 134.489 134.527 134.565 134.602 134.640 134.679 134.717 134.755 134.794 134.833 134.872 134.912 134.951 134.992 135.032 135.073 135.114 135.156 135.198 135.241 135.285 135.330 135.376 135.423 135.472 135.523 135.577 135.635 135.699 135.770 135.851 135.941 135.879 135.826 135.783 135.747 135.718 135.693 135.672 135.653 135.636 135.621 135.607 135.594 135.583 135.572 135.562 135.553 135.544 135.535 135.528 135.520 135.513 135.507 135.500 135.494 135.488 135.483 135.478 135.473 135.468
134.460 134.498 134.535 134.573 134.611 134.649 134.688 134.726 134.765 134.804 134.843 134.883 134.923 134.963 135.003 135.044 135.085 135.127 135.169 135.212 135.256 135.301 135.346 135.393 135.441 135.491 135.543 135.598 135.657 135.719 135.786 135.859 135.936 135.886 135.839 135.799 135.765 135.735 135.710 135.687 135.667 135.650 135.634 135.619 135.606 135.593 135.582 135.571 135.561 135.552 135.543 135.535 135.527 135.520 135.513 135.506 135.500 135.494 135.488 135.483 135.478 135.473
134.468 134.506 134.544 134.582 134.620 134.658 134.697 134.736 134.775 134.814 134.853 134.893 134.933 134.974 135.015 135.056 135.098 135.140 135.183 135.226 135.270 135.316 135.362 135.409 135.458 135.509 135.561 135.616 135.674 135.734 135.798 135.864 135.931 135.888 135.847 135.810 135.778 135.749 135.723 135.700 135.680 135.662 135.645 135.630 135.616 135.603 135.591 135.580 135.570 135.560 135.551 135.542 135.534 135.527 135.519 135.512 135.506 135.500 135.494 135.488 135.483 135.477
134.476 134.514 134.552 134.590 134.629 134.667 134.706 134.745 134.784 134.824 134.863 134.903 134.944 134.985 135.026 135.067 135.109 135.152 135.195 135.239 135.284 135.329 135.376 135.424 135.473 135.524 135.577 135.631 135.688 135.747 135.807 135.867 135.927 135.888 135.851 135.817 135.786 135.759 135.734 135.711 135.691 135.672 135.655 135.640 135.625 135.612 135.600 135.588 135.578 135.568 135.558 135.549 135.541 135.533 135.525 135.518 135.511 135.505 135.499 135.493 135.487 135.482
134.484 134.522 134.560 134.599 134.637 134.676 134.715 134.754 134.793 134.833 134.873 134.913 134.954 134.995 135.036 135.078 135.121 135.164 135.207 135.251 135.296 135.342 135.389 135.437 135.487 135.538 135.590 135.644 135.700 135.758 135.815 135.871 135.922 135.886 135.852 135.821 135.792 135.766 135.742 135.720 135.700 135.681 135.664 135.648 135.634 135.620 135.608 135.596 135.585 135.575 135.565 135.556 135.547 135.539 135.531 135.524 135.517 135.510 135.504 135.498 135.492 135.486
134.492 134.530 134.569 134.607 134.646 134.685 134.724 134.763 134.803 134.843 134.883 134.923 134.964 135.005 135.047 135.089 135.132 135.175 135.219 135.263 135.308 135.354 135.401 135.450 135.499 135.550 135.602 135.656 135.711 135.768 135.826 135.881 135.917 135.882 135.851 135.822 135.796 135.771 135.748 135.727 135.707 135.688 135.672 135.656 135.641 135.628 135.615 135.603 135.592 135.581 135.571 135.562 135.553 135.544 135.537 135.529 135.522 135.515 135.508 135.502 135.496 135.491
134.500 134.539 134.577 134.616 134.654 134.693 134.733 134.772 134.812 134.852 134.892 134.933 134.974 135.015 135.057 135.099 135.142 135.185 135.229 135.274 135.319 135.365 135.412 135.461 135.510 135.560 135.612 135.666 135.721 135.778 135.839 135.910 135.897 135.873 135.847 135.822 135.797 135.774 135.752 135.732 135.713 135.695 135.678 135.662 135.648 135.634 135.621 135.609 135.598 135.587 135.577 135.567 135.558 135.550 135.542 135.534 135.527 135.520 135.513 135.507 135.501 135.495
134.509 134.547 134.585 134.624 134.663 134.702 134.741 134.781 134.821 134.861 134.901 134.942 134.983 135.025 135.067 135.109 135.152 135.195 135.239 135.284 135.329 135.376 135.423 135.471 135.520 135.570 135.621 135.674 135.728 135.784 135.843 135.905 135.888 135.866 135.844 135.821 135.798 135.776 135.755 135.736 135.717 135.700 135.683 135.668 135.653 135.640 135.627 135.615 135.603 135.592 135.582 135.573 135.563 135.555 135.546 135.539 135.531 135.524 135.517 135.511 135.505 135.499
134.517 134.555 134.594 134.632 134.671 134.711 134.750 134.790 134.830 134.870 134.910 134.951 134.992 135.034 135.076 135.119 135.161 135.205 135.249 135.294 135.339 135.385 135.432 135.480 135.528 135.578 135.628 135.680 135.733 135.787 135.843 135.901 135.881 135.861 135.840 135.819 135.798 135.777 135.757 135.739 135.721 135.704 135.688 135.672 135.658 135.644 135.632 135.620 135.608 135.597 135.587 135.577 135.568 135.559 135.551 135.543 135.535 135.528 135.521 135.515 135.509 135.503
134.525 134.563 134.602 134.641 134.680 134.719 134.758 134.798 134.838 134.879 134.919 134.960 135.001 135.043 135.085 135.128 135.171 135.214 135.258 135.303 135.348 135.394 135.440 135.488 135.536 135.585 135.635 135.685 135.737 135.789 135.842 135.896 135.877 135.857 135.837 135.817 135.797 135.777 135.759 135.741 135.723 135.707 135.691 135.676 135.662 135.649 135.636 135.624 135.612 135.602 135.591 135.582 135.572 135.563 135.555 135.547 135.539 135.532 135.525 135.519 135.512 135.506
134.533 134.571 134.610 134.649 134.688 134.727 134.767 134.807 134.847 134.887 134.928 134.969 135.010 135.052 135.094 135.136 135.179 135.223 135.267 135.311 135.356 135.402 135.448 135.495 135.543 135.591 135.640 135.690 135.740 135.790 135.841 135.891 135.872 135.853 135.834 135.814 135.796 135.777 135.759 135.742 135.725 135.709 135.694 135.679 135.665 135.652 135.640 135.628 135.616 135.606 135.595 135.585 135.576 135.567 135.559 135.551 135.543 135.536 135.529 135.522 135.516 135.510
134.541 134.579 134.618 134.657 134.696 134.736 134.775 134.815 134.855 134.895 134.936 134.977 135.018 135.060 135.102 135.145 135.188 135.231 135.275 135.319 135.364 135.409 135.455 135.502 135.549 135.597 135.645 135.694 135.742 135.791 135.839 135.886 135.868 135.849 135.830 135.812 135.794 135.776 135.759 135.742 135.726 135.711 135.696 135.682 135.668 135.655 135.643 135.631 135.620 135.609 135.599 135.589 135.580 135.571 135.562 135.554 135.547 135.539 135.532 135.526 135.519 135.513
134.549 134.588 134.626 134.665 134.704 134.744 134.783 134.823 134.863 134.904 134.944 134.985 135.027 135.068 135.110 135.153 135.195 135.239 135.282 135.326 135.371 135.416 135.462 135.508 135.555 135.602 135.650 135.697 135.745 135.792 135.838 135.882 135.863 135.845 135.827 135.809 135.792 135.775 135.758 135.742 135.727 135.712 135.697 135.684 135.670 135.658 135.645 135.634 135.623 135.612 135.602 135.592 135.583 135.574 135.566 135.558 135.550 135.542 135.535 135.529 135.522 135.516
