LISFLOOD/results/run1.mxe
ncols         413
nrows         307
xllcorner     341179.518085
yllcorner     4516729.658735
cellsize      10.000000
NODATA_value  -9999.000000
[rows 0 to 27 of 307, columns 189 to 251 of 413]
-9999.000 -9999.000 -9999.000 -9999.000 -9999.000 -9999.000 -9999.000 -9999.000 -9999.000 -9999.000 -9999.000 -9999.000 -9999.000 -9999.000 -9999.000 -9999.000 -9999.000 -9999.000 -9999.000 -9999.000 -9999.000 -9999.000 -9999.000 -9999.000 -9999.000 -9999.000 -9999.000 -9999.000 -9999.000 -9999.000 -9999.000 -9999.000 -9999.000 -9999.000 -9999.000 -9999.000 -9999.000 -9999.000 -9999.000 -9999.000 -9999.000 -9999.000 -9999.000 -9999.000 -9999.000 -9999.000 -9999.000 -9999.000 -9999.000 -9999.000 -9999.000 -9999.000 -9999.000 -9999.000 -9999.000 -9999.000 -9999.000 -9999.000 -9999.000 -9999.000 -9999.000 -9999.000 -9999.000
-9999.000 -9999.000 -9999.000 -9999.000 -9999.000 -9999.000 -9999.000 -9999.000 -9999.000 -9999.000 -9999.000 -9999.000 -9999.000 -9999.000 -9999.000 -9999.000 -9999.000 -9999.000 -9999.000 -9999.000 -9999.000 -9999.000 -9999.000 -9999.000 -9999.000 -9999.000 -9999.000 -9999.000 -9999.000 -9999.000 -9999.000 -9999.000 -9999.000 -9999.000 -9999.000 -9999.000 -9999.000 -9999.000 -9999.000 -9999.000 -9999.000 -9999.000 -9999.000 -9999.000 -9999.000 -9999.000 -9999.000 -9999.000 -9999.000 -9999.000 -9999.000 -9999.000 -9999.000 -9999.000 -9999.000 -9999.000 -9999.000 -9999.000 -9999.000 -9999.000 -9999.000 -9999.000 -9999.000
-9999.000 -9999.000 -9999.000 -9999.000 -9999.000 -9999.000 -9999.000 -9999.000 -9999.000 -9999.000 -9999.000 -9999.000 -9999.000 -9999.000 -9999.000 -9999.000 -9999.000 -9999.000 -9999.000 -9999.000 -9999.000 -9999.000 -9999.000 -9999.000 -9999.000 -9999.000 -9999.000 -9999.000 -9999.000 -9999.000 -9999.000 -9999.000 -9999.000 -9999.000 -9999.000 -9999.000 -9999.000 -9999.000 -9999.000 -9999.000 -9999.000 -9999.000 -9999.000 -9999.000 -9999.000 -9999.000 -9999.000 -9999.000 -9999.000 -9999.000 -9999.000 -9999.000 -9999.000 -9999.000 -9999.000 -9999.000 -9999.000 -9999.000 -9999.000 -9999.000 -9999.000 -9999.000 -9999.000
-9999.000 -9999.000 -9999.000 -9999.000 -9999.000 -9999.000 -9999.000 -9999.000 -9999.000 -9999.000 -9999.000 -9999.000 -9999.000 -9999.000 -9999.000 -9999.000 -9999.000 -9999.000 -9999.000 -9999.000 -9999.000 -9999.000 -9999.000 -9999.000 -9999.000 -9999.000 -9999.000 -9999.000 -9999.000 -9999.000 -9999.000 -9999.000 -9999.000 -9999.000 -9999.000 -9999.000 -9999.000 -9999.000 -9999.000 -9999.000 -9999.000 -9999.000 -9999.000 -9999.000 -9999.000 -9999.000 -9999.000 -9999.000 -9999.000 -9999.000 -9999.000 -9999.000 -9999.000 -9999.000 -9999.000 -9999.000 -9999.000 -9999.000 -9999.000 -9999.000 -9999.000 -9999.000 -9999.000
-9999.000 -9999.000 -9999.000 -9999.000 -9999.000 -9999.000 -9999.000 -9999.000 -9999.000 -9999.000 -9999.000 -9999.000 -9999.000 -9999.000 -9999.000 -9999.000 -9999.000 -9999.000 -9999.000 -9999.000 -9999.000 -9999.000 -9999.000 -9999.000 -9999.000 -9999.000 -9999.000 -9999.000 -9999.000 -9999.000 -9999.000 -9999.000 -9999.000 -9999.000 -9999.000 -9999.000 -9999.000 -9999.000 -9999.000 -9999.000 -9999.000 -9999.000 -9999.000 -9999.000 -9999.000 -9999.000 -9999.000 -9999.000 -9999.000 -9999.000 -9999.000 -9999.000 -9999.000 -9999.000 -9999.000 -9999.000 -9999.000 -9999.000 -9999.000 -9999.000 -9999.000 -9999.000 -9999.000
-9999.000 -9999.000 -9999.000 -9999.000 -9999.000 -9999.000 -9999.000 -9999.000 -9999.000 -9999.000 -9999.000 -9999.000 -9999.000 -9999.000 -9999.000 -9999.000 -9999.000 -9999.000 -9999.000 -9999.000 -9999.000 -9999.000 -9999.000 -9999.000 -9999.000 -9999.000 -9999.000 -9999.000 -9999.000 -9999.000 -9999.000 -9999.000 -9999.000 -9999.000 -9999.000 -9999.000 -9999.000 -9999.000 -9999.000 -9999.000 -9999.000 -9999.000 -9999.000 -9999.000 -9999.000 -9999.000 -9999.000 -9999.000 -9999.000 -9999.000 -9999.000 -9999.000 -9999.000 -9999.000 -9999.000 -9999.000 -9999.000 -9999.000 -9999.000 -9999.000 -9999.000 -9999.000 -9999.000
-9999.000 -9999.000 -9999.000 -9999.000 -9999.000 -9999.000 -9999.000 -9999.000 -9999.000 -9999.000 -9999.000 -9999.000 -9999.000 -9999.000 -9999.000 -9999.000 -9999.000 -9999.000 -9999.000 -9999.000 -9999.000 -9999.000 -9999.000 -9999.000 -9999.000 -9999.000 -9999.000 -9999.000 -9999.000 -9999.000 -9999.000 -9999.000 -9999.000 -9999.000 -9999.000 -9999.000 -9999.000 -9999.000 -9999.000 -9999.000 -9999.000 -9999.000 -9999.000 -9999.000 -9999.000 -9999.000 -9999.000 -9999.000 -9999.000 -9999.000 -9999.000 -9999.000 -9999.000 -9999.000 -9999.000 -9999.000 -9999.000 -9999.000 -9999.000 -9999.000 -9999.000 -9999.000 -9999.000
-9999.000 -9999.000 -9999.000 -9999.000 -9999.000 -9999.000 -9999.000 -9999.000 -9999.000 -9999.000 -9999.000 -9999.000 -9999.000 -9999.000 -9999.000 -9999.000 -9999.000 -9999.000 -9999.000 -9999.000 -9999.000 -9999.000 -9999.000 -9999.000 -9999.000 -9999.000 -9999.000 -9999.000 -9999.000 -9999.000 -9999.000 -9999.000 -9999.000 -9999.000 -9999.000 -9999.000 -9999.000 -9999.000 -9999.000 -9999.000 -9999.000 -9999.000 -9999.000 -9999.000 -9999.000 -9999.000 -9999.000 -9999.000 -9999.000 -9999.000 -9999.000 -9999.000 -9999.000 -9999.000 -9999.000 -9999.000 -9999.000 -9999.000 -9999.000 -9999.000 -9999.000 -9999.000 -9999.000
-9999.000 -9999.000 -9999.000 -9999.000 -9999.000 -9999.000 -9999.000 -9999.000 -9999.000 -9999.000 -9999.000 -9999.000 -9999.000 -9999.000 -9999.000 -9999.000 -9999.000 -9999.000 -9999.000 -9999.000 -9999.000 -9999.000 -9999.000 -9999.000 -9999.000 -9999.000 -9999.000 -9999.000 -9999.000 -9999.000 -9999.000 -9999.000 -9999.000 -9999.000 -9999.000 -9999.000 -9999.000 -9999.000 -9999.000 -9999.000 -9999.000 -9999.000 -9999.000 -9999.000 -9999.000 -9999.000 -9999.000 -9999.000 -9999.000 -9999.000 -9999.000 -9999.000 -9999.000 -9999.000 -9999.000 -9999.000 -9999.000 -9999.000 -9999.000 -9999.000 -9999.000 -9999.000 -9999.000
135.131 135.242 135.352 135.462 135.570 135.678 135.783 135.887 135.988 136.087 136.184 136.277 136.368 136.456 136.541 136.623 136.702 136.779 136.853 136.926 136.996 137.065 137.131 137.197 137.260 137.323 137.384 137.444 137.503 137.559 137.612 137.660 137.695 -9999.000 -9999.000 -9999.000 -9999.000 -9999.000 -9999.000 -9999.000 -9999.000 -9999.000 -9999.000 -9999.000 -9999.000 -9999.000 -9999.000 -9999.000 -9999.000 -9999.000 -9999.000 -9999.000 -9999.000 -9999.000 -9999.000 -9999.000 -9999.000 -9999.000 -9999.000 -9999.000 -9999.000 -9999.000 -9999.000
135.133 135.244 135.354 135.464 135.573 135.680 135.786 135.890 135.992 136.091 136.188 136.281 136.372 136.460 136.545 136.627 136.706 136.783 136.857 136.929 136.999 137.067 137.134 137.199 137.263 137.325 137.387 137.447 137.506 137.563 137.619 137.674 137.732 137.809 137.881 137.949 138.016 138.083 138.149 138.214 138.280 138.346 138.412 138.478 138.544 138.611 138.678 138.746 138.814 138.883 138.952 139.021 139.091 139.162 139.233 139.305 139.377 139.450 139.523 139.597 139.671 139.746 139.822
135.136 135.248 135.359 135.469 135.578 135.686 135.793 135.897 136.000 136.099 136.196 136.290 136.380 136.468 136.553 136.634 136.713 136.790 136.864 136.935 137.005 137.073 137.140 137.204 137.268 137.330 137.392 137.452 137.511 137.570 137.628 137.687 137.749 137.817 137.885 137.952 138.018 138.084 138.150 138.216 138.281 138.347 138.413 138.479 138.545 138.612 138.679 138.747 138.815 138.883 138.952 139.022 139.092 139.163 139.234 139.305 139.378 139.450 139.524 139.598 139.672 139.747 139.822
135.141 135.253 135.365 135.476 135.586 135.695 135.802 135.908 136.011 136.111 136.208 136.302 136.393 136.481 136.565 136.646 136.725 136.801 136.874 136.945 137.014 137.082 137.148 137.212 137.275 137.338 137.399 137.459 137.519 137.579 137.638 137.698 137.760 137.825 137.891 137.957 138.022 138.088 138.153 138.218 138.283 138.349 138.415 138.481 138.547 138.614 138.681 138.748 138.816 138.885 138.954 139.023 139.093 139.164 139.235 139.306 139.379 139.451 139.525 139.599 139.673 139.748 139.824
135.147 135.261 135.373 135.485 135.596 135.707 135.815 135.922 136.026 136.128 136.225 136.320 136.411 136.498 136.582 136.662 136.740 136.815 136.888 136.958 137.027 137.093 137.158 137.222 137.285 137.347 137.408 137.468 137.528 137.588 137.648 137.709 137.771 137.834 137.898 137.963 138.027 138.092 138.157 138.222 138.287 138.352 138.417 138.483 138.549 138.616 138.683 138.750 138.818 138.887 138.956 139.025 139.095 139.166 139.237 139.308 139.380 139.453 139.527 139.600 139.675 139.750 139.825
135.156 135.270 135.383 135.496 135.609 135.721 135.832 135.941 136.046 136.149 136.247 136.342 136.433 136.520 136.603 136.683 136.759 136.833 136.905 136.974 137.042 137.107 137.172 137.235 137.297 137.358 137.419 137.479 137.539 137.599 137.659 137.719 137.781 137.843 137.906 137.970 138.033 138.097 138.162 138.226 138.291 138.356 138.421 138.487 138.553 138.619 138.686 138.753 138.821 138.889 138.958 139.028 139.097 139.168 139.239 139.311 139.383 139.455 139.529 139.603 139.677 139.752 139.828
135.168 135.281 135.394 135.508 135.623 135.738 135.852 135.963 136.071 136.175 136.274 136.369 136.460 136.546 136.629 136.707 136.783 136.855 136.926 136.994 137.060 137.124 137.188 137.250 137.311 137.372 137.432 137.491 137.551 137.610 137.670 137.730 137.791 137.853 137.915 137.978 138.041 138.104 138.168 138.232 138.296 138.360 138.425 138.491 138.557 138.623 138.690 138.757 138.824 138.893 138.961 139.031 139.101 139.171 139.242 139.313 139.386 139.458 139.532 139.606 139.680 139.755 139.831
135.183 135.295 135.407 135.521 135.638 135.757 135.876 135.991 136.101 136.206 136.306 136.402 136.492 136.578 136.659 136.736 136.810 136.881 136.949 137.016 137.080 137.144 137.206 137.267 137.327 137.387 137.446 137.505 137.564 137.623 137.682 137.742 137.802 137.863 137.924 137.986 138.049 138.111 138.174 138.238 138.302 138.366 138.431 138.496 138.561 138.627 138.694 138.761 138.828 138.897 138.965 139.034 139.104 139.174 139.245 139.317 139.389 139.462 139.535 139.609 139.683 139.758 139.834
135.203 135.309 135.418 135.532 135.652 135.777 135.906 136.024 136.137 136.244 136.345 136.441 136.531 136.616 136.695 136.770 136.842 136.910 136.977 137.041 137.104 137.165 137.226 137.285 137.345 137.403 137.462 137.520 137.578 137.636 137.695 137.754 137.814 137.874 137.935 137.996 138.057 138.119 138.182 138.245 138.308 138.372 138.437 138.501 138.567 138.632 138.699 138.766 138.833 138.901 138.970 139.039 139.108 139.179 139.249 139.321 139.393 139.466 139.539 139.613 139.687 139.762 139.838
135.228 135.320 135.425 135.539 135.662 135.795 135.948 136.065 136.180 136.288 136.391 136.488 136.577 136.659 136.736 136.809 136.878 136.943 137.007 137.069 137.130 137.189 137.248 137.306 137.364 137.421 137.479 137.536 137.593 137.651 137.709 137.767 137.826 137.885 137.945 138.006 138.067 138.128 138.190 138.253 138.316 138.379 138.443 138.508 138.573 138.638 138.704 138.771 138.838 138.906 138.974 139.043 139.113 139.183 139.254 139.326 139.398 139.470 139.543 139.617 139.692 139.767 139.843
-9999.000 -9999.000 -9999.000 -9999.000 -9999.000 -9999.000 136.027 136.108 136.233 136.337 136.445 136.543 136.630 136.710 136.784 136.852 136.917 136.980 137.041 137.100 137.158 137.215 137.272 137.328 137.385 137.441 137.497 137.553 137.609 137.666 137.723 137.781 137.839 137.898 137.957 138.017 138.077 138.138 138.199 138.261 138.324 138.387 138.450 138.515 138.579 138.645 138.711 138.777 138.844 138.912 138.980 139.049 139.118 139.188 139.259 139.331 139.403 139.475 139.548 139.622 139.697 139.772 139.848
-9999.000 -9999.000 -9999.000 -9999.000 -9999.000 -9999.000 -9999.000 -9999.000 136.308 136.384 136.509 136.609 136.694 136.769 136.837 136.900 136.961 137.020 137.077 137.133 137.188 137.243 137.298 137.352 137.407 137.461 137.516 137.571 137.626 137.682 137.739 137.795 137.853 137.911 137.969 138.028 138.088 138.148 138.209 138.270 138.333 138.395 138.458 138.522 138.587 138.652 138.717 138.784 138.850 138.918 138.986 139.055 139.124 139.194 139.265 139.336 139.408 139.481 139.554 139.628 139.702 139.777 139.853
-9999.000 -9999.000 -9999.000 -9999.000 -9999.000 -9999.000 -9999.000 -9999.000 -9999.000 -9999.000 136.600 136.691 136.768 136.835 136.896 136.953 137.008 137.062 137.115 137.168 137.220 137.272 137.325 137.377 137.430 137.483 137.536 137.590 137.644 137.699 137.754 137.810 137.867 137.924 137.982 138.040 138.099 138.159 138.219 138.280 138.342 138.404 138.467 138.530 138.595 138.659 138.725 138.791 138.857 138.925 138.993 139.061 139.131 139.200 139.271 139.342 139.414 139.487 139.560 139.634 139.708 139.783 139.859
-9999.000 -9999.000 -9999.000 -9999.000 -9999.000 -9999.000 -9999.000 -9999.000 -9999.000 -9999.000 -9999.000 136.791 136.854 136.908 136.959 137.009 137.058 137.106 137.155 137.204 137.253 137.303 137.353 137.403 137.454 137.505 137.557 137.610 137.663 137.717 137.771 137.826 137.882 137.938 137.995 138.053 138.111 138.170 138.230 138.291 138.352 138.413 138.476 138.539 138.603 138.667 138.733 138.798 138.865 138.932 139.000 139.068 139.137 139.207 139.278 139.349 139.421 139.493 139.566 139.640 139.715 139.790 139.866
-9999.000 -9999.000 -9999.000 -9999.000 -9999.000 -9999.000 -9999.000 -9999.000 -9999.000 -9999.000 -9999.000 136.897 136.949 136.987 137.026 137.066 137.108 137.152 137.196 137.241 137.287 137.334 137.381 137.430 137.479 137.528 137.579 137.630 137.682 137.735 137.788 137.842 137.897 137.952 138.009 138.066 138.124 138.182 138.241 138.301 138.362 138.423 138.485 138.548 138.612 138.676 138.741 138.806 138.873 138.940 139.007 139.076 139.145 139.214 139.285 139.356 139.428 139.500 139.573 139.647 139.722 139.797 139.873
-9999.000 -9999.000 -9999.000 -9999.000 -9999.000 -9999.000 -9999.000 -9999.000 -9999.000 -9999.000 -9999.000 137.059 137.046 137.065 137.092 137.124 137.159 137.197 137.237 137.279 137.321 137.365 137.411 137.457 137.504 137.552 137.601 137.651 137.701 137.753 137.805 137.858 137.912 137.967 138.023 138.079 138.136 138.194 138.253 138.313 138.373 138.434 138.495 138.558 138.621 138.685 138.750 138.815 138.881 138.948 139.015 139.083 139.152 139.222 139.292 139.363 139.435 139.507 139.581 139.654 139.729 139.804 139.880
-9999.000 -9999.000 -9999.000 -9999.000 -9999.000 -9999.000 -9999.000 -9999.000 -9999.000 -9999.000 -9999.000 137.199 137.125 137.135 137.154 137.179 137.209 137.242 137.278 137.316 137.356 137.397 137.440 137.484 137.529 137.576 137.623 137.672 137.721 137.772 137.823 137.875 137.928 137.982 138.037 138.093 138.150 138.207 138.265 138.324 138.384 138.445 138.506 138.568 138.631 138.694 138.759 138.824 138.890 138.956 139.024 139.092 139.161 139.230 139.300 139.371 139.443 139.515 139.588 139.662 139.737 139.812 139.888
-9999.000 -9999.000 -9999.000 -9999.000 -9999.000 -9999.000 -9999.000 -9999.000 -9999.000 -9999.000 -9999.000 137.236 137.194 137.198 137.212 137.232 137.257 137.286 137.318 137.353 137.390 137.429 137.469 137.511 137.555 137.600 137.646 137.693 137.741 137.791 137.841 137.892 137.945 137.998 138.052 138.107 138.163 138.220 138.278 138.336 138.396 138.456 138.517 138.578 138.641 138.704 138.769 138.833 138.899 138.965 139.033 139.101 139.169 139.239 139.309 139.380 139.451 139.523 139.597 139.670 139.745 139.820 139.896
-9999.000 -9999.000 -9999.000 -9999.000 -9999.000 -9999.000 -9999.000 -9999.000 -9999.000 -9999.000 -9999.000 137.276 137.255 137.254 137.264 137.280 137.301 137.327 137.356 137.388 137.423 137.460 137.498 137.539 137.580 137.624 137.669 137.715 137.762 137.810 137.859 137.910 137.961 138.014 138.067 138.122 138.177 138.233 138.291 138.349 138.408 138.467 138.528 138.589 138.652 138.715 138.779 138.843 138.909 138.975 139.042 139.110 139.178 139.247 139.317 139.388 139.460 139.532 139.605 139.679 139.753 139.828 139.904
