LISFLOOD/results/run12.inittm
ncols         413
nrows         307
xllcorner     341179.518085
yllcorner     4516729.658735
cellsize      10.000000
NODATA_value  -9999.000000
[rows 116 to 144 of 307, columns 195 to 259 of 413]
24.254 23.389 22.318 22.120 21.676 21.673 21.385 20.805 20.364 20.037 19.696 19.597 19.831 19.426 18.658 17.867 16.414 14.683 13.458 12.247 9.707 9.337 9.303 9.293 9.289 9.288 9.361 10.863 10.869 10.909 10.702 10.840 10.335 9.807 9.794 18.020 -9999.000 -9999.000 -9999.000 -9999.000 -9999.000 -9999.000 9.394 6.784 6.151 6.133 6.376 6.520 6.463 6.497 6.798 7.401 7.854 5.520 5.041 5.029 5.052 5.173 5.216 5.178 5.053 4.972 4.748 4.375 4.019
24.388 23.533 22.689 22.179 22.134 23.618 22.827 20.967 20.422 20.113 19.897 19.717 19.767 19.372 18.603 17.506 15.591 14.068 13.279 11.902 9.435 9.368 9.343 9.334 9.334 9.332 9.648 10.843 10.818 10.783 10.741 10.927 9.898 9.857 15.759 -9999.000 -9999.000 -9999.000 -9999.000 -9999.000 -9999.000 16.049 7.492 6.291 6.268 6.476 6.640 6.585 6.494 6.578 6.812 7.974 7.982 5.419 5.237 5.133 5.239 5.298 5.277 5.251 5.196 5.129 5.047 4.908 4.576
23.460 23.622 22.848 22.226 22.226 23.516 22.924 21.023 20.806 20.183 20.039 20.023 19.834 19.334 18.605 17.302 14.936 13.522 13.008 11.447 9.448 9.401 9.386 9.377 9.377 9.378 10.285 10.937 10.889 10.821 10.864 10.077 9.911 14.031 22.215 -9999.000 -9999.000 -9999.000 -9999.000 -9999.000 -9999.000 8.579 6.846 6.426 6.473 6.517 6.598 6.581 6.562 6.586 6.742 8.005 6.003 5.446 5.324 5.206 5.303 5.292 5.259 5.233 5.202 5.166 5.101 4.995 4.842
22.763 22.997 22.786 22.279 22.078 21.431 21.344 20.957 20.877 20.252 20.219 20.115 19.907 19.408 18.423 16.875 14.271 13.198 12.587 10.798 9.473 9.439 9.430 9.421 9.421 9.437 10.678 10.982 10.920 10.874 10.999 10.084 10.071 18.573 -9999.000 -9999.000 -9999.000 -9999.000 -9999.000 -9999.000 14.619 7.463 6.750 6.498 6.495 6.523 6.603 6.583 6.558 6.553 6.657 7.702 5.658 5.471 5.356 5.304 5.283 5.260 5.239 5.212 5.182 5.151 5.108 4.994 4.820
22.661 22.478 22.264 22.119 21.688 21.266 21.069 20.853 20.782 20.338 20.306 20.191 19.959 19.322 17.566 15.895 13.701 12.901 11.977 10.006 9.508 9.482 9.472 9.467 9.466 9.488 10.633 11.077 10.979 11.869 10.266 10.108 15.942 -9999.000 -9999.000 -9999.000 -9999.000 -9999.000 -9999.000 -9999.000 8.517 6.925 6.629 6.523 6.524 6.687 6.662 6.600 6.549 6.490 6.354 6.299 5.541 5.458 5.341 5.296 5.269 5.241 5.217 5.191 5.162 5.128 5.071 4.967 4.794
22.561 22.436 22.067 21.530 21.419 21.256 21.072 20.929 20.809 20.423 20.373 20.257 19.908 18.973 16.616 15.249 13.559 12.423 11.078 9.610 9.542 9.525 9.517 9.512 9.510 9.574 10.599 10.594 10.647 11.672 10.278 13.998 21.818 -9999.000 -9999.000 -9999.000 -9999.000 -9999.000 -9999.000 14.529 7.551 6.676 6.626 6.608 6.797 6.778 6.755 6.751 6.830 6.776 6.123 6.097 5.519 5.468 5.314 5.284 5.258 5.227 5.197 5.169 5.139 5.102 5.032 4.921 4.757
22.549 22.196 21.847 21.302 21.248 21.134 21.018 20.912 20.781 20.480 20.410 20.278 19.922 18.307 15.976 14.992 13.528 11.857 10.021 9.616 9.576 9.570 9.563 9.558 9.559 9.656 10.579 10.562 10.540 10.388 10.376 18.545 -9999.000 -9999.000 -9999.000 -9999.000 -9999.000 -9999.000 -9999.000 8.364 6.793 6.690 6.748 6.837 6.799 6.761 6.722 6.706 8.106 6.368 6.129 6.113 5.503 5.464 5.304 5.274 5.247 5.213 5.182 5.146 5.108 5.074 4.991 4.853 4.714
22.207 21.988 21.461 21.327 21.293 21.138 21.036 20.959 20.736 20.534 20.509 20.389 19.483 16.954 15.504 14.872 13.368 11.300 9.709 9.647 9.617 9.611 9.610 9.606 9.607 9.914 10.584 10.599 10.430 10.402 16.136 -9999.000 -9999.000 -9999.000 -9999.000 -9999.000 -9999.000 -9999.000 13.391 7.349 6.810 6.847 6.931 6.893 6.805 6.742 6.698 6.674 6.626 6.220 6.202 6.326 5.506 5.450 5.311 5.259 5.233 5.201 5.169 5.131 5.088 5.049 4.953 4.791 4.672
22.258 22.315 21.557 21.419 22.081 22.029 21.440 21.066 20.728 20.580 20.602 19.756 17.431 15.793 15.323 14.711 12.975 10.661 9.723 9.685 9.662 9.654 9.656 9.652 9.656 10.514 10.547 10.525 10.443 14.443 22.411 -9999.000 -9999.000 -9999.000 -9999.000 -9999.000 -9999.000 -9999.000 8.200 6.923 6.909 6.971 6.932 6.898 6.868 6.854 6.997 7.049 6.278 6.198 6.184 6.338 5.647 5.612 5.374 5.241 5.213 5.185 5.154 5.117 5.081 5.021 4.899 4.752 4.633
22.218 22.212 21.607 21.455 22.247 23.387 22.617 20.924 19.899 19.541 19.285 17.765 15.670 15.098 14.856 14.120 12.317 9.944 9.758 9.724 9.708 9.702 9.701 9.700 9.773 10.593 10.578 10.542 13.095 18.923 -9999.000 -9999.000 -9999.000 -9999.000 -9999.000 -9999.000 -9999.000 12.126 7.307 6.942 7.006 6.966 6.907 6.865 6.830 6.816 6.936 6.464 6.203 6.172 6.142 6.116 5.859 5.662 5.544 5.225 5.191 5.162 5.134 5.098 5.064 4.993 4.853 4.722 4.601
21.824 21.618 21.507 21.482 22.938 25.372 24.671 21.369 19.809 19.242 18.906 17.885 16.479 15.467 14.392 13.054 11.597 9.869 9.792 9.768 9.756 9.748 9.799 10.324 10.691 10.681 10.657 10.718 16.076 -9999.000 -9999.000 -9999.000 -9999.000 -9999.000 -9999.000 -9999.000 26.422 7.991 7.066 7.037 6.999 6.939 6.894 6.850 6.815 6.780 6.568 6.257 6.179 6.152 6.130 6.114 6.082 5.699 5.649 5.247 5.173 5.139 5.109 5.075 5.028 4.944 4.808 4.695 4.583
22.636 22.057 22.002 22.146 24.621 25.794 24.491 22.446 21.246 21.136 21.188 20.972 20.413 19.361 16.910 12.536 10.989 9.896 9.826 9.813 9.800 9.863 10.736 10.790 10.763 10.682 10.651 11.490 21.203 -9999.000 -9999.000 -9999.000 -9999.000 -9999.000 -9999.000 -9999.000 10.716 7.302 7.182 7.348 7.324 7.286 7.256 7.248 7.278 6.618 6.312 6.190 6.156 6.127 6.098 6.105 6.092 5.797 5.753 5.556 5.171 5.123 5.087 5.051 4.982 4.889 4.776 4.677 4.572
22.764 22.549 22.624 22.910 24.438 24.534 22.238 21.598 21.520 22.135 21.832 21.044 20.913 21.142 17.989 12.207 10.856 9.923 9.862 9.853 9.847 10.415 10.752 10.818 10.745 10.611 10.586 11.144 26.977 -9999.000 -9999.000 -9999.000 -9999.000 -9999.000 -9999.000 25.939 8.039 7.367 7.313 7.338 7.317 7.304 7.254 7.210 6.702 6.332 6.236 6.188 6.142 6.098 6.059 6.024 5.999 5.964 5.861 5.827 5.364 5.128 5.079 5.009 4.934 4.854 4.759 4.661 4.589
22.689 22.608 22.703 22.818 22.812 22.713 21.807 21.609 21.570 21.955 21.595 19.778 19.027 18.245 14.403 11.280 10.885 9.966 9.897 9.895 9.906 10.699 10.676 10.628 10.593 10.570 10.536 10.792 26.609 -9999.000 -9999.000 -9999.000 -9999.000 -9999.000 -9999.000 11.608 7.727 7.611 7.428 7.358 7.321 7.376 7.231 6.664 6.378 6.328 6.291 6.248 6.206 6.159 6.119 6.077 6.039 6.107 5.881 5.833 5.671 5.199 5.084 4.987 4.895 4.841 4.783 4.746 4.703
22.726 22.668 22.731 22.761 22.550 22.494 22.154 21.897 21.842 22.614 21.804 19.377 18.406 15.973 12.072 10.352 10.287 9.978 9.943 9.993 10.412 10.931 10.762 10.619 10.575 10.549 10.514 10.478 10.456 10.422 10.383 11.298 13.009 13.493 11.876 8.328 7.939 7.909 7.770 7.626 7.279 6.778 6.553 6.431 6.407 6.392 6.430 6.387 6.316 6.186 6.139 6.103 6.066 6.040 5.990 5.796 5.756 5.404 5.095 4.962 4.867 4.816 4.773 4.756 4.743
22.774 22.749 22.770 22.477 22.426 22.480 22.421 22.013 21.983 23.334 21.528 19.167 17.733 14.061 10.990 10.080 10.047 10.017 10.386 11.256 11.952 13.132 13.443 13.376 14.231 17.389 26.787 26.812 22.428 12.467 10.321 9.469 9.120 9.005 8.857 8.779 8.888 8.728 7.861 6.610 6.528 6.492 6.472 6.451 6.446 6.487 6.541 6.540 6.502 6.345 6.231 6.194 6.156 6.100 6.173 5.931 5.879 5.667 5.139 4.950 4.857 4.777 4.745 4.721 4.657
22.816 22.843 22.543 22.408 22.373 22.311 22.222 22.058 22.452 22.534 20.357 18.721 15.822 12.153 10.198 10.112 10.091 10.807 11.876 12.781 13.258 13.589 13.523 13.714 15.917 23.540 -9999.000 -9999.000 -9999.000 -9999.000 -9999.000 -9999.000 20.353 10.103 6.604 6.706 7.010 7.326 7.419 7.060 6.961 6.686 6.614 6.513 6.476 6.519 6.586 6.512 6.468 6.411 6.404 6.689 6.950 6.755 6.618 6.263 6.128 5.923 5.283 4.982 4.855 4.758 4.723 4.681 4.558
22.299 22.585 22.511 22.467 24.018 24.564 23.053 22.204 23.537 21.732 19.477 17.913 13.357 10.462 10.184 10.148 10.709 12.083 12.876 13.315 13.473 13.618 13.571 14.731 19.468 -9999.000 -9999.000 -9999.000 -9999.000 -9999.000 -9999.000 -9999.000 -9999.000 9.237 5.853 5.941 5.798 5.853 6.084 6.240 6.430 6.417 6.593 6.609 6.812 6.863 6.995 6.827 6.853 6.824 6.989 7.228 7.718 7.682 7.556 6.654 6.304 6.244 5.819 5.228 4.959 4.831 4.793 4.643 4.483
21.886 21.753 21.865 22.094 23.289 23.946 23.758 23.207 23.399 20.574 18.976 16.189 11.658 10.266 10.223 10.262 11.879 12.929 13.161 13.359 13.522 13.661 13.909 17.013 -9999.000 -9999.000 -9999.000 -9999.000 -9999.000 -9999.000 -9999.000 -9999.000 15.637 6.357 5.705 5.676 5.590 5.583 5.623 5.734 5.874 5.792 5.729 5.661 6.509 6.552 6.599 6.651 6.872 7.011 7.329 7.366 7.517 7.705 7.706 7.194 6.629 6.575 6.496 5.946 5.338 4.866 4.809 4.666 4.342
22.001 21.569 21.333 21.079 21.189 22.053 23.114 23.542 22.285 19.694 18.374 14.074 10.521 10.298 10.263 11.109 12.891 13.203 13.391 13.407 13.569 13.714 15.192 21.899 -9999.000 -9999.000 -9999.000 -9999.000 -9999.000 -9999.000 -9999.000 -9999.000 8.509 5.694 5.674 5.534 5.551 5.536 5.558 5.531 5.496 5.463 5.432 5.401 5.382 5.349 5.328 5.340 5.555 6.012 6.510 6.672 6.766 6.857 7.024 6.961 6.849 6.774 6.706 6.454 6.026 5.352 5.039 4.904 4.433
22.058 21.787 21.407 20.862 20.604 20.529 21.028 22.200 20.649 19.142 17.474 12.604 10.382 10.337 10.351 12.122 13.365 13.405 13.443 13.497 13.693 14.427 18.764 -9999.000 -9999.000 -9999.000 -9999.000 -9999.000 -9999.000 -9999.000 -9999.000 13.333 6.001 5.624 5.529 5.483 5.515 5.488 5.536 5.508 5.475 5.438 5.401 5.365 5.331 5.302 5.269 5.242 5.221 5.217 5.255 5.324 5.412 5.513 5.874 6.162 6.108 6.051 5.986 5.925 5.867 5.748 5.458 5.341 4.909
22.138 22.060 21.398 20.709 20.454 20.227 19.969 20.004 19.401 18.567 16.075 11.670 10.416 10.379 10.878 13.029 13.457 13.489 13.518 13.557 14.091 16.783 26.997 -9999.000 -9999.000 -9999.000 -9999.000 -9999.000 -9999.000 -9999.000 -9999.000 7.887 5.630 5.614 5.414 5.414 5.416 5.421 5.511 5.481 5.448 5.415 5.382 5.349 5.313 5.277 5.238 5.205 5.174 5.156 5.136 5.163 5.156 5.127 5.114 5.139 5.179 5.136 5.071 5.017 4.966 4.899 4.822 4.825 4.703
22.359 22.233 21.231 20.332 20.166 20.071 19.473 19.003 18.728 17.551 14.101 10.686 10.457 10.429 11.822 13.586 13.661 13.672 13.632 13.729 15.328 21.546 -9999.000 -9999.000 -9999.000 -9999.000 -9999.000 -9999.000 -9999.000 -9999.000 11.736 6.003 5.596 5.429 5.342 5.342 5.323 5.380 5.507 5.474 5.442 5.411 5.379 5.346 5.306 5.261 5.215 5.169 5.131 5.112 5.065 5.058 5.063 5.028 4.995 4.904 4.935 4.998 4.953 4.901 4.847 4.736 4.414 4.032 3.540
22.579 22.181 21.406 20.553 20.098 19.732 19.118 18.719 18.494 16.529 12.718 10.554 10.496 10.526 12.650 13.756 13.733 13.722 13.673 14.351 18.291 -9999.000 -9999.000 -9999.000 -9999.000 -9999.000 -9999.000 -9999.000 -9999.000 22.619 7.168 5.441 5.461 5.306 5.254 5.246 5.268 5.355 5.509 5.483 5.455 5.428 5.401 5.366 5.329 5.281 5.231 5.134 5.080 5.041 4.989 4.960 4.931 4.895 4.841 4.728 4.739 4.817 4.861 4.818 4.769 4.659 4.279 3.713 3.128
23.053 22.230 21.682 21.418 20.762 19.884 19.144 18.747 18.341 15.748 12.028 10.581 10.541 10.730 13.363 13.817 13.779 13.771 13.884 16.158 24.311 -9999.000 -9999.000 -9999.000 -9999.000 -9999.000 -9999.000 -9999.000 -9999.000 10.086 5.622 5.371 5.336 5.243 5.183 5.175 5.224 5.339 5.479 5.518 5.492 5.469 5.433 5.394 5.349 5.297 5.239 5.123 5.052 4.979 4.926 4.889 4.852 4.817 4.701 4.598 4.590 4.593 4.635 4.596 4.550 4.441 4.077 3.513 2.944
23.421 22.719 21.964 21.936 21.234 20.263 19.526 18.926 17.843 14.474 11.222 10.623 10.591 11.025 13.633 13.911 13.849 13.990 15.009 20.043 -9999.000 -9999.000 -9999.000 -9999.000 -9999.000 -9999.000 -9999.000 -9999.000 16.699 6.356 5.366 5.340 5.303 5.204 5.121 5.121 5.181 5.275 5.378 5.446 5.506 5.489 5.453 5.420 5.371 5.310 5.218 5.121 5.041 4.952 4.908 4.865 4.821 4.776 4.598 4.499 4.446 4.421 4.419 4.377 4.332 4.164 3.809 3.288 2.851
23.324 22.791 22.257 22.054 21.187 20.208 19.597 19.108 17.120 13.507 10.791 10.664 10.647 11.618 13.941 13.961 13.954 14.497 17.296 -9999.000 -9999.000 -9999.000 -9999.000 -9999.000 -9999.000 -9999.000 -9999.000 -9999.000 8.443 5.374 5.341 5.309 5.265 5.163 5.083 5.085 5.129 5.202 5.229 5.318 5.414 5.417 5.409 5.411 5.362 5.304 5.217 5.143 5.045 4.965 4.919 4.869 4.822 4.714 4.531 4.420 4.329 4.305 4.276 4.225 4.139 3.941 3.573 3.099 2.831
22.939 22.528 22.375 22.014 20.800 19.912 19.517 18.821 15.657 12.425 10.768 10.706 10.719 12.479 14.121 14.013 14.334 15.445 21.664 -9999.000 -9999.000 -9999.000 -9999.000 -9999.000 -9999.000 -9999.000 -9999.000 12.704 5.524 5.332 5.330 5.299 5.257 5.121 5.048 5.044 5.070 5.093 5.093 5.217 5.339 5.334 5.346 5.357 5.319 5.263 5.192 5.130 5.050 4.988 4.922 4.860 4.804 4.633 4.463 4.339 4.254 4.217 4.158 4.093 3.964 3.743 3.372 2.996 2.657
22.761 22.437 22.252 21.551 20.452 19.793 19.456 18.059 14.333 11.470 10.798 10.753 10.879 13.347 14.384 14.350 14.997 18.283 -9999.000 -9999.000 -9999.000 -9999.000 -9999.000 -9999.000 -9999.000 -9999.000 25.644 7.188 5.271 5.294 5.295 5.275 5.238 5.069 5.015 5.003 4.985 5.007 5.021 5.147 5.280 5.277 5.276 5.299 5.261 5.205 5.134 5.076 5.006 4.947 4.892 4.835 4.724 4.532 4.379 4.267 4.212 4.161 4.087 3.998 3.798 3.522 3.194 2.952 2.028
