LISFLOOD/results/run1.inittm
ncols         413
nrows         307
xllcorner     341179.518085
yllcorner     4516729.658735
cellsize      10.000000
NODATA_value  -9999.000000
[rows 90 to 119 of 307, columns 198 to 263 of 413]
13.487 13.118 13.076 13.145 13.051 12.779 12.339 12.279 12.222 12.587 12.437 11.827 11.551 11.444 11.383 11.361 11.421 11.311 11.259 11.242 11.196 10.705 9.043 8.082 7.788 7.411 6.673 6.211 6.187 6.181 6.175 6.191 6.561 6.894 6.828 6.744 6.624 6.314 5.999 5.933 5.878 5.824 5.767 5.726 5.683 5.635 5.589 5.551 5.531 5.512 5.491 5.435 5.417 5.242 4.875 4.646 4.602 4.417 4.152 4.114 4.093 4.068 4.038 4.013 4.001 4.214
13.337 13.150 13.119 13.229 13.331 13.228 12.601 12.239 12.098 12.049 11.946 11.748 11.603 11.472 11.429 11.465 11.471 11.373 11.317 11.283 11.185 10.220 8.634 8.079 7.777 7.312 6.468 6.235 6.217 6.212 6.211 6.246 6.921 6.939 6.942 6.838 6.623 6.423 6.167 5.951 5.888 5.824 5.764 5.716 5.676 5.637 5.583 5.556 5.534 5.512 5.451 5.418 5.381 5.038 4.586 4.494 4.445 4.242 4.170 4.144 4.114 4.078 4.016 3.994 3.977 3.948
13.321 13.185 13.164 13.303 13.343 13.276 12.608 12.256 12.038 11.886 11.789 11.702 11.616 11.511 11.511 11.547 11.507 11.428 11.364 11.304 11.025 9.587 8.442 8.032 7.713 7.147 6.334 6.259 6.249 6.244 6.243 6.318 6.900 6.880 6.829 6.826 6.537 6.480 6.283 5.982 5.917 5.858 5.809 5.771 5.713 5.639 5.602 5.579 5.560 5.537 5.472 5.452 5.224 4.766 4.429 4.390 4.286 4.262 4.286 4.237 4.174 4.036 4.003 3.988 4.156 3.538
13.303 13.127 13.086 13.113 13.041 12.917 12.442 12.307 12.188 11.974 11.822 11.706 11.623 11.552 11.577 11.609 11.521 11.469 11.373 11.203 10.504 8.996 8.326 7.969 7.637 6.934 6.323 6.284 6.279 6.276 6.275 6.572 6.893 6.842 6.751 6.617 6.475 6.400 6.328 6.234 6.061 5.931 6.092 6.184 5.699 5.657 5.633 5.611 5.583 5.488 5.453 5.369 4.967 4.560 4.346 4.286 4.279 4.349 4.389 4.359 4.085 4.009 3.983 3.963 3.907 3.202
13.288 13.030 12.900 12.841 12.769 12.659 12.553 12.492 12.397 12.236 12.009 11.829 11.712 11.623 11.616 11.552 11.390 11.349 11.212 11.022 9.957 8.721 8.258 7.941 7.577 6.756 6.339 6.309 6.307 6.306 6.309 7.012 7.036 7.060 6.748 6.558 6.504 6.451 6.426 6.418 6.307 6.134 6.209 6.012 5.674 5.652 5.633 5.611 5.576 5.481 5.451 5.116 4.670 4.424 4.278 4.266 4.260 4.319 4.336 4.210 4.112 4.116 4.248 4.222 3.541 3.138
13.314 13.102 12.927 12.864 12.798 12.722 12.658 12.693 12.645 12.571 12.334 12.135 11.969 11.801 11.662 11.354 11.134 11.042 10.934 10.788 9.730 8.657 8.215 7.892 7.369 6.511 6.360 6.336 6.334 6.333 6.418 7.000 6.962 6.889 6.664 6.583 6.550 6.507 6.521 6.469 6.366 6.318 6.023 5.771 5.747 5.722 5.703 5.676 5.551 5.518 5.301 4.577 4.401 4.295 4.264 4.252 4.241 4.236 4.204 4.173 4.144 4.258 4.248 3.944 3.218 3.109
13.339 13.283 13.146 13.056 12.931 12.831 12.809 12.928 12.983 12.777 12.483 12.368 12.255 12.041 11.662 11.374 11.252 11.056 10.708 10.401 9.370 8.538 8.179 7.836 7.111 6.424 6.383 6.367 6.362 6.362 6.978 7.059 7.005 6.853 6.656 6.621 6.603 6.583 6.552 6.478 6.394 6.224 5.814 5.793 5.763 5.723 5.690 5.647 5.567 5.510 5.070 4.411 4.301 4.272 4.254 4.238 4.218 4.189 4.171 4.156 4.149 4.237 4.381 3.477 3.111 3.077
13.415 13.408 13.419 13.348 13.051 13.054 13.213 13.352 13.201 12.842 12.554 12.431 12.328 12.113 11.592 11.426 11.462 11.498 11.104 10.469 9.281 8.452 8.091 7.689 6.762 6.434 6.407 6.397 6.391 6.457 7.138 7.109 7.052 6.808 6.684 6.657 6.647 6.632 6.588 6.516 6.385 5.893 5.831 6.027 5.993 5.954 5.909 5.694 5.666 5.379 4.804 4.377 4.303 4.282 4.258 4.226 4.198 4.171 4.148 4.131 4.123 4.199 3.798 3.129 3.077 3.041
13.539 13.472 13.488 13.400 13.129 13.200 13.475 13.558 13.302 12.883 12.616 12.312 12.227 11.943 11.562 11.512 11.596 11.516 11.154 11.089 10.253 8.669 7.966 7.389 6.514 6.455 6.432 6.426 6.425 6.992 7.153 7.101 7.028 6.814 6.733 6.696 6.683 6.661 6.624 6.549 6.010 5.905 6.105 6.227 6.166 6.107 5.864 5.789 5.619 5.163 4.583 4.345 4.321 4.301 4.249 4.214 4.186 4.155 4.127 4.110 4.101 4.076 3.219 3.082 3.050 3.017
13.627 13.581 13.547 13.458 13.201 13.269 13.539 13.540 13.354 12.897 12.422 11.908 11.853 11.722 11.604 11.606 11.664 11.418 11.201 11.148 10.298 8.731 8.013 7.006 6.507 6.478 6.459 6.454 6.493 7.247 7.213 7.141 7.057 6.857 6.777 6.734 6.716 6.699 6.676 6.327 5.997 5.986 6.388 6.339 6.289 6.227 5.939 5.892 5.428 4.888 4.503 4.463 4.433 4.274 4.211 4.202 4.173 4.138 4.103 4.088 4.207 3.624 3.138 3.111 3.043 2.997
13.686 13.644 13.605 13.501 13.193 13.207 13.204 13.092 13.011 12.604 11.992 11.853 11.816 11.757 11.674 11.734 11.701 11.330 11.255 11.111 9.582 8.549 7.884 6.676 6.527 6.503 6.490 6.484 6.795 7.312 7.265 7.167 7.049 6.888 6.839 6.781 6.732 6.682 6.622 6.106 6.033 6.819 6.837 6.778 6.726 6.174 6.103 5.775 5.206 4.698 4.591 4.611 4.408 4.221 4.176 4.182 4.148 4.110 4.083 4.062 3.948 3.235 3.173 3.145 3.051 2.986
13.739 13.673 13.630 13.313 12.661 12.610 12.594 12.441 12.258 12.146 11.959 11.924 11.899 11.819 11.769 11.853 11.591 11.382 11.366 10.777 9.139 8.399 7.543 6.593 6.552 6.530 6.521 6.530 7.332 7.319 7.242 7.163 7.000 6.924 6.922 6.842 6.818 6.726 6.332 6.117 6.281 7.220 7.136 7.037 6.671 6.246 6.133 5.523 4.973 4.645 4.658 4.627 4.352 4.187 4.149 4.221 4.193 4.196 4.252 4.223 3.527 3.181 3.143 3.080 3.038 2.998
13.766 13.665 13.553 13.058 12.612 12.458 12.391 12.272 12.145 12.071 11.999 12.003 11.946 11.868 11.858 11.884 11.516 11.466 11.433 10.284 8.868 8.185 6.944 6.604 6.577 6.562 6.553 6.659 7.483 7.424 7.296 7.139 6.998 6.961 6.977 6.924 6.883 6.637 6.174 6.162 7.530 7.537 7.429 7.336 6.617 6.553 5.951 5.282 4.778 4.612 4.632 4.522 4.324 4.162 4.120 4.176 4.182 4.169 4.419 3.813 3.258 3.176 3.119 3.081 3.051 3.021
13.772 13.681 13.452 12.842 12.688 12.584 12.498 12.337 12.201 12.104 12.101 12.099 12.011 11.956 11.936 11.731 11.608 11.682 11.352 9.741 8.668 7.818 6.672 6.629 6.604 6.594 6.589 7.158 7.783 7.935 7.318 7.122 7.031 7.023 7.026 6.983 6.929 6.261 6.186 6.667 8.418 8.363 8.277 7.253 6.888 6.508 5.644 5.041 4.632 4.570 4.526 4.435 4.309 4.134 4.090 4.084 4.162 4.146 4.113 3.366 3.208 3.178 3.119 3.091 3.059 3.026
13.757 13.636 13.457 12.923 12.708 12.629 12.582 12.472 12.228 12.140 12.199 12.156 12.066 12.038 11.999 11.777 11.813 11.828 10.954 9.348 8.469 7.373 6.684 6.656 6.637 6.628 6.653 7.642 7.624 7.523 7.258 7.121 7.071 7.141 7.082 7.041 6.614 6.274 6.424 8.635 8.600 8.441 8.296 7.194 7.107 6.193 5.369 4.788 4.547 4.508 4.435 4.389 4.289 4.099 4.057 4.046 4.157 4.364 3.529 3.224 3.197 3.155 3.101 3.072 3.041 3.008
13.753 13.696 13.684 13.634 13.313 12.822 12.697 12.578 12.242 12.174 12.214 12.154 12.105 12.084 11.941 11.870 12.021 11.800 10.327 8.992 8.157 6.887 6.708 6.683 6.669 6.662 6.900 7.959 7.871 7.653 7.322 7.145 7.116 7.230 7.143 6.854 6.366 6.356 8.974 9.514 9.393 9.238 8.214 8.027 7.032 5.768 5.079 4.570 4.478 4.440 4.386 4.348 4.258 4.066 4.033 4.019 4.127 3.664 3.252 3.226 3.202 3.137 3.104 3.072 3.042 3.010
13.809 13.937 14.443 14.638 13.989 13.212 12.801 12.479 12.276 12.306 12.258 12.103 12.063 12.031 11.978 11.991 12.039 11.277 9.689 8.702 7.772 6.784 6.735 6.716 6.704 6.699 7.498 9.076 9.197 8.646 7.421 7.179 7.202 7.332 7.172 6.433 6.393 7.766 9.896 9.802 9.666 9.126 8.174 7.978 6.488 5.398 4.749 4.493 4.461 4.426 4.384 4.327 4.200 4.042 4.017 3.996 3.876 3.187 3.209 3.223 3.188 3.159 3.128 3.097 3.067 3.024
14.077 14.832 15.451 15.597 14.959 13.636 12.768 12.376 12.342 12.434 12.404 12.243 12.146 12.076 12.075 12.319 11.958 10.558 9.229 8.449 7.341 6.794 6.763 6.751 6.739 6.744 8.206 9.489 9.443 8.797 7.492 7.213 7.257 7.324 6.883 6.445 6.971 10.462 10.517 10.332 10.106 9.038 8.767 7.651 5.864 5.066 4.561 4.484 4.442 4.391 4.311 4.212 4.134 4.103 4.236 4.207 3.321 2.983 3.160 3.233 3.207 3.182 3.146 3.112 3.081 3.047
14.787 15.638 15.924 15.716 14.752 13.543 12.601 12.407 12.454 12.547 12.531 12.487 12.398 12.159 12.308 12.403 11.495 9.889 8.951 8.117 6.918 6.821 6.793 6.786 6.778 6.995 8.888 9.497 9.394 8.941 7.575 7.244 7.297 7.334 6.582 6.483 9.716 11.257 11.229 11.146 9.971 9.474 8.695 6.822 5.431 4.733 4.472 4.383 4.318 4.235 4.185 4.122 4.092 4.078 4.314 3.623 2.979 2.929 3.054 3.147 3.194 3.182 3.152 3.122 3.093 3.061
15.083 15.737 15.933 15.432 14.071 13.081 12.575 12.488 12.568 12.606 12.588 12.566 12.339 12.223 12.466 12.177 10.704 9.421 8.783 7.716 6.890 6.850 6.828 6.821 6.818 7.842 9.491 9.491 9.251 9.043 7.663 7.274 7.304 7.161 6.548 6.534 10.879 11.429 11.258 11.010 9.878 9.524 8.109 6.003 5.094 4.526 4.391 4.286 4.212 4.167 4.133 4.098 4.076 4.058 4.023 3.136 2.899 2.885 2.875 2.981 3.089 3.131 3.131 3.101 3.066 3.033
14.965 15.167 15.363 15.003 13.617 12.819 12.669 12.597 12.613 12.637 12.538 12.488 12.383 12.408 12.531 11.640 10.050 9.153 8.583 7.251 6.909 6.879 6.866 6.858 6.891 8.468 9.672 9.573 9.130 8.466 7.609 7.301 7.216 6.881 6.563 6.993 12.017 12.399 12.291 10.853 10.507 9.439 7.125 5.531 4.748 4.397 4.292 4.237 4.209 4.186 4.163 4.171 4.171 4.308 3.351 2.872 2.853 2.827 2.791 2.821 2.921 2.984 3.018 3.037 3.013 2.988
14.736 14.466 14.417 14.222 13.284 12.889 12.726 12.664 12.661 12.665 12.511 12.465 12.428 12.477 12.406 10.998 9.642 9.010 8.238 7.009 6.937 6.912 6.902 6.897 7.065 8.815 9.705 9.589 8.367 7.701 7.363 7.247 7.145 6.647 6.616 10.112 12.544 12.431 12.101 10.773 10.438 8.582 6.215 5.185 4.491 4.309 4.262 4.240 4.217 4.192 4.169 4.153 4.144 3.712 2.931 2.821 2.797 2.778 2.756 2.753 2.769 2.793 2.817 2.963 2.974 2.952
14.573 13.983 13.909 13.697 13.322 13.081 12.797 12.734 12.713 12.722 12.640 12.501 12.467 12.487 11.749 10.392 9.411 8.926 7.870 7.001 6.968 6.949 6.939 6.949 7.405 9.007 9.697 9.021 7.802 7.415 7.324 7.286 6.761 6.660 7.664 12.539 13.620 13.329 11.950 11.788 10.191 7.390 5.631 4.789 4.353 4.297 4.278 4.259 4.219 4.184 4.158 4.137 4.112 3.331 3.057 2.942 2.819 2.746 2.719 2.703 2.700 2.700 2.729 2.899 2.974 2.947
14.227 13.983 13.931 13.878 13.607 13.161 12.892 12.813 12.777 12.789 12.765 12.566 12.476 12.132 11.218 9.953 9.243 8.747 7.503 7.029 6.999 6.987 6.978 7.001 7.635 9.084 9.163 7.891 7.507 7.382 7.344 7.114 6.776 6.770 11.481 14.131 14.018 13.100 12.347 11.708 8.900 6.151 5.172 4.464 4.336 4.321 4.331 4.303 4.269 4.242 4.221 4.199 3.722 3.416 3.376 3.239 3.037 2.784 2.703 2.678 2.653 2.640 2.664 2.861 2.993 2.961
14.194 14.068 14.000 14.039 13.761 13.202 12.973 12.864 12.829 12.855 12.803 12.551 12.323 11.842 10.859 9.756 9.119 8.401 7.162 7.061 7.036 7.025 7.020 7.046 7.727 8.017 7.952 7.563 7.457 7.422 7.338 6.869 6.806 10.367 14.471 15.023 14.650 12.988 12.817 10.887 7.083 5.377 4.595 4.384 4.368 4.403 4.392 4.328 4.276 4.239 4.212 3.990 3.609 3.584 3.642 3.578 3.417 3.207 3.017 2.736 2.632 2.595 2.571 2.608 2.735 2.858
14.240 14.063 13.933 13.867 13.781 13.329 13.071 12.939 12.921 12.968 12.842 12.483 12.181 11.584 10.561 9.627 8.958 7.913 7.133 7.092 7.075 7.066 7.062 7.091 7.698 7.689 7.677 7.523 7.490 7.472 7.024 6.885 7.652 13.149 16.603 16.592 14.463 13.982 12.717 8.672 5.621 4.676 4.447 4.431 4.522 4.574 4.542 4.489 4.439 4.407 4.370 3.782 3.689 3.746 3.746 3.738 3.701 3.544 3.388 3.179 2.922 2.670 2.547 2.484 2.455 2.476
14.427 14.194 14.170 13.983 13.639 13.415 13.241 13.079 13.041 13.136 12.925 12.486 12.052 11.243 10.231 9.513 8.772 7.339 7.160 7.126 7.115 7.109 7.108 7.156 7.673 7.654 7.632 7.553 7.571 7.346 7.033 7.018 11.862 16.619 16.651 16.358 14.360 13.973 10.976 6.233 4.869 4.534 4.518 4.658 4.716 4.647 4.641 4.691 4.763 4.712 4.009 3.820 3.801 3.809 3.840 3.820 3.797 3.733 3.673 3.546 3.326 3.088 2.812 2.601 2.439 2.394
14.479 14.422 15.100 14.754 13.746 13.456 13.302 13.190 13.113 13.147 12.891 12.463 11.861 10.773 9.881 9.401 8.562 7.251 7.194 7.166 7.158 7.156 7.154 7.303 7.666 7.643 7.617 7.584 7.620 7.119 7.082 10.737 15.467 18.688 18.538 16.208 15.733 13.331 8.007 5.275 4.638 4.617 4.713 4.776 4.719 4.595 4.589 4.643 4.846 4.799 3.949 3.886 3.849 3.838 3.822 3.799 3.781 3.751 3.718 3.672 3.598 3.408 3.216 3.015 2.759 2.539
14.528 14.505 15.092 14.826 13.787 13.648 13.357 13.279 13.261 13.189 12.877 12.471 11.752 10.387 9.555 9.231 8.286 7.272 7.228 7.211 7.202 7.200 7.201 7.686 7.710 7.682 7.646 7.640 7.257 7.133 9.719 13.759 19.040 18.957 18.205 16.303 15.657 10.746 5.909 4.903 4.723 4.706 4.664 4.626 4.586 4.557 4.551 4.607 4.812 4.247 3.952 3.871 3.831 3.815 3.801 3.773 3.751 3.726 3.699 3.662 3.599 3.498 3.381 3.241 3.004 2.773
14.582 14.386 14.074 13.995 13.773 13.707 13.412 13.384 13.331 13.232 12.932 12.382 11.523 9.996 9.349 8.964 7.929 7.301 7.267 7.256 7.247 7.246 7.256 7.754 7.741 7.710 7.681 7.683 7.268 7.254 12.247 18.365 21.031 20.734 18.027 17.812 14.077 7.724 5.251 4.846 4.770 4.678 4.632 4.598 4.563 4.528 4.507 4.572 4.692 4.068 3.943 3.852 3.814 3.791 3.769 3.749 3.725 3.699 3.672 3.639 3.573 3.471 3.365 3.278 3.072 2.876
