LISFLOOD/results/run10.mxe
ncols         413
nrows         307
xllcorner     341179.518085
yllcorner     4516729.658735
cellsize      10.000000
NODATA_value  -9999.000000
[rows 54 to 80 of 307, columns 248 to 309 of 413]
132.531 132.554 132.578 132.603 132.627 132.653 132.679 132.705 132.732 132.759 132.787 132.815 132.843 132.872 132.901 132.931 132.960 132.990 133.021 133.052 133.083 133.114 133.146 133.177 133.209 133.242 133.274 133.307 133.340 133.373 133.406 133.440 133.473 133.507 133.541 133.576 133.610 133.644 133.679 133.714 133.749 133.784 133.820 133.855 133.891 133.926 133.962 133.998 134.035 134.071 134.107 134.144 134.181 134.218 134.255 134.292 134.329 134.367 134.405 134.442 134.480 134.519
132.531 132.554 132.579 132.603 132.629 132.654 132.680 132.707 132.734 132.762 132.790 132.818 132.847 132.876 132.905 132.935 132.965 132.995 133.026 133.057 133.088 133.120 133.151 133.183 133.216 133.248 133.281 133.313 133.346 133.380 133.413 133.447 133.480 133.514 133.549 133.583 133.617 133.652 133.687 133.722 133.757 133.792 133.827 133.863 133.898 133.934 133.970 134.006 134.042 134.079 134.115 134.152 134.189 134.226 134.263 134.300 134.337 134.375 134.413 134.450 134.488 134.527
132.530 132.554 132.579 132.604 132.630 132.656 132.682 132.709 132.737 132.765 132.793 132.822 132.851 132.880 132.910 132.940 132.970 133.001 133.031 133.063 133.094 133.126 133.158 133.190 133.222 133.255 133.287 133.320 133.353 133.387 133.420 133.454 133.488 133.522 133.556 133.590 133.625 133.660 133.694 133.729 133.764 133.800 133.835 133.871 133.906 133.942 133.978 134.014 134.050 134.087 134.123 134.160 134.197 134.234 134.271 134.308 134.345 134.383 134.421 134.458 134.496 134.535
132.530 132.554 132.579 132.605 132.631 132.657 132.684 132.712 132.740 132.768 132.796 132.825 132.855 132.884 132.914 132.945 132.975 133.006 133.037 133.068 133.100 133.132 133.164 133.196 133.229 133.261 133.294 133.327 133.361 133.394 133.428 133.461 133.495 133.529 133.564 133.598 133.633 133.667 133.702 133.737 133.772 133.808 133.843 133.879 133.914 133.950 133.986 134.022 134.058 134.095 134.131 134.168 134.205 134.242 134.279 134.316 134.353 134.391 134.429 134.466 134.504 134.543
132.530 132.554 132.580 132.606 132.632 132.659 132.686 132.714 132.742 132.771 132.800 132.829 132.859 132.889 132.919 132.950 132.980 133.011 133.043 133.074 133.106 133.138 133.170 133.203 133.235 133.268 133.301 133.334 133.368 133.401 133.435 133.469 133.503 133.537 133.571 133.606 133.640 133.675 133.710 133.745 133.780 133.816 133.851 133.887 133.922 133.958 133.994 134.030 134.067 134.103 134.139 134.176 134.213 134.250 134.287 134.324 134.361 134.399 134.437 134.474 134.512 134.551
132.529 132.555 132.580 132.607 132.634 132.661 132.689 132.717 132.745 132.774 132.804 132.833 132.863 132.893 132.924 132.955 132.986 133.017 133.049 133.080 133.112 133.145 133.177 133.210 133.242 133.275 133.309 133.342 133.375 133.409 133.443 133.477 133.511 133.545 133.579 133.614 133.649 133.683 133.718 133.753 133.788 133.824 133.859 133.895 133.931 133.966 134.002 134.039 134.075 134.111 134.148 134.184 134.221 134.258 134.295 134.332 134.370 134.407 134.445 134.482 134.520 134.559
132.529 132.555 132.581 132.608 132.635 132.663 132.691 132.720 132.749 132.778 132.807 132.837 132.868 132.898 132.929 132.960 132.992 133.023 133.055 133.087 133.119 133.151 133.184 133.217 133.250 133.283 133.316 133.349 133.383 133.417 133.451 133.485 133.519 133.553 133.587 133.622 133.657 133.692 133.727 133.762 133.797 133.832 133.868 133.903 133.939 133.975 134.011 134.047 134.083 134.119 134.156 134.193 134.229 134.266 134.303 134.340 134.378 134.415 134.453 134.491 134.528 134.566
132.528 132.555 132.582 132.609 132.637 132.665 132.693 132.722 132.752 132.782 132.812 132.842 132.872 132.903 132.934 132.966 132.997 133.029 133.061 133.093 133.126 133.158 133.191 133.224 133.257 133.290 133.324 133.357 133.391 133.425 133.459 133.493 133.527 133.561 133.596 133.630 133.665 133.700 133.735 133.770 133.805 133.841 133.876 133.912 133.947 133.983 134.019 134.055 134.092 134.128 134.164 134.201 134.238 134.275 134.312 134.349 134.386 134.423 134.461 134.499 134.536 134.574
132.528 132.555 132.582 132.610 132.638 132.667 132.696 132.725 132.755 132.785 132.816 132.846 132.877 132.909 132.940 132.972 133.004 133.036 133.068 133.100 133.133 133.166 133.199 133.232 133.265 133.298 133.332 133.365 133.399 133.433 133.467 133.501 133.535 133.570 133.604 133.639 133.674 133.709 133.744 133.779 133.814 133.849 133.885 133.920 133.956 133.992 134.028 134.064 134.100 134.136 134.173 134.209 134.246 134.283 134.320 134.357 134.394 134.431 134.469 134.507 134.544 134.582
132.528 132.555 132.583 132.611 132.640 132.669 132.699 132.729 132.759 132.789 132.820 132.851 132.883 132.914 132.946 132.978 133.010 133.042 133.075 133.107 133.140 133.173 133.206 133.239 133.273 133.306 133.340 133.374 133.407 133.441 133.475 133.510 133.544 133.578 133.613 133.648 133.682 133.717 133.752 133.787 133.823 133.858 133.894 133.929 133.965 134.001 134.037 134.073 134.109 134.145 134.181 134.218 134.255 134.291 134.328 134.365 134.402 134.440 134.477 134.515 134.552 134.590
132.527 132.555 132.584 132.613 132.642 132.672 132.702 132.732 132.763 132.794 132.825 132.856 132.888 132.920 132.952 132.984 133.017 133.049 133.082 133.115 133.148 133.181 133.214 133.247 133.281 133.314 133.348 133.382 133.416 133.450 133.484 133.518 133.553 133.587 133.622 133.657 133.691 133.726 133.761 133.796 133.832 133.867 133.902 133.938 133.974 134.009 134.045 134.081 134.117 134.154 134.190 134.227 134.263 134.300 134.337 134.374 134.411 134.448 134.485 134.523 134.560 134.598
132.527 132.556 132.585 132.614 132.644 132.674 132.705 132.736 132.767 132.798 132.830 132.862 132.894 132.926 132.958 132.991 133.023 133.056 133.089 133.122 133.155 133.189 133.222 133.256 133.289 133.323 133.357 133.391 133.425 133.459 133.493 133.527 133.562 133.596 133.631 133.666 133.700 133.735 133.770 133.805 133.841 133.876 133.911 133.947 133.983 134.018 134.054 134.090 134.126 134.162 134.199 134.235 134.272 134.308 134.345 134.382 134.419 134.456 134.493 134.531 134.568 134.606
132.527 132.556 132.586 132.616 132.646 132.677 132.708 132.740 132.771 132.803 132.835 132.867 132.900 132.932 132.965 132.998 133.031 133.064 133.097 133.130 133.164 133.197 133.231 133.264 133.298 133.332 133.366 133.400 133.434 133.468 133.502 133.537 133.571 133.606 133.640 133.675 133.710 133.745 133.780 133.815 133.850 133.885 133.921 133.956 133.992 134.027 134.063 134.099 134.135 134.171 134.208 134.244 134.280 134.317 134.354 134.390 134.427 134.465 134.502 134.539 134.576 134.614
132.527 132.557 132.587 132.618 132.649 132.680 132.712 132.744 132.776 132.808 132.841 132.873 132.906 132.939 132.972 133.005 133.038 133.072 133.105 133.138 133.172 133.206 133.239 133.273 133.307 133.341 133.375 133.409 133.443 133.477 133.512 133.546 133.580 133.615 133.650 133.684 133.719 133.754 133.789 133.824 133.859 133.895 133.930 133.965 134.001 134.037 134.072 134.108 134.144 134.180 134.216 134.253 134.289 134.326 134.362 134.399 134.436 134.473 134.510 134.547 134.585 134.622
132.527 132.558 132.589 132.620 132.652 132.684 132.716 132.748 132.781 132.814 132.846 132.880 132.913 132.946 132.979 133.013 133.046 133.080 133.113 133.147 133.181 133.214 133.248 133.282 133.316 133.350 133.384 133.418 133.453 133.487 133.521 133.556 133.590 133.625 133.659 133.694 133.729 133.764 133.799 133.834 133.869 133.904 133.939 133.975 134.010 134.046 134.082 134.117 134.153 134.189 134.225 134.262 134.298 134.334 134.371 134.408 134.444 134.481 134.518 134.555 134.593 134.630
132.527 132.559 132.590 132.622 132.655 132.687 132.720 132.753 132.786 132.819 132.853 132.886 132.920 132.953 132.987 133.021 133.054 133.088 133.122 133.156 133.190 133.224 133.258 133.292 133.326 133.360 133.394 133.428 133.462 133.497 133.531 133.565 133.600 133.635 133.669 133.704 133.739 133.773 133.808 133.843 133.879 133.914 133.949 133.984 134.020 134.055 134.091 134.127 134.163 134.198 134.234 134.271 134.307 134.343 134.380 134.416 134.453 134.490 134.527 134.564 134.601 134.638
132.528 132.560 132.592 132.625 132.658 132.691 132.724 132.758 132.792 132.825 132.859 132.893 132.927 132.961 132.995 133.029 133.063 133.097 133.131 133.165 133.199 133.233 133.267 133.301 133.336 133.370 133.404 133.438 133.472 133.507 133.541 133.576 133.610 133.645 133.679 133.714 133.749 133.783 133.818 133.853 133.888 133.923 133.959 133.994 134.029 134.065 134.100 134.136 134.172 134.208 134.244 134.280 134.316 134.352 134.388 134.425 134.461 134.498 134.535 134.572 134.609 134.646
132.528 132.561 132.594 132.628 132.661 132.695 132.729 132.763 132.798 132.832 132.866 132.901 132.935 132.969 133.003 133.038 133.072 133.106 133.140 133.175 133.209 133.243 133.277 133.312 133.346 133.380 133.414 133.448 133.483 133.517 133.552 133.586 133.620 133.655 133.690 133.724 133.759 133.794 133.828 133.863 133.898 133.933 133.969 134.004 134.039 134.075 134.110 134.146 134.181 134.217 134.253 134.289 134.325 134.361 134.397 134.434 134.470 134.507 134.543 134.580 134.617 134.654
132.529 132.562 132.597 132.631 132.665 132.700 132.735 132.769 132.804 132.839 132.874 132.908 132.943 132.978 133.012 133.047 133.081 133.116 133.150 133.185 133.219 133.253 133.288 133.322 133.356 133.390 133.425 133.459 133.493 133.528 133.562 133.597 133.631 133.665 133.700 133.735 133.769 133.804 133.839 133.874 133.909 133.944 133.979 134.014 134.049 134.084 134.120 134.155 134.191 134.226 134.262 134.298 134.334 134.370 134.406 134.442 134.479 134.515 134.552 134.588 134.625 134.662
132.530 132.564 132.599 132.634 132.670 132.705 132.740 132.776 132.811 132.846 132.882 132.917 132.952 132.987 133.022 133.057 133.091 133.126 133.161 133.195 133.230 133.264 133.298 133.333 133.367 133.401 133.436 133.470 133.504 133.539 133.573 133.607 133.642 133.676 133.711 133.745 133.780 133.815 133.849 133.884 133.919 133.954 133.989 134.024 134.059 134.094 134.129 134.165 134.200 134.236 134.271 134.307 134.343 134.379 134.415 134.451 134.487 134.524 134.560 134.597 134.633 134.670
132.531 132.566 132.602 132.638 132.674 132.710 132.747 132.783 132.819 132.854 132.890 132.926 132.961 132.996 133.032 133.067 133.102 133.136 133.171 133.206 133.240 133.275 133.309 133.344 133.378 133.413 133.447 133.481 133.515 133.550 133.584 133.618 133.653 133.687 133.722 133.756 133.791 133.825 133.860 133.895 133.929 133.964 133.999 134.034 134.069 134.104 134.139 134.175 134.210 134.245 134.281 134.317 134.352 134.388 134.424 134.460 134.496 134.532 134.568 134.605 134.641 134.678
132.532 132.569 132.606 132.643 132.680 132.717 132.753 132.790 132.827 132.863 132.899 132.935 132.971 133.007 133.042 133.077 133.112 133.147 133.182 133.217 133.252 133.286 133.321 133.355 133.390 133.424 133.458 133.493 133.527 133.561 133.595 133.630 133.664 133.698 133.733 133.767 133.802 133.836 133.871 133.905 133.940 133.975 134.009 134.044 134.079 134.114 134.149 134.185 134.220 134.255 134.291 134.326 134.362 134.397 134.433 134.469 134.505 134.541 134.577 134.613 134.650 134.686
132.534 132.572 132.610 132.648 132.685 132.723 132.761 132.798 132.835 132.872 132.909 132.945 132.981 133.017 133.053 133.089 133.124 133.159 133.194 133.229 133.264 133.298 133.333 133.367 133.402 133.436 133.470 133.504 133.539 133.573 133.607 133.641 133.676 133.710 133.744 133.778 133.813 133.847 133.882 133.916 133.951 133.985 134.020 134.055 134.090 134.125 134.159 134.195 134.230 134.265 134.300 134.336 134.371 134.407 134.442 134.478 134.514 134.550 134.586 134.622 134.658 134.694
132.536 132.575 132.614 132.653 132.692 132.730 132.769 132.807 132.845 132.882 132.919 132.956 132.992 133.029 133.065 133.100 133.136 133.171 133.206 133.241 133.276 133.310 133.345 133.379 133.414 133.448 133.482 133.517 133.551 133.585 133.619 133.653 133.687 133.722 133.756 133.790 133.824 133.859 133.893 133.927 133.962 133.996 134.031 134.065 134.100 134.135 134.170 134.205 134.240 134.275 134.310 134.345 134.380 134.416 134.451 134.487 134.523 134.558 134.594 134.630 134.666 134.702
132.539 132.579 132.619 132.659 132.699 132.738 132.778 132.816 132.855 132.893 132.930 132.967 133.004 133.041 133.077 133.113 133.148 133.184 133.219 133.254 133.289 133.323 133.358 133.392 133.426 133.461 133.495 133.529 133.563 133.597 133.631 133.665 133.699 133.733 133.768 133.802 133.836 133.870 133.904 133.938 133.973 134.007 134.042 134.076 134.111 134.145 134.180 134.215 134.250 134.285 134.320 134.355 134.390 134.425 134.461 134.496 134.531 134.567 134.603 134.638 134.674 134.710
132.542 132.583 132.625 132.666 132.707 132.747 132.787 132.827 132.866 132.904 132.942 132.980 133.017 133.053 133.090 133.126 133.161 133.197 133.232 133.267 133.302 133.336 133.371 133.405 133.439 133.474 133.508 133.542 133.576 133.610 133.644 133.678 133.712 133.746 133.779 133.813 133.848 133.882 133.916 133.950 133.984 134.018 134.053 134.087 134.121 134.156 134.190 134.225 134.260 134.295 134.330 134.364 134.399 134.435 134.470 134.505 134.540 134.576 134.611 134.647 134.683 134.718
132.545 132.589 132.632 132.674 132.716 132.757 132.798 132.838 132.878 132.916 132.955 132.993 133.030 133.067 133.103 133.139 133.175 133.210 133.246 133.281 133.315 133.350 133.384 133.419 133.453 133.487 133.521 133.555 133.589 133.623 133.656 133.690 133.724 133.758 133.792 133.826 133.859 133.893 133.927 133.961 133.995 134.030 134.064 134.098 134.132 134.167 134.201 134.236 134.270 134.305 134.339 134.374 134.409 134.444 134.479 134.514 134.549 134.585 134.620 134.655 134.691 134.727
