LISFLOOD/results/run11.mxe
ncols         413
nrows         307
xllcorner     341179.518085
yllcorner     4516729.658735
cellsize      10.000000
NODATA_value  -9999.000000
[rows 56 to 83 of 307, columns 310 to 371 of 413]
139.124 139.189 139.255 139.321 139.388 139.454 139.522 139.589 139.658 139.726 139.795 139.865 139.935 140.006 140.077 140.149 140.221 140.294 140.368 140.442 140.517 140.593 140.669 140.746 140.824 140.902 140.982 141.062 141.145 141.231 141.330 141.315 141.289 141.261 141.232 141.204 141.176 141.148 141.121 141.094 141.068 141.042 141.017 140.993 140.970 140.947 140.925 140.904 140.883 140.863 140.844 140.826 140.808 140.791 140.774 140.758 140.743 140.728 140.714 140.700 140.687 140.674
139.137 139.203 139.269 139.335 139.401 139.468 139.535 139.603 139.671 139.740 139.809 139.878 139.948 140.019 140.090 140.162 140.234 140.306 140.380 140.454 140.528 140.603 140.679 140.756 140.833 140.910 140.989 141.069 141.151 141.235 141.324 141.304 141.280 141.253 141.227 141.199 141.172 141.146 141.119 141.093 141.068 141.043 141.019 140.995 140.972 140.950 140.928 140.908 140.887 140.868 140.849 140.831 140.813 140.796 140.779 140.764 140.748 140.734 140.719 140.706 140.693 140.680
139.151 139.216 139.282 139.348 139.415 139.482 139.549 139.617 139.685 139.753 139.822 139.892 139.961 140.032 140.103 140.174 140.246 140.318 140.391 140.465 140.539 140.614 140.689 140.765 140.841 140.918 140.996 141.074 141.154 141.236 141.319 141.296 141.272 141.247 141.221 141.195 141.169 141.143 141.117 141.092 141.068 141.044 141.020 140.997 140.974 140.953 140.931 140.911 140.891 140.872 140.853 140.835 140.817 140.801 140.784 140.769 140.753 140.739 140.725 140.711 140.698 140.685
139.164 139.230 139.296 139.362 139.428 139.495 139.562 139.630 139.698 139.766 139.835 139.905 139.974 140.044 140.115 140.186 140.258 140.330 140.403 140.476 140.549 140.623 140.698 140.773 140.849 140.925 141.001 141.078 141.156 141.234 141.313 141.289 141.265 141.240 141.215 141.190 141.165 141.140 141.115 141.091 141.067 141.044 141.020 140.998 140.976 140.955 140.934 140.914 140.894 140.875 140.857 140.839 140.822 140.805 140.789 140.773 140.758 140.744 140.730 140.716 140.703 140.691
139.178 139.243 139.309 139.375 139.441 139.508 139.575 139.643 139.711 139.779 139.848 139.917 139.987 140.057 140.127 140.198 140.269 140.341 140.413 140.486 140.559 140.633 140.707 140.781 140.856 140.931 141.006 141.082 141.157 141.232 141.307 141.283 141.259 141.235 141.210 141.186 141.161 141.137 141.113 141.089 141.066 141.043 141.021 140.999 140.977 140.956 140.936 140.916 140.897 140.878 140.860 140.842 140.825 140.809 140.793 140.777 140.763 140.748 140.734 140.721 140.708 140.695
139.191 139.256 139.322 139.388 139.455 139.521 139.588 139.656 139.724 139.792 139.861 139.930 139.999 140.069 140.139 140.210 140.281 140.352 140.424 140.496 140.569 140.642 140.715 140.789 140.863 140.937 141.011 141.085 141.159 141.231 141.302 141.277 141.253 141.229 141.205 141.181 141.157 141.134 141.110 141.087 141.065 141.042 141.020 140.999 140.978 140.958 140.938 140.918 140.899 140.881 140.863 140.846 140.829 140.812 140.797 140.781 140.767 140.752 140.739 140.725 140.712 140.700
139.204 139.270 139.335 139.401 139.468 139.534 139.601 139.669 139.737 139.805 139.873 139.942 140.011 140.081 140.151 140.221 140.292 140.363 140.434 140.506 140.578 140.651 140.724 140.797 140.870 140.944 141.017 141.090 141.161 141.230 141.296 141.271 141.247 141.223 141.200 141.176 141.153 141.130 141.107 141.085 141.063 141.041 141.020 140.999 140.978 140.958 140.939 140.920 140.901 140.883 140.865 140.848 140.832 140.816 140.800 140.785 140.770 140.756 140.743 140.729 140.717 140.704
139.218 139.283 139.349 139.414 139.481 139.547 139.614 139.682 139.749 139.817 139.885 139.954 140.023 140.092 140.162 140.232 140.302 140.373 140.444 140.516 140.587 140.659 140.732 140.804 140.877 140.950 141.023 141.095 141.166 141.232 141.291 141.265 141.241 141.217 141.194 141.171 141.149 141.126 141.104 141.082 141.061 141.040 141.019 140.998 140.978 140.959 140.940 140.921 140.903 140.885 140.868 140.851 140.834 140.819 140.803 140.788 140.774 140.760 140.746 140.733 140.721 140.709
139.231 139.296 139.362 139.427 139.494 139.560 139.627 139.694 139.762 139.829 139.897 139.966 140.035 140.104 140.173 140.243 140.313 140.383 140.454 140.525 140.596 140.668 140.739 140.812 140.884 140.957 141.030 141.103 141.175 141.242 141.285 141.258 141.234 141.211 141.188 141.166 141.144 141.122 141.101 141.080 141.059 141.038 141.018 140.998 140.978 140.959 140.940 140.922 140.904 140.886 140.869 140.853 140.837 140.821 140.806 140.791 140.777 140.763 140.750 140.737 140.725 140.712
139.244 139.309 139.375 139.440 139.507 139.573 139.640 139.707 139.774 139.842 139.909 139.978 140.046 140.115 140.184 140.254 140.323 140.393 140.464 140.534 140.605 140.676 140.747 140.819 140.891 140.963 141.036 141.111 141.189 141.277 141.266 141.247 141.226 141.204 141.182 141.161 141.140 141.118 141.097 141.077 141.056 141.036 141.016 140.997 140.978 140.959 140.940 140.922 140.905 140.888 140.871 140.855 140.839 140.823 140.809 140.794 140.780 140.766 140.753 140.740 140.728 140.716
139.257 139.322 139.388 139.453 139.519 139.586 139.652 139.719 139.786 139.854 139.921 139.989 140.058 140.126 140.195 140.264 140.334 140.403 140.473 140.543 140.613 140.684 140.755 140.826 140.897 140.969 141.041 141.115 141.192 141.272 141.256 141.238 141.218 141.197 141.176 141.156 141.135 141.114 141.094 141.074 141.054 141.034 141.014 140.995 140.977 140.958 140.940 140.923 140.905 140.889 140.872 140.856 140.841 140.825 140.811 140.796 140.783 140.769 140.756 140.744 140.731 140.720
139.270 139.335 139.401 139.466 139.532 139.598 139.665 139.731 139.798 139.866 139.933 140.001 140.069 140.137 140.206 140.275 140.344 140.413 140.482 140.552 140.622 140.692 140.762 140.832 140.903 140.974 141.045 141.118 141.191 141.266 141.249 141.230 141.210 141.191 141.170 141.150 141.130 141.110 141.090 141.070 141.051 141.031 141.012 140.994 140.976 140.958 140.940 140.923 140.906 140.889 140.873 140.857 140.842 140.827 140.813 140.799 140.785 140.772 140.759 140.747 140.735 140.723
139.284 139.349 139.414 139.479 139.545 139.611 139.677 139.744 139.811 139.878 139.945 140.012 140.080 140.148 140.217 140.285 140.354 140.423 140.492 140.561 140.630 140.700 140.769 140.839 140.908 140.978 141.048 141.119 141.189 141.261 141.242 141.223 141.204 141.184 141.164 141.145 141.125 141.105 141.086 141.067 141.048 141.029 141.010 140.992 140.974 140.957 140.939 140.922 140.906 140.890 140.874 140.858 140.843 140.829 140.814 140.801 140.787 140.774 140.761 140.749 140.737 140.726
139.297 139.362 139.427 139.492 139.558 139.624 139.690 139.756 139.823 139.890 139.957 140.024 140.091 140.159 140.227 140.295 140.364 140.432 140.501 140.570 140.638 140.707 140.776 140.845 140.914 140.983 141.051 141.119 141.187 141.255 141.236 141.217 141.197 141.178 141.159 141.139 141.120 141.101 141.082 141.063 141.044 141.026 141.008 140.990 140.973 140.955 140.938 140.922 140.906 140.890 140.874 140.859 140.844 140.830 140.816 140.802 140.789 140.776 140.764 140.752 140.740 140.729
139.310 139.375 139.440 139.505 139.570 139.636 139.702 139.768 139.835 139.901 139.968 140.035 140.103 140.170 140.238 140.306 140.374 140.442 140.510 140.578 140.647 140.715 140.783 140.852 140.920 140.987 141.054 141.120 141.185 141.250 141.230 141.211 141.191 141.172 141.153 141.134 141.115 141.096 141.078 141.059 141.041 141.023 141.005 140.988 140.971 140.954 140.937 140.921 140.905 140.890 140.874 140.860 140.845 140.831 140.817 140.804 140.791 140.778 140.766 140.754 140.743 140.731
139.323 139.388 139.453 139.518 139.583 139.649 139.714 139.780 139.847 139.913 139.980 140.047 140.114 140.181 140.248 140.316 140.384 140.451 140.519 140.587 140.655 140.723 140.791 140.859 140.926 140.993 141.058 141.123 141.185 141.244 141.224 141.204 141.185 141.166 141.147 141.128 141.110 141.091 141.073 141.055 141.038 141.020 141.003 140.986 140.969 140.952 140.936 140.920 140.905 140.889 140.874 140.860 140.846 140.832 140.818 140.805 140.792 140.780 140.768 140.756 140.745 140.734
139.336 139.401 139.466 139.531 139.596 139.661 139.727 139.793 139.859 139.925 139.991 140.058 140.125 140.192 140.259 140.326 140.393 140.461 140.528 140.596 140.664 140.731 140.799 140.866 140.933 140.999 141.064 141.127 141.186 141.239 141.218 141.198 141.178 141.159 141.141 141.123 141.104 141.087 141.069 141.051 141.034 141.017 141.000 140.983 140.967 140.951 140.935 140.919 140.904 140.889 140.874 140.860 140.846 140.832 140.819 140.806 140.794 140.781 140.770 140.758 140.747 140.736
139.350 139.414 139.479 139.543 139.609 139.674 139.739 139.805 139.871 139.937 140.003 140.069 140.136 140.203 140.269 140.336 140.403 140.471 140.538 140.605 140.672 140.739 140.807 140.873 140.940 141.006 141.072 141.136 141.195 141.233 141.210 141.190 141.171 141.153 141.135 141.117 141.099 141.082 141.064 141.047 141.030 141.013 140.997 140.980 140.964 140.949 140.933 140.918 140.903 140.888 140.874 140.860 140.846 140.833 140.820 140.807 140.795 140.783 140.771 140.760 140.749 140.738
139.363 139.427 139.492 139.556 139.621 139.686 139.752 139.817 139.883 139.949 140.015 140.081 140.147 140.213 140.280 140.347 140.413 140.480 140.547 140.614 140.681 140.748 140.815 140.881 140.948 141.014 141.081 141.149 141.225 141.216 141.200 141.182 141.164 141.146 141.128 141.111 141.094 141.076 141.059 141.043 141.026 141.010 140.994 140.978 140.962 140.946 140.931 140.916 140.902 140.887 140.873 140.860 140.846 140.833 140.820 140.808 140.796 140.784 140.772 140.761 140.751 140.740
139.376 139.440 139.505 139.569 139.634 139.699 139.764 139.829 139.895 139.960 140.026 140.092 140.158 140.224 140.291 140.357 140.424 140.490 140.557 140.623 140.690 140.757 140.823 140.890 140.956 141.022 141.088 141.153 141.220 141.206 141.190 141.173 141.156 141.139 141.122 141.105 141.088 141.071 141.055 141.038 141.022 141.006 140.990 140.975 140.959 140.944 140.929 140.915 140.900 140.886 140.873 140.859 140.846 140.833 140.820 140.808 140.796 140.785 140.774 140.763 140.752 140.742
139.390 139.454 139.518 139.582 139.647 139.712 139.776 139.842 139.907 139.972 140.038 140.103 140.169 140.235 140.301 140.367 140.434 140.500 140.566 140.633 140.699 140.765 140.832 140.898 140.964 141.030 141.095 141.158 141.214 141.198 141.182 141.165 141.149 141.132 141.115 141.099 141.082 141.066 141.050 141.034 141.018 141.002 140.987 140.972 140.957 140.942 140.927 140.913 140.899 140.885 140.872 140.858 140.845 140.833 140.821 140.809 140.797 140.786 140.775 140.764 140.754 140.744
139.403 139.467 139.531 139.595 139.660 139.724 139.789 139.854 139.919 139.984 140.049 140.115 140.180 140.246 140.312 140.378 140.444 140.510 140.576 140.642 140.708 140.774 140.840 140.907 140.973 141.039 141.105 141.167 141.209 141.191 141.174 141.158 141.141 141.125 141.109 141.092 141.076 141.060 141.045 141.029 141.014 140.998 140.983 140.968 140.954 140.939 140.925 140.911 140.897 140.884 140.871 140.858 140.845 140.833 140.821 140.809 140.797 140.786 140.775 140.765 140.755 140.745
139.417 139.480 139.544 139.608 139.672 139.737 139.801 139.866 139.931 139.996 140.061 140.126 140.192 140.257 140.323 140.388 140.454 140.520 140.586 140.651 140.717 140.783 140.849 140.915 140.982 141.049 141.119 141.198 141.204 141.183 141.166 141.150 141.134 141.118 141.102 141.086 141.070 141.055 141.040 141.024 141.009 140.994 140.980 140.965 140.951 140.936 140.923 140.909 140.895 140.882 140.869 140.857 140.844 140.832 140.820 140.809 140.798 140.787 140.776 140.766 140.756 140.746
139.430 139.494 139.558 139.621 139.685 139.750 139.814 139.878 139.943 140.008 140.073 140.138 140.203 140.268 140.333 140.399 140.464 140.530 140.595 140.661 140.727 140.792 140.858 140.924 140.989 141.056 141.123 141.193 141.186 141.172 141.157 141.141 141.126 141.110 141.095 141.080 141.065 141.049 141.034 141.019 141.005 140.990 140.976 140.962 140.947 140.934 140.920 140.907 140.893 140.881 140.868 140.856 140.843 140.832 140.820 140.809 140.798 140.787 140.777 140.767 140.757 140.747
139.444 139.507 139.571 139.635 139.698 139.762 139.826 139.891 139.955 140.020 140.084 140.149 140.214 140.279 140.344 140.409 140.474 140.540 140.605 140.670 140.736 140.801 140.867 140.932 140.997 141.061 141.125 141.187 141.176 141.162 141.148 141.133 141.118 141.103 141.088 141.073 141.059 141.044 141.029 141.015 141.000 140.986 140.972 140.958 140.944 140.931 140.917 140.904 140.891 140.879 140.866 140.854 140.842 140.831 140.819 140.808 140.798 140.787 140.777 140.767 140.758 140.748
139.458 139.521 139.584 139.648 139.711 139.775 139.839 139.903 139.967 140.032 140.096 140.161 140.225 140.290 140.355 140.420 140.485 140.550 140.615 140.680 140.745 140.810 140.875 140.940 141.005 141.068 141.128 141.182 141.168 141.154 141.140 141.125 141.111 141.096 141.081 141.067 141.052 141.038 141.024 141.010 140.996 140.982 140.968 140.954 140.941 140.928 140.915 140.902 140.889 140.877 140.865 140.853 140.841 140.830 140.819 140.808 140.798 140.787 140.777 140.768 140.758 140.749
139.471 139.534 139.598 139.661 139.724 139.788 139.852 139.916 139.980 140.044 140.108 140.172 140.237 140.301 140.366 140.430 140.495 140.560 140.625 140.690 140.755 140.820 140.885 140.949 141.014 141.078 141.138 141.176 141.160 141.145 141.131 141.117 141.103 141.089 141.075 141.061 141.046 141.032 141.018 141.005 140.991 140.977 140.964 140.951 140.937 140.925 140.912 140.899 140.887 140.875 140.863 140.851 140.840 140.829 140.818 140.808 140.797 140.787 140.777 140.768 140.759 140.750
139.485 139.548 139.611 139.674 139.738 139.801 139.865 139.928 139.992 140.056 140.120 140.184 140.248 140.312 140.377 140.441 140.505 140.570 140.635 140.699 140.764 140.829 140.894 140.959 141.024 141.092 141.169 141.162 141.150 141.137 141.123 141.109 141.096 141.082 141.068 141.054 141.040 141.027 141.013 141.000 140.986 140.973 140.960 140.947 140.934 140.921 140.909 140.897 140.885 140.873 140.861 140.850 140.839 140.828 140.817 140.807 140.797 140.787 140.777 140.768 140.759 140.751
