LISFLOOD/results/run11.inittm
ncols         413
nrows         307
xllcorner     341179.518085
yllcorner     4516729.658735
cellsize      10.000000
NODATA_value  -9999.000000
[rows 232 to 260 of 307, columns 195 to 259 of 413]
7.371 7.427 7.293 6.917 6.573 6.369 6.209 6.003 5.933 5.895 5.872 5.862 5.934 6.158 6.450 6.655 6.774 6.737 6.674 6.441 6.175 6.101 5.966 5.899 5.714 5.622 5.564 5.697 7.041 6.331 5.497 5.269 4.797 3.194 1.839 1.512 1.461 1.405 1.347 1.287 1.227 1.168 1.111 1.056 1.003 0.951 0.900 0.851 0.806 0.762 0.721 0.681 0.639 0.598 0.559 0.521 0.485 0.450 0.417 0.385 0.354 0.325 0.297 0.271 0.246
6.762 6.671 6.505 6.341 6.201 6.113 6.032 5.970 5.940 5.914 5.900 5.963 6.221 6.538 6.915 7.136 7.056 6.979 6.821 6.670 6.595 6.514 6.310 6.033 5.742 5.638 5.600 6.116 7.111 6.093 5.446 5.270 4.430 2.781 1.691 1.512 1.459 1.403 1.344 1.283 1.223 1.164 1.107 1.051 0.997 0.945 0.894 0.845 0.798 0.751 0.707 0.666 0.626 0.589 0.553 0.516 0.479 0.444 0.411 0.379 0.348 0.319 0.291 0.265 0.240
6.287 6.244 6.194 6.136 6.085 6.053 6.006 5.978 5.957 5.937 5.936 6.186 6.556 6.888 7.307 7.237 7.122 7.055 6.830 6.748 6.759 6.703 6.516 6.092 5.717 5.657 5.657 6.072 6.301 5.813 5.443 5.228 4.069 2.462 1.608 1.512 1.458 1.401 1.342 1.281 1.221 1.161 1.103 1.047 0.993 0.940 0.889 0.839 0.792 0.746 0.701 0.658 0.616 0.576 0.539 0.504 0.470 0.438 0.405 0.373 0.342 0.313 0.286 0.259 0.234
6.201 6.172 6.144 6.100 6.071 6.051 6.023 6.004 5.992 5.987 5.993 6.262 6.628 6.955 7.203 7.091 7.004 6.942 6.869 6.833 6.916 6.808 6.599 5.889 5.705 5.682 5.876 5.951 5.886 5.685 5.482 5.146 3.741 2.227 1.566 1.502 1.452 1.401 1.341 1.279 1.218 1.159 1.101 1.044 0.989 0.937 0.885 0.835 0.787 0.740 0.696 0.652 0.610 0.570 0.532 0.494 0.459 0.426 0.394 0.365 0.336 0.307 0.280 0.253 0.229
6.204 6.176 6.152 6.120 6.098 6.086 6.077 6.096 6.102 6.132 6.162 6.329 6.683 6.988 7.101 7.047 7.002 6.958 6.914 6.914 6.994 6.862 6.389 5.765 5.727 5.786 5.887 5.842 5.783 5.683 5.518 5.001 3.362 1.961 1.546 1.495 1.439 1.383 1.327 1.271 1.216 1.157 1.099 1.042 0.986 0.933 0.882 0.831 0.782 0.736 0.691 0.647 0.605 0.564 0.526 0.488 0.453 0.418 0.386 0.354 0.326 0.298 0.273 0.248 0.223
6.344 6.272 6.232 6.177 6.173 6.175 6.196 6.242 6.254 6.329 6.339 6.457 6.696 6.868 7.069 7.064 7.033 6.996 6.969 7.014 7.013 6.566 5.952 5.775 5.757 5.941 5.896 5.856 5.816 5.721 5.550 4.769 2.971 1.731 1.545 1.493 1.438 1.379 1.318 1.256 1.196 1.139 1.086 1.034 0.984 0.931 0.879 0.829 0.779 0.732 0.686 0.643 0.600 0.559 0.521 0.483 0.447 0.413 0.380 0.349 0.319 0.291 0.264 0.239 0.216
6.589 6.458 6.333 6.254 6.266 6.256 6.272 6.297 6.312 6.440 6.518 6.677 6.892 7.042 7.177 7.163 7.112 7.053 7.036 7.097 6.674 6.071 5.821 5.794 5.824 5.973 5.936 5.922 5.876 5.762 5.558 4.421 2.627 1.639 1.545 1.493 1.437 1.378 1.316 1.254 1.194 1.136 1.078 1.021 0.966 0.914 0.864 0.817 0.772 0.728 0.683 0.639 0.597 0.555 0.516 0.478 0.442 0.408 0.374 0.343 0.313 0.285 0.258 0.233 0.209
6.478 6.418 6.342 6.299 6.326 6.301 6.322 6.350 6.446 6.582 6.699 7.016 7.238 7.327 7.288 7.227 7.154 7.099 7.020 6.808 6.092 5.899 5.835 5.817 6.117 6.097 6.027 5.976 5.961 5.852 5.482 4.008 2.357 1.610 1.546 1.494 1.437 1.377 1.316 1.254 1.193 1.134 1.076 1.019 0.964 0.912 0.860 0.809 0.760 0.713 0.668 0.626 0.587 0.548 0.511 0.474 0.438 0.403 0.369 0.338 0.308 0.280 0.253 0.228 0.204
6.446 6.410 6.373 6.350 6.379 6.368 6.419 6.500 6.792 6.924 7.035 7.301 7.490 7.487 7.429 7.374 7.141 6.954 6.663 6.081 5.931 5.897 5.863 5.856 6.176 6.432 6.386 6.292 6.065 5.901 5.303 3.576 2.130 1.597 1.543 1.496 1.439 1.378 1.316 1.254 1.193 1.133 1.075 1.018 0.963 0.910 0.858 0.807 0.758 0.711 0.666 0.622 0.579 0.537 0.498 0.462 0.427 0.394 0.363 0.333 0.304 0.276 0.249 0.223 0.199
6.469 6.446 6.443 6.495 6.510 6.527 6.643 6.872 7.272 7.309 7.358 7.448 7.456 7.352 7.264 7.173 6.853 6.439 6.104 5.974 5.947 5.924 5.905 6.006 6.286 6.543 6.648 6.481 6.127 5.916 5.049 3.254 1.957 1.585 1.535 1.483 1.429 1.374 1.318 1.256 1.193 1.133 1.075 1.018 0.963 0.909 0.857 0.806 0.757 0.709 0.664 0.619 0.576 0.535 0.496 0.458 0.422 0.387 0.354 0.323 0.294 0.267 0.241 0.217 0.194
6.523 6.552 6.697 6.918 6.884 7.009 7.154 7.344 7.451 7.386 7.363 7.301 7.181 6.982 6.795 6.411 6.161 6.062 6.021 5.989 5.968 5.949 5.936 6.374 6.664 6.668 6.641 6.507 6.181 5.898 4.759 2.993 1.825 1.586 1.536 1.482 1.424 1.363 1.302 1.244 1.189 1.134 1.077 1.020 0.963 0.909 0.857 0.806 0.756 0.708 0.662 0.618 0.574 0.533 0.493 0.456 0.419 0.384 0.351 0.319 0.290 0.262 0.235 0.210 0.187
6.631 6.841 7.141 7.301 7.273 7.298 7.258 7.403 7.367 7.203 7.004 6.773 6.397 6.202 6.165 6.113 6.083 6.057 6.032 6.008 5.991 5.975 5.971 6.547 6.572 6.523 6.471 6.394 6.207 5.778 4.174 2.682 1.721 1.587 1.537 1.483 1.424 1.363 1.302 1.239 1.178 1.119 1.063 1.011 0.960 0.911 0.858 0.806 0.756 0.708 0.662 0.617 0.573 0.532 0.492 0.453 0.416 0.381 0.348 0.316 0.286 0.258 0.231 0.206 0.183
6.686 6.917 7.191 7.312 7.289 7.248 7.145 7.068 6.914 6.668 6.445 6.258 6.178 6.157 6.138 6.118 6.098 6.079 6.054 6.034 6.021 6.012 6.086 6.594 6.582 6.552 6.510 6.376 6.187 5.423 3.661 2.323 1.664 1.589 1.538 1.484 1.426 1.364 1.302 1.239 1.178 1.120 1.063 1.007 0.951 0.899 0.851 0.804 0.757 0.708 0.662 0.617 0.573 0.531 0.491 0.452 0.415 0.379 0.346 0.314 0.283 0.255 0.228 0.203 0.179
6.718 6.803 6.868 6.826 6.762 6.673 6.531 6.480 6.389 6.317 6.264 6.210 6.191 6.176 6.165 6.183 6.286 6.308 6.241 6.178 6.197 6.249 6.523 6.721 6.926 6.885 6.769 6.404 6.170 4.950 3.279 2.042 1.647 1.591 1.541 1.487 1.428 1.367 1.303 1.241 1.180 1.121 1.063 1.007 0.952 0.899 0.847 0.797 0.751 0.706 0.663 0.617 0.573 0.531 0.490 0.451 0.414 0.378 0.344 0.312 0.281 0.252 0.225 0.199 0.176
6.583 6.554 6.516 6.449 6.410 6.368 6.342 6.321 6.298 6.271 6.253 6.229 6.239 6.303 6.377 6.614 6.908 6.924 6.856 6.779 6.822 6.866 6.892 6.947 7.072 7.706 6.950 6.446 6.079 4.468 2.843 1.779 1.642 1.595 1.544 1.490 1.431 1.369 1.306 1.243 1.182 1.123 1.064 1.008 0.953 0.899 0.847 0.797 0.747 0.699 0.654 0.612 0.571 0.532 0.491 0.451 0.413 0.377 0.343 0.311 0.279 0.250 0.223 0.197 0.173
6.517 6.489 6.466 6.433 6.412 6.389 6.374 6.357 6.340 6.320 6.313 6.327 6.441 6.719 6.873 7.043 7.204 7.238 7.199 7.224 7.274 7.240 7.148 7.053 7.011 7.356 6.751 6.486 5.823 3.935 2.369 1.712 1.644 1.600 1.550 1.496 1.436 1.374 1.310 1.247 1.186 1.126 1.067 1.010 0.954 0.901 0.848 0.797 0.748 0.700 0.654 0.609 0.566 0.524 0.486 0.449 0.414 0.378 0.343 0.310 0.279 0.249 0.221 0.195 0.171
6.554 6.531 6.502 6.476 6.464 6.477 6.596 6.693 6.718 6.677 6.630 6.773 7.006 7.189 7.263 7.417 7.596 7.667 7.681 7.678 7.597 7.467 7.288 7.134 6.956 6.786 6.627 6.492 5.408 3.459 2.029 1.695 1.641 1.594 1.544 1.493 1.438 1.381 1.317 1.252 1.190 1.129 1.070 1.013 0.957 0.903 0.850 0.798 0.749 0.701 0.654 0.609 0.566 0.524 0.484 0.445 0.408 0.374 0.342 0.310 0.279 0.249 0.221 0.194 0.169
6.706 6.731 6.718 6.721 6.747 6.853 7.039 7.172 7.263 7.267 7.238 7.352 7.562 7.738 7.917 8.096 8.381 8.489 8.456 8.371 8.288 8.187 7.982 7.873 7.656 7.235 6.787 6.478 4.953 2.929 1.790 1.690 1.644 1.597 1.547 1.493 1.433 1.373 1.313 1.254 1.197 1.136 1.075 1.017 0.961 0.906 0.852 0.801 0.751 0.703 0.656 0.611 0.567 0.525 0.484 0.446 0.408 0.372 0.338 0.306 0.276 0.247 0.221 0.194 0.169
6.998 7.083 7.127 7.216 7.292 7.453 7.689 7.833 7.914 7.982 7.972 8.101 8.485 8.706 9.003 9.322 9.453 9.373 9.289 9.154 9.083 8.811 8.505 8.233 8.047 7.533 6.919 6.344 4.384 2.401 1.751 1.694 1.649 1.601 1.550 1.496 1.437 1.376 1.313 1.250 1.189 1.133 1.077 1.023 0.967 0.911 0.857 0.804 0.754 0.706 0.658 0.613 0.569 0.527 0.486 0.447 0.409 0.373 0.338 0.306 0.274 0.244 0.217 0.192 0.168
8.030 8.144 8.256 8.424 8.605 8.991 9.551 9.732 9.665 9.596 9.515 9.739 10.139 10.077 10.024 9.991 9.921 9.814 9.518 9.153 9.293 9.178 8.798 8.610 8.318 7.672 6.982 6.105 3.866 2.007 1.743 1.699 1.653 1.606 1.554 1.500 1.441 1.379 1.316 1.253 1.193 1.133 1.073 1.016 0.962 0.910 0.859 0.811 0.759 0.709 0.662 0.617 0.572 0.529 0.488 0.449 0.411 0.374 0.340 0.307 0.275 0.246 0.217 0.191 0.166
8.301 9.826 11.395 12.282 12.388 12.428 12.303 12.147 11.968 11.747 11.192 11.079 10.921 10.334 9.963 9.944 9.833 9.678 9.305 8.931 8.840 8.750 8.664 8.595 8.309 7.664 7.032 5.856 3.325 1.839 1.749 1.706 1.659 1.611 1.561 1.506 1.447 1.385 1.322 1.258 1.197 1.136 1.077 1.021 0.965 0.911 0.857 0.807 0.759 0.712 0.667 0.621 0.577 0.534 0.493 0.453 0.414 0.377 0.342 0.308 0.277 0.247 0.218 0.192 0.167
8.357 9.982 11.571 12.407 12.550 12.737 13.476 13.711 13.411 13.071 11.933 11.567 11.255 10.429 9.829 9.690 9.564 9.421 9.086 8.887 8.811 8.757 8.712 8.662 8.273 7.646 6.991 5.408 2.784 1.810 1.757 1.712 1.666 1.618 1.567 1.513 1.454 1.392 1.329 1.265 1.203 1.142 1.083 1.026 0.969 0.915 0.862 0.810 0.760 0.710 0.663 0.617 0.573 0.531 0.491 0.452 0.416 0.380 0.346 0.312 0.280 0.249 0.221 0.193 0.168
8.263 9.756 10.446 11.116 11.972 12.715 13.491 13.734 13.644 13.458 12.288 11.467 10.516 9.686 9.531 9.438 9.325 9.224 9.064 8.911 8.868 8.815 8.761 8.719 8.232 7.580 6.816 4.842 2.307 1.807 1.765 1.720 1.674 1.626 1.576 1.522 1.463 1.401 1.337 1.274 1.211 1.150 1.091 1.033 0.976 0.921 0.867 0.815 0.764 0.715 0.668 0.622 0.578 0.536 0.495 0.456 0.417 0.381 0.346 0.313 0.282 0.252 0.224 0.197 0.171
7.642 8.091 8.577 9.059 9.702 10.406 11.223 12.036 12.463 12.218 11.593 10.858 10.288 9.368 9.173 9.118 9.071 9.036 8.992 8.951 8.939 8.988 8.924 8.769 8.125 7.426 6.568 4.359 2.028 1.814 1.774 1.730 1.684 1.636 1.586 1.532 1.474 1.412 1.348 1.284 1.221 1.159 1.099 1.041 0.984 0.928 0.874 0.822 0.771 0.722 0.674 0.628 0.584 0.541 0.500 0.461 0.422 0.386 0.351 0.317 0.285 0.255 0.226 0.199 0.174
7.591 7.643 7.696 7.781 7.995 8.645 9.446 9.880 10.279 10.577 10.422 9.968 9.520 9.274 9.171 9.088 9.007 8.929 8.857 8.797 8.739 8.711 8.648 8.537 7.938 7.294 6.193 3.786 1.912 1.818 1.776 1.732 1.687 1.642 1.594 1.544 1.488 1.427 1.362 1.297 1.233 1.171 1.111 1.051 0.994 0.938 0.884 0.831 0.779 0.731 0.683 0.636 0.592 0.548 0.507 0.467 0.428 0.392 0.357 0.323 0.291 0.261 0.232 0.204 0.179
7.560 7.622 7.688 7.752 7.812 7.953 8.526 8.923 9.277 9.454 9.429 9.334 9.254 9.197 9.151 9.111 9.089 9.128 8.799 8.603 8.428 8.330 8.197 8.024 7.662 7.162 5.818 3.325 1.889 1.826 1.783 1.739 1.694 1.647 1.597 1.544 1.489 1.429 1.369 1.307 1.249 1.186 1.125 1.065 1.006 0.950 0.895 0.842 0.791 0.741 0.692 0.646 0.601 0.557 0.516 0.475 0.437 0.399 0.364 0.330 0.298 0.267 0.238 0.211 0.186
7.523 7.606 7.684 7.753 7.816 7.889 8.306 8.786 8.927 9.033 9.253 9.224 9.166 9.112 9.074 9.043 9.016 8.976 8.689 8.555 8.491 8.628 8.503 8.089 7.601 7.027 5.386 2.988 1.883 1.835 1.792 1.747 1.702 1.655 1.606 1.554 1.499 1.439 1.377 1.312 1.249 1.188 1.129 1.073 1.017 0.965 0.909 0.856 0.803 0.753 0.704 0.657 0.612 0.568 0.526 0.485 0.446 0.409 0.373 0.339 0.307 0.276 0.247 0.219 0.194
7.548 7.617 7.689 7.759 7.824 7.885 8.042 8.666 8.868 8.967 9.147 9.126 9.093 9.061 9.037 9.017 8.993 8.956 8.751 8.584 8.547 8.984 8.941 8.233 7.649 6.891 4.941 2.706 1.888 1.846 1.802 1.757 1.712 1.665 1.617 1.566 1.510 1.451 1.388 1.324 1.262 1.201 1.141 1.082 1.024 0.968 0.915 0.863 0.813 0.765 0.719 0.672 0.626 0.581 0.538 0.497 0.458 0.420 0.384 0.350 0.317 0.287 0.257 0.229 0.204
7.588 7.648 7.713 7.777 7.839 7.899 7.979 8.493 8.736 8.878 9.172 9.154 9.119 9.093 9.091 9.068 9.036 8.987 8.778 8.628 8.614 8.870 8.802 8.221 7.581 6.719 4.541 2.446 1.893 1.852 1.809 1.767 1.724 1.678 1.629 1.578 1.524 1.464 1.402 1.338 1.276 1.214 1.154 1.094 1.037 0.982 0.928 0.876 0.824 0.774 0.726 0.679 0.635 0.592 0.551 0.512 0.472 0.433 0.397 0.362 0.329 0.298 0.269 0.242 0.216
