LISFLOOD/results/run15.mxe
ncols         83
nrows         62
xllcorner     341179.518085
yllcorner     4516699.658735
cellsize      50.000000
NODATA_value  -9999.000000
[rows 28 to 55 of 62, columns 0 to 62 of 83]
-9999.000 -9999.000 -9999.000 -9999.000 -9999.000 -9999.000 -9999.000 -9999.000 -9999.000 -9999.000 -9999.000 -9999.000 -9999.000 -9999.000 -9999.000 -9999.000 -9999.000 -9999.000 -9999.000 -9999.000 -9999.000 -9999.000 -9999.000 -9999.000 136.322 136.327 136.328 136.330 136.333 136.338 136.342 136.347 136.352 136.357 136.361 136.364 136.363 136.364 136.367 136.370 136.375 136.382 136.391 -9999.000 -9999.000 136.351 136.356 136.362 136.368 136.374 136.380 136.386 136.392 136.398 136.404 136.411 136.418 136.425 136.433 136.442 136.452 136.463 136.473
-9999.000 -9999.000 -9999.000 -9999.000 -9999.000 -9999.000 -9999.000 -9999.000 -9999.000 -9999.000 -9999.000 -9999.000 -9999.000 -9999.000 -9999.000 -9999.000 -9999.000 -9999.000 -9999.000 -9999.000 -9999.000 -9999.000 -9999.000 -9999.000 136.321 136.326 136.326 136.328 136.330 136.333 136.337 136.341 136.345 136.350 136.356 136.356 136.350 136.350 136.353 136.356 136.361 136.365 136.379 -9999.000 136.320 136.332 136.339 136.345 136.350 136.356 136.361 136.366 136.371 136.376 136.382 136.388 136.394 136.400 136.407 136.415 136.424 136.435 136.450
-9999.000 -9999.000 -9999.000 -9999.000 -9999.000 -9999.000 -9999.000 -9999.000 -9999.000 -9999.000 -9999.000 -9999.000 -9999.000 -9999.000 -9999.000 -9999.000 -9999.000 -9999.000 -9999.000 -9999.000 -9999.000 -9999.000 -9999.000 -9999.000 -9999.000 -9999.000 136.324 136.324 136.326 136.328 136.331 136.334 136.338 136.344 136.347 136.339 136.334 136.336 136.338 136.342 136.346 136.350 -9999.000 136.301 136.309 136.316 136.322 136.328 136.333 136.337 136.342 136.346 136.350 136.355 136.359 136.364 136.369 136.374 136.380 136.386 136.394 136.404 136.425
-9999.000 -9999.000 -9999.000 -9999.000 -9999.000 -9999.000 -9999.000 -9999.000 -9999.000 -9999.000 -9999.000 -9999.000 -9999.000 -9999.000 -9999.000 -9999.000 -9999.000 -9999.000 -9999.000 -9999.000 -9999.000 -9999.000 -9999.000 -9999.000 -9999.000 136.320 136.320 136.319 136.320 136.322 136.325 136.327 136.330 136.335 -9999.000 136.307 136.316 136.320 136.323 136.326 136.331 136.341 -9999.000 136.293 136.297 136.302 136.307 136.311 136.315 136.319 136.323 136.326 136.330 136.333 136.337 136.340 136.344 136.348 136.353 136.357 136.360 136.380 136.398
-9999.000 -9999.000 -9999.000 -9999.000 -9999.000 -9999.000 -9999.000 -9999.000 -9999.000 -9999.000 -9999.000 -9999.000 -9999.000 -9999.000 -9999.000 -9999.000 -9999.000 -9999.000 -9999.000 -9999.000 -9999.000 -9999.000 -9999.000 -9999.000 -9999.000 -9999.000 136.312 136.313 136.314 136.316 136.318 136.320 136.323 136.329 -9999.000 136.297 136.301 136.304 136.307 136.309 136.310 -9999.000 136.275 136.281 136.285 136.289 136.292 136.295 136.298 136.301 136.304 136.306 136.309 136.311 136.314 136.316 136.319 136.322 136.325 136.329 136.338 136.355 136.373
-9999.000 -9999.000 -9999.000 -9999.000 -9999.000 -9999.000 -9999.000 -9999.000 -9999.000 -9999.000 -9999.000 -9999.000 -9999.000 -9999.000 -9999.000 -9999.000 -9999.000 -9999.000 -9999.000 -9999.000 -9999.000 -9999.000 -9999.000 -9999.000 -9999.000 -9999.000 136.303 136.306 136.307 136.309 136.311 136.313 136.318 -9999.000 136.281 136.286 136.288 136.290 136.291 136.292 136.292 -9999.000 136.269 136.271 136.273 136.275 136.278 136.280 136.281 136.283 136.285 136.286 136.288 136.289 136.291 136.293 136.294 136.296 136.296 136.295 136.314 136.331 136.348
-9999.000 -9999.000 -9999.000 -9999.000 -9999.000 -9999.000 -9999.000 -9999.000 -9999.000 -9999.000 -9999.000 -9999.000 -9999.000 -9999.000 -9999.000 -9999.000 -9999.000 -9999.000 -9999.000 -9999.000 -9999.000 -9999.000 -9999.000 -9999.000 -9999.000 -9999.000 136.297 136.299 136.300 136.302 136.304 136.305 136.312 -9999.000 -9999.000 136.273 136.274 136.276 136.276 136.276 136.273 136.263 136.261 136.261 136.261 136.262 136.263 136.264 136.265 136.265 136.266 136.267 136.267 136.267 136.268 136.269 136.269 136.270 136.270 136.272 136.290 136.307 136.323
-9999.000 -9999.000 -9999.000 -9999.000 -9999.000 -9999.000 -9999.000 -9999.000 -9999.000 -9999.000 -9999.000 -9999.000 -9999.000 -9999.000 -9999.000 -9999.000 -9999.000 -9999.000 -9999.000 -9999.000 -9999.000 -9999.000 -9999.000 -9999.000 -9999.000 -9999.000 136.290 136.291 136.293 136.294 136.296 136.298 -9999.000 -9999.000 136.250 136.260 136.261 136.262 136.262 136.262 136.262 136.254 136.251 136.250 136.249 136.249 136.249 136.248 136.248 136.248 136.247 136.247 136.246 136.246 136.245 136.244 136.244 136.244 136.243 136.254 136.269 136.284 136.299
-9999.000 -9999.000 -9999.000 -9999.000 -9999.000 -9999.000 -9999.000 -9999.000 -9999.000 -9999.000 -9999.000 -9999.000 -9999.000 -9999.000 -9999.000 -9999.000 -9999.000 -9999.000 -9999.000 -9999.000 -9999.000 -9999.000 -9999.000 -9999.000 -9999.000 -9999.000 136.281 136.283 136.285 136.287 136.289 136.292 -9999.000 -9999.000 136.240 136.246 136.248 136.249 136.249 136.248 136.245 136.241 136.239 136.238 136.236 136.235 136.234 136.233 136.232 136.230 136.229 136.227 136.225 136.224 136.222 136.220 136.219 136.219 136.221 136.233 136.247 136.261 136.276
-9999.000 -9999.000 -9999.000 -9999.000 -9999.000 -9999.000 -9999.000 -9999.000 -9999.000 -9999.000 -9999.000 -9999.000 -9999.000 -9999.000 -9999.000 -9999.000 -9999.000 -9999.000 -9999.000 -9999.000 -9999.000 -9999.000 -9999.000 -9999.000 -9999.000 136.268 136.273 136.276 136.278 136.279 136.281 136.286 -9999.000 -9999.000 136.232 136.235 136.236 136.237 136.236 136.234 136.228 136.229 136.227 136.226 136.224 136.222 136.220 136.218 136.215 136.213 136.210 136.207 136.204 136.201 136.198 136.196 136.193 136.192 136.199 136.211 136.224 136.238 136.252
-9999.000 -9999.000 -9999.000 -9999.000 -9999.000 -9999.000 -9999.000 -9999.000 -9999.000 -9999.000 -9999.000 -9999.000 -9999.000 -9999.000 -9999.000 -9999.000 -9999.000 -9999.000 -9999.000 -9999.000 -9999.000 -9999.000 -9999.000 -9999.000 136.263 136.263 136.266 136.268 136.270 136.272 136.273 136.280 -9999.000 -9999.000 136.224 136.225 136.226 136.225 136.224 136.222 136.220 136.218 136.216 136.214 136.211 136.209 136.206 136.203 136.199 136.196 136.192 136.188 136.184 136.179 136.175 136.171 136.165 136.157 136.175 136.188 136.201 136.215 136.228
-9999.000 -9999.000 -9999.000 -9999.000 -9999.000 -9999.000 -9999.000 -9999.000 -9999.000 -9999.000 -9999.000 -9999.000 -9999.000 -9999.000 -9999.000 -9999.000 -9999.000 -9999.000 -9999.000 -9999.000 -9999.000 -9999.000 -9999.000 -9999.000 136.256 136.257 136.259 136.261 136.263 136.264 136.265 -9999.000 -9999.000 -9999.000 136.215 136.215 136.216 136.215 136.214 136.212 136.210 136.207 136.205 136.202 136.199 136.196 136.192 136.188 136.183 136.179 136.174 136.168 136.163 136.157 136.152 136.146 136.141 136.136 136.151 136.165 136.178 136.191 136.204
-9999.000 -9999.000 -9999.000 -9999.000 -9999.000 -9999.000 -9999.000 -9999.000 -9999.000 -9999.000 -9999.000 -9999.000 -9999.000 -9999.000 -9999.000 -9999.000 -9999.000 -9999.000 -9999.000 -9999.000 -9999.000 -9999.000 -9999.000 136.241 136.244 136.251 136.252 136.254 136.256 136.257 136.258 -9999.000 -9999.000 136.200 136.206 136.206 136.206 136.205 136.204 136.202 136.200 136.197 136.194 136.191 136.187 136.183 136.178 136.173 136.168 136.162 136.156 136.149 136.142 136.135 136.129 136.122 136.117 136.115 136.129 136.143 136.156 136.168 136.180
-9999.000 -9999.000 -9999.000 -9999.000 -9999.000 -9999.000 -9999.000 -9999.000 -9999.000 -9999.000 -9999.000 -9999.000 -9999.000 -9999.000 -9999.000 -9999.000 -9999.000 -9999.000 -9999.000 -9999.000 -9999.000 -9999.000 -9999.000 136.238 136.239 136.243 136.246 136.248 136.249 136.251 136.252 -9999.000 -9999.000 136.192 136.196 136.197 136.197 136.196 136.195 136.193 136.190 136.187 136.184 136.180 136.175 136.170 136.165 136.159 136.153 136.146 136.138 136.130 136.122 136.113 136.105 136.096 136.090 136.093 136.107 136.121 136.134 136.146 136.157
-9999.000 -9999.000 -9999.000 -9999.000 -9999.000 -9999.000 -9999.000 -9999.000 -9999.000 -9999.000 -9999.000 -9999.000 -9999.000 -9999.000 -9999.000 -9999.000 -9999.000 -9999.000 -9999.000 -9999.000 -9999.000 -9999.000 -9999.000 136.235 136.236 136.237 136.239 136.241 136.243 136.245 136.247 -9999.000 -9999.000 136.188 136.189 136.190 136.189 136.188 136.186 136.184 136.181 136.178 136.174 136.169 136.164 136.158 136.152 136.145 136.138 136.130 136.121 136.112 136.102 136.092 136.081 136.069 136.053 136.070 136.085 136.100 136.113 136.125 136.135
-9999.000 -9999.000 -9999.000 -9999.000 -9999.000 -9999.000 -9999.000 -9999.000 -9999.000 -9999.000 -9999.000 -9999.000 -9999.000 -9999.000 -9999.000 -9999.000 -9999.000 -9999.000 -9999.000 -9999.000 -9999.000 -9999.000 -9999.000 136.229 136.230 136.231 136.233 136.234 136.236 136.238 136.242 -9999.000 136.179 136.182 136.183 136.183 136.182 136.181 136.179 136.176 136.173 136.169 136.164 136.159 136.153 136.147 136.140 136.132 136.124 136.115 136.105 136.094 136.082 136.070 136.058 136.046 136.033 136.050 136.065 136.080 136.093 136.105 136.115
-9999.000 -9999.000 -9999.000 -9999.000 -9999.000 -9999.000 -9999.000 -9999.000 -9999.000 -9999.000 -9999.000 -9999.000 -9999.000 -9999.000 -9999.000 -9999.000 -9999.000 -9999.000 -9999.000 -9999.000 -9999.000 -9999.000 -9999.000 136.222 136.224 136.225 136.226 136.228 136.229 136.231 136.237 -9999.000 136.175 136.177 136.177 136.177 136.176 136.174 136.171 136.168 136.164 136.160 136.155 136.150 136.143 136.136 136.129 136.120 136.111 136.100 136.089 136.076 136.063 136.049 136.035 136.022 136.013 136.030 136.047 136.062 136.075 136.086 136.096
-9999.000 -9999.000 -9999.000 -9999.000 -9999.000 -9999.000 -9999.000 -9999.000 -9999.000 -9999.000 -9999.000 -9999.000 -9999.000 -9999.000 -9999.000 -9999.000 -9999.000 -9999.000 -9999.000 -9999.000 -9999.000 -9999.000 136.214 136.216 136.218 136.219 136.220 136.221 136.223 136.225 -9999.000 136.171 136.172 136.173 136.173 136.172 136.170 136.168 136.165 136.161 136.157 136.152 136.147 136.141 136.134 136.127 136.118 136.109 136.098 136.087 136.074 136.060 136.045 136.028 136.011 135.996 135.993 136.012 136.029 136.045 136.058 136.070 136.080
-9999.000 -9999.000 -9999.000 -9999.000 -9999.000 -9999.000 -9999.000 -9999.000 -9999.000 -9999.000 -9999.000 -9999.000 -9999.000 -9999.000 -9999.000 -9999.000 -9999.000 -9999.000 -9999.000 -9999.000 -9999.000 -9999.000 136.213 136.211 136.212 136.213 136.213 136.214 136.216 136.220 -9999.000 136.170 136.170 136.170 136.169 136.167 136.165 136.162 136.159 136.155 136.150 136.145 136.139 136.133 136.126 136.118 136.109 136.099 136.087 136.075 136.061 136.045 136.027 136.007 135.985 135.956 135.971 135.995 136.014 136.030 136.044 136.055 136.064
-9999.000 -9999.000 -9999.000 -9999.000 -9999.000 -9999.000 -9999.000 -9999.000 -9999.000 -9999.000 -9999.000 -9999.000 -9999.000 -9999.000 -9999.000 -9999.000 -9999.000 -9999.000 -9999.000 -9999.000 -9999.000 -9999.000 -9999.000 136.206 136.206 136.207 136.207 136.207 136.207 -9999.000 136.171 136.170 136.168 136.167 136.165 136.163 136.160 136.157 136.153 136.149 136.144 136.139 136.133 136.126 136.118 136.110 136.100 136.090 136.078 136.064 136.049 136.032 136.012 135.990 135.965 135.939 135.961 135.983 136.002 136.018 136.031 136.042 136.051
-9999.000 -9999.000 -9999.000 -9999.000 -9999.000 -9999.000 -9999.000 -9999.000 -9999.000 -9999.000 -9999.000 -9999.000 -9999.000 -9999.000 -9999.000 -9999.000 -9999.000 -9999.000 -9999.000 -9999.000 -9999.000 -9999.000 136.196 136.200 136.201 136.200 136.200 136.199 136.197 136.182 136.172 136.169 136.167 136.165 136.162 136.159 136.156 136.152 136.148 136.144 136.138 136.133 136.126 136.119 136.111 136.103 136.093 136.082 136.069 136.055 136.039 136.021 135.999 135.974 135.947 135.922 135.950 135.974 135.993 136.009 136.021 136.031 136.039
-9999.000 -9999.000 -9999.000 -9999.000 -9999.000 -9999.000 -9999.000 -9999.000 -9999.000 -9999.000 -9999.000 -9999.000 -9999.000 -9999.000 -9999.000 -9999.000 -9999.000 -9999.000 -9999.000 -9999.000 -9999.000 -9999.000 136.192 136.195 136.195 136.195 136.194 136.192 136.187 136.178 136.172 136.169 136.165 136.162 136.159 136.156 136.152 136.148 136.144 136.139 136.134 136.128 136.121 136.114 136.105 136.097 136.087 136.075 136.063 136.049 136.032 136.013 135.990 135.961 135.928 135.908 135.945 135.969 135.988 136.002 136.014 136.023 136.030
-9999.000 -9999.000 -9999.000 -9999.000 -9999.000 -9999.000 -9999.000 -9999.000 -9999.000 -9999.000 -9999.000 -9999.000 -9999.000 -9999.000 -9999.000 -9999.000 -9999.000 -9999.000 -9999.000 -9999.000 -9999.000 -9999.000 136.189 136.190 136.190 136.190 136.188 136.186 136.181 136.176 136.171 136.167 136.164 136.160 136.157 136.153 136.149 136.145 136.140 136.135 136.129 136.123 136.116 136.109 136.100 136.091 136.081 136.070 136.058 136.044 136.028 136.009 135.985 135.952 135.895 135.927 135.952 135.971 135.986 135.998 136.008 136.016 136.023
-9999.000 -9999.000 -9999.000 -9999.000 -9999.000 -9999.000 -9999.000 -9999.000 -9999.000 -9999.000 -9999.000 -9999.000 -9999.000 -9999.000 -9999.000 -9999.000 -9999.000 -9999.000 -9999.000 -9999.000 -9999.000 -9999.000 136.186 136.187 136.186 136.186 136.184 136.181 136.178 136.174 136.170 136.166 136.162 136.158 136.154 136.150 136.146 136.141 136.136 136.131 136.125 136.119 136.112 136.105 136.096 136.087 136.078 136.067 136.055 136.042 136.027 136.010 135.990 135.968 135.947 135.952 135.964 135.976 135.987 135.997 136.005 136.012 136.017
-9999.000 -9999.000 -9999.000 -9999.000 -9999.000 -9999.000 -9999.000 -9999.000 -9999.000 -9999.000 -9999.000 -9999.000 -9999.000 -9999.000 -9999.000 -9999.000 -9999.000 -9999.000 -9999.000 -9999.000 -9999.000 136.182 136.183 136.184 136.183 136.182 136.181 136.178 136.175 136.172 136.168 136.164 136.160 136.156 136.152 136.148 136.143 136.138 136.133 136.128 136.122 136.116 136.109 136.101 136.093 136.084 136.075 136.064 136.053 136.041 136.027 136.013 135.998 135.983 135.972 135.971 135.976 135.983 135.990 135.997 136.003 136.008 136.012
-9999.000 -9999.000 -9999.000 -9999.000 -9999.000 -9999.000 -9999.000 -9999.000 -9999.000 -9999.000 -9999.000 -9999.000 -9999.000 -9999.000 -9999.000 -9999.000 -9999.000 -9999.000 -9999.000 -9999.000 -9999.000 136.181 136.181 136.181 136.181 136.180 136.178 136.176 136.173 136.170 136.166 136.162 136.158 136.154 136.150 136.145 136.141 136.136 136.131 136.125 136.119 136.113 136.106 136.098 136.090 136.082 136.072 136.063 136.052 136.041 136.029 136.017 136.005 135.994 135.987 135.984 135.985 135.989 135.994 135.998 136.003 136.006 136.009
-9999.000 -9999.000 -9999.000 -9999.000 -9999.000 -9999.000 -9999.000 -9999.000 -9999.000 -9999.000 -9999.000 -9999.000 -9999.000 -9999.000 -9999.000 -9999.000 -9999.000 -9999.000 -9999.000 -9999.000 136.179 136.180 136.180 136.179 136.179 136.177 136.176 136.174 136.171 136.168 136.165 136.161 136.157 136.152 136.148 136.143 136.139 136.134 136.128 136.123 136.117 136.110 136.103 136.096 136.088 136.080 136.071 136.062 136.052 136.042 136.031 136.021 136.011 136.003 135.997 135.993 135.993 135.994 135.997 136.000 136.003 136.005 136.007
-9999.000 -9999.000 -9999.000 -9999.000 -9999.000 -9999.000 -9999.000 -9999.000 -9999.000 -9999.000 -9999.000 -9999.000 -9999.000 -9999.000 -9999.000 -9999.000 -9999.000 -9999.000 -9999.000 -9999.000 136.178 136.178 136.178 136.178 136.177 136.176 136.174 136.172 136.170 136.167 136.164 136.160 136.155 136.151 136.146 136.141 136.137 136.132 136.126 136.121 136.115 136.108 136.101 136.094 136.087 136.078 136.070 136.061 136.052 136.043 136.033 136.024 136.016 136.009 136.003 136.000 135.998 135.998 135.999 136.001 136.003 136.004 136.005
