LISFLOOD/results/run12.inittm
ncols         413
nrows         307
xllcorner     341179.518085
yllcorner     4516729.658735
cellsize      10.000000
NODATA_value  -9999.000000
[rows 174 to 202 of 307, columns 260 to 324 of 413]
0.659 0.622 0.586 0.551 0.517 0.484 0.452 0.422 0.392 0.363 0.336 0.309 0.284 0.261 0.239 0.218 0.197 0.176 0.157 0.138 0.121 0.106 0.091 0.078 0.066 0.054 0.044 0.035 0.027 0.020 0.014 0.009 0.006 0.003 0.001 0.001 0.001 0.001 0.001 0.003 0.006 0.009 0.014 0.020 0.027 0.034 0.043 0.053 0.159 0.607 0.666 0.676 0.680 0.684 0.692 0.702 0.709 0.717 0.729 0.742 0.757 0.764 0.764 0.771 0.790
0.650 0.613 0.577 0.542 0.508 0.475 0.443 0.413 0.383 0.355 0.328 0.301 0.276 0.252 0.229 0.209 0.189 0.170 0.151 0.132 0.116 0.100 0.086 0.072 0.061 0.050 0.040 0.031 0.024 0.017 0.012 0.007 0.004 0.002 0.001 0.001 0.001 0.001 0.002 0.004 0.007 0.012 0.017 0.023 0.031 0.038 0.047 0.072 0.568 0.653 0.679 0.682 0.687 0.691 0.698 0.706 0.712 0.724 0.738 0.748 0.757 0.767 0.773 0.788 0.812
0.641 0.603 0.567 0.533 0.499 0.466 0.435 0.404 0.375 0.347 0.320 0.294 0.269 0.245 0.222 0.201 0.181 0.162 0.144 0.127 0.111 0.095 0.081 0.068 0.056 0.046 0.036 0.028 0.021 0.014 0.009 0.006 0.003 0.001 0.001 0.001 0.001 0.001 0.003 0.006 0.009 0.014 0.020 0.027 0.034 0.043 0.054 0.207 0.618 0.671 0.680 0.687 0.693 0.698 0.706 0.711 0.717 0.732 0.744 0.753 0.761 0.769 0.785 0.808 0.832
0.632 0.595 0.558 0.524 0.490 0.458 0.427 0.397 0.368 0.339 0.313 0.287 0.262 0.238 0.216 0.194 0.174 0.155 0.137 0.121 0.105 0.091 0.076 0.063 0.052 0.042 0.032 0.024 0.018 0.012 0.007 0.004 0.002 0.001 0.001 0.001 0.001 0.002 0.004 0.007 0.012 0.017 0.023 0.031 0.039 0.048 0.071 0.581 0.654 0.677 0.683 0.690 0.697 0.703 0.710 0.716 0.723 0.735 0.744 0.752 0.760 0.770 0.799 0.818 0.854
0.616 0.582 0.550 0.516 0.482 0.449 0.418 0.389 0.360 0.332 0.306 0.280 0.256 0.232 0.209 0.188 0.168 0.149 0.132 0.115 0.099 0.086 0.072 0.060 0.048 0.038 0.029 0.022 0.016 0.010 0.006 0.003 0.001 0.001 0.001 0.001 0.001 0.003 0.006 0.009 0.014 0.021 0.027 0.035 0.043 0.054 0.178 0.628 0.674 0.686 0.691 0.697 0.702 0.708 0.715 0.721 0.729 0.746 0.751 0.758 0.764 0.781 0.809 0.832 0.879
0.603 0.567 0.535 0.503 0.473 0.442 0.411 0.381 0.353 0.326 0.299 0.273 0.249 0.226 0.204 0.183 0.163 0.144 0.127 0.110 0.094 0.081 0.068 0.056 0.046 0.036 0.027 0.019 0.013 0.008 0.004 0.002 0.001 0.001 0.001 0.001 0.002 0.005 0.008 0.012 0.018 0.024 0.031 0.039 0.049 0.076 0.592 0.662 0.687 0.691 0.697 0.704 0.709 0.714 0.720 0.726 0.734 0.752 0.758 0.764 0.771 0.791 0.818 0.851 0.915
0.594 0.558 0.523 0.489 0.458 0.428 0.399 0.373 0.342 0.316 0.292 0.267 0.243 0.220 0.198 0.177 0.158 0.139 0.122 0.106 0.091 0.077 0.064 0.052 0.042 0.033 0.024 0.018 0.012 0.007 0.004 0.002 0.001 0.001 0.001 0.002 0.004 0.007 0.011 0.015 0.021 0.027 0.035 0.043 0.059 0.397 0.646 0.687 0.696 0.699 0.704 0.711 0.715 0.720 0.727 0.734 0.740 0.747 0.754 0.762 0.773 0.797 0.827 0.873 0.950
0.586 0.549 0.515 0.482 0.449 0.418 0.388 0.360 0.332 0.306 0.281 0.258 0.236 0.214 0.193 0.172 0.153 0.134 0.118 0.102 0.087 0.073 0.061 0.049 0.039 0.030 0.022 0.016 0.011 0.006 0.003 0.001 0.001 0.001 0.001 0.002 0.004 0.008 0.012 0.018 0.024 0.031 0.039 0.049 0.128 0.621 0.674 0.700 0.704 0.709 0.713 0.717 0.722 0.728 0.736 0.746 0.748 0.753 0.759 0.767 0.778 0.808 0.844 0.904 0.931
0.574 0.543 0.508 0.474 0.442 0.412 0.382 0.353 0.326 0.299 0.274 0.249 0.227 0.205 0.185 0.166 0.148 0.131 0.114 0.098 0.083 0.070 0.057 0.046 0.037 0.028 0.020 0.014 0.008 0.004 0.002 0.001 0.001 0.001 0.001 0.002 0.004 0.008 0.013 0.019 0.027 0.034 0.043 0.068 0.591 0.659 0.689 0.708 0.712 0.716 0.720 0.724 0.729 0.736 0.742 0.752 0.756 0.761 0.766 0.774 0.791 0.826 0.868 0.924 0.933
0.561 0.529 0.498 0.468 0.436 0.405 0.375 0.347 0.319 0.293 0.268 0.244 0.221 0.199 0.178 0.159 0.141 0.124 0.108 0.093 0.079 0.067 0.054 0.044 0.034 0.026 0.018 0.012 0.008 0.004 0.002 0.001 0.001 0.001 0.001 0.003 0.006 0.011 0.016 0.022 0.029 0.037 0.049 0.189 0.636 0.683 0.703 0.714 0.720 0.726 0.730 0.732 0.736 0.743 0.749 0.757 0.763 0.768 0.774 0.782 0.805 0.855 0.895 0.916 0.924
0.552 0.518 0.485 0.455 0.426 0.398 0.369 0.341 0.313 0.287 0.262 0.238 0.216 0.194 0.174 0.154 0.137 0.119 0.104 0.089 0.076 0.063 0.052 0.042 0.032 0.024 0.017 0.012 0.007 0.004 0.002 0.001 0.001 0.001 0.002 0.004 0.007 0.012 0.017 0.024 0.032 0.041 0.074 0.612 0.666 0.703 0.713 0.720 0.726 0.732 0.739 0.743 0.744 0.749 0.757 0.763 0.769 0.774 0.781 0.791 0.826 0.881 0.916 0.922 0.929
0.544 0.509 0.477 0.444 0.414 0.386 0.359 0.333 0.308 0.282 0.257 0.233 0.211 0.189 0.169 0.150 0.132 0.116 0.100 0.086 0.072 0.060 0.049 0.039 0.030 0.022 0.016 0.011 0.006 0.003 0.001 0.001 0.001 0.001 0.002 0.004 0.008 0.013 0.019 0.026 0.034 0.044 0.327 0.649 0.683 0.711 0.719 0.725 0.733 0.741 0.747 0.751 0.752 0.757 0.763 0.769 0.774 0.780 0.788 0.804 0.853 0.906 0.917 0.925 0.932
0.537 0.503 0.469 0.438 0.407 0.378 0.349 0.323 0.298 0.274 0.252 0.228 0.206 0.184 0.164 0.146 0.128 0.112 0.096 0.082 0.069 0.057 0.046 0.036 0.028 0.020 0.014 0.008 0.004 0.002 0.001 0.001 0.001 0.001 0.002 0.004 0.008 0.014 0.021 0.028 0.037 0.073 0.630 0.669 0.698 0.716 0.723 0.730 0.738 0.746 0.753 0.758 0.759 0.764 0.771 0.776 0.781 0.787 0.797 0.821 0.873 0.912 0.922 0.928 0.936
0.524 0.493 0.463 0.432 0.401 0.371 0.343 0.316 0.290 0.266 0.243 0.222 0.201 0.180 0.160 0.142 0.124 0.108 0.093 0.079 0.066 0.054 0.043 0.034 0.026 0.018 0.012 0.008 0.004 0.002 0.001 0.001 0.001 0.001 0.003 0.006 0.011 0.016 0.022 0.030 0.045 0.607 0.657 0.685 0.712 0.722 0.729 0.736 0.744 0.752 0.759 0.765 0.767 0.772 0.778 0.783 0.788 0.796 0.812 0.842 0.889 0.898 0.907 0.915 0.928
0.513 0.481 0.451 0.423 0.394 0.365 0.337 0.310 0.284 0.259 0.236 0.214 0.194 0.174 0.156 0.137 0.120 0.104 0.089 0.076 0.063 0.052 0.041 0.032 0.024 0.017 0.012 0.007 0.004 0.002 0.001 0.001 0.001 0.002 0.004 0.007 0.012 0.017 0.024 0.033 0.114 0.646 0.673 0.699 0.721 0.727 0.734 0.741 0.749 0.757 0.764 0.771 0.774 0.779 0.785 0.791 0.797 0.811 0.832 0.863 0.894 0.903 0.909 0.918 0.931
0.505 0.473 0.441 0.412 0.384 0.357 0.331 0.304 0.278 0.254 0.231 0.208 0.187 0.168 0.149 0.133 0.116 0.101 0.086 0.072 0.060 0.049 0.039 0.030 0.022 0.016 0.011 0.006 0.003 0.001 0.001 0.001 0.001 0.002 0.004 0.008 0.013 0.019 0.026 0.051 0.624 0.663 0.688 0.708 0.724 0.731 0.738 0.745 0.753 0.761 0.768 0.775 0.781 0.786 0.792 0.797 0.805 0.830 0.854 0.882 0.892 0.899 0.907 0.918 0.933
0.498 0.466 0.434 0.404 0.374 0.347 0.322 0.297 0.273 0.248 0.225 0.203 0.182 0.163 0.144 0.127 0.111 0.096 0.082 0.069 0.057 0.046 0.036 0.028 0.020 0.014 0.008 0.004 0.002 0.001 0.001 0.001 0.001 0.002 0.004 0.008 0.014 0.021 0.028 0.082 0.647 0.678 0.703 0.715 0.726 0.733 0.741 0.748 0.756 0.764 0.771 0.778 0.786 0.793 0.799 0.804 0.821 0.846 0.871 0.892 0.898 0.904 0.912 0.923 0.936
0.491 0.459 0.427 0.397 0.368 0.340 0.313 0.288 0.264 0.242 0.221 0.198 0.178 0.158 0.140 0.122 0.106 0.092 0.078 0.066 0.054 0.043 0.034 0.026 0.018 0.013 0.008 0.004 0.002 0.001 0.001 0.001 0.001 0.003 0.006 0.011 0.016 0.022 0.034 0.606 0.664 0.692 0.712 0.721 0.729 0.736 0.743 0.752 0.759 0.767 0.774 0.781 0.789 0.798 0.804 0.810 0.835 0.857 0.878 0.889 0.897 0.905 0.915 0.928 0.940
0.478 0.449 0.421 0.391 0.362 0.334 0.307 0.282 0.257 0.234 0.213 0.192 0.173 0.154 0.136 0.118 0.103 0.088 0.074 0.062 0.051 0.041 0.032 0.024 0.017 0.012 0.007 0.004 0.002 0.001 0.001 0.001 0.002 0.004 0.007 0.012 0.017 0.024 0.057 0.644 0.679 0.703 0.716 0.727 0.736 0.742 0.748 0.756 0.763 0.771 0.777 0.784 0.796 0.806 0.811 0.819 0.851 0.876 0.889 0.897 0.902 0.909 0.920 0.932 0.945
0.468 0.437 0.408 0.381 0.354 0.328 0.302 0.276 0.252 0.228 0.206 0.185 0.166 0.148 0.131 0.114 0.099 0.084 0.071 0.058 0.047 0.038 0.029 0.022 0.016 0.011 0.006 0.003 0.001 0.001 0.001 0.001 0.002 0.004 0.008 0.013 0.019 0.027 0.197 0.670 0.691 0.710 0.718 0.728 0.738 0.745 0.753 0.760 0.767 0.774 0.780 0.787 0.804 0.816 0.824 0.839 0.868 0.902 0.902 0.904 0.909 0.917 0.928 0.939 0.952
0.461 0.430 0.401 0.372 0.344 0.319 0.294 0.271 0.246 0.223 0.201 0.181 0.161 0.142 0.125 0.109 0.094 0.081 0.068 0.056 0.044 0.035 0.027 0.019 0.013 0.008 0.004 0.002 0.001 0.001 0.001 0.001 0.003 0.006 0.011 0.016 0.022 0.037 0.649 0.688 0.699 0.712 0.720 0.728 0.737 0.745 0.754 0.763 0.771 0.777 0.783 0.792 0.814 0.827 0.838 0.870 0.896 0.918 0.916 0.913 0.917 0.927 0.937 0.948 0.960
0.454 0.423 0.393 0.365 0.337 0.311 0.286 0.262 0.240 0.218 0.197 0.176 0.156 0.138 0.121 0.105 0.090 0.077 0.064 0.053 0.042 0.033 0.024 0.017 0.012 0.007 0.004 0.002 0.001 0.001 0.001 0.002 0.004 0.007 0.011 0.017 0.024 0.124 0.676 0.699 0.707 0.716 0.726 0.732 0.739 0.747 0.756 0.766 0.774 0.781 0.787 0.803 0.826 0.841 0.856 0.882 0.917 0.927 0.927 0.923 0.928 0.937 0.947 0.958 0.969
0.448 0.417 0.387 0.358 0.331 0.304 0.279 0.255 0.232 0.211 0.191 0.172 0.152 0.134 0.117 0.101 0.086 0.073 0.061 0.049 0.039 0.031 0.022 0.016 0.011 0.006 0.003 0.001 0.001 0.001 0.001 0.002 0.004 0.008 0.013 0.018 0.028 0.649 0.689 0.704 0.712 0.722 0.731 0.737 0.743 0.752 0.762 0.774 0.781 0.786 0.792 0.813 0.835 0.861 0.874 0.892 0.918 0.928 0.934 0.936 0.942 0.949 0.958 0.969 0.979
0.437 0.409 0.381 0.353 0.325 0.298 0.273 0.249 0.227 0.204 0.184 0.165 0.147 0.130 0.113 0.097 0.083 0.069 0.057 0.046 0.037 0.028 0.021 0.014 0.008 0.004 0.002 0.001 0.001 0.001 0.001 0.002 0.004 0.008 0.014 0.020 0.074 0.671 0.697 0.707 0.717 0.727 0.734 0.741 0.748 0.757 0.772 0.784 0.788 0.792 0.798 0.820 0.841 0.874 0.896 0.916 0.925 0.932 0.939 0.947 0.955 0.962 0.971 0.980 0.991
0.427 0.398 0.371 0.345 0.319 0.293 0.268 0.244 0.221 0.199 0.179 0.159 0.141 0.124 0.109 0.094 0.080 0.067 0.054 0.044 0.034 0.026 0.018 0.013 0.008 0.004 0.002 0.001 0.001 0.001 0.001 0.003 0.006 0.011 0.016 0.026 0.650 0.689 0.706 0.713 0.722 0.730 0.737 0.744 0.752 0.762 0.777 0.785 0.792 0.798 0.808 0.833 0.851 0.877 0.912 0.929 0.934 0.939 0.946 0.957 0.966 0.974 0.983 0.992 1.003
0.420 0.391 0.362 0.335 0.310 0.286 0.263 0.239 0.216 0.194 0.174 0.155 0.137 0.119 0.104 0.089 0.076 0.064 0.052 0.042 0.032 0.024 0.017 0.012 0.007 0.004 0.002 0.001 0.001 0.001 0.002 0.004 0.007 0.012 0.017 0.042 0.673 0.701 0.713 0.718 0.724 0.731 0.738 0.746 0.757 0.769 0.777 0.784 0.791 0.801 0.823 0.853 0.865 0.888 0.928 0.938 0.942 0.946 0.954 0.965 0.976 0.985 0.994 1.004 1.014
0.413 0.383 0.355 0.328 0.302 0.277 0.254 0.233 0.212 0.190 0.169 0.151 0.133 0.116 0.100 0.086 0.072 0.060 0.049 0.039 0.030 0.022 0.016 0.011 0.006 0.003 0.001 0.001 0.001 0.001 0.002 0.004 0.008 0.013 0.019 0.079 0.686 0.710 0.717 0.722 0.728 0.733 0.740 0.749 0.764 0.780 0.784 0.789 0.796 0.814 0.842 0.870 0.881 0.909 0.947 0.948 0.950 0.954 0.963 0.974 0.984 0.994 1.004 1.016 1.027
0.407 0.377 0.349 0.322 0.296 0.271 0.247 0.225 0.204 0.184 0.166 0.146 0.128 0.112 0.097 0.082 0.069 0.057 0.046 0.036 0.028 0.021 0.014 0.008 0.004 0.002 0.001 0.001 0.001 0.001 0.002 0.004 0.008 0.014 0.031 0.661 0.699 0.714 0.719 0.725 0.731 0.737 0.746 0.761 0.782 0.789 0.792 0.796 0.805 0.831 0.860 0.879 0.897 0.932 0.945 0.952 0.957 0.964 0.973 0.983 0.994 1.004 1.015 1.026 1.037
0.401 0.372 0.343 0.316 0.289 0.265 0.242 0.219 0.198 0.178 0.159 0.142 0.124 0.108 0.093 0.079 0.066 0.054 0.044 0.034 0.026 0.018 0.013 0.008 0.004 0.002 0.001 0.001 0.001 0.001 0.003 0.006 0.011 0.016 0.069 0.684 0.711 0.717 0.722 0.728 0.733 0.741 0.749 0.768 0.791 0.797 0.799 0.806 0.824 0.849 0.874 0.894 0.922 0.956 0.957 0.961 0.965 0.973 0.983 0.993 1.003 1.014 1.025 1.037 1.048
