LISFLOOD/results/run11.inittm
ncols         413
nrows         307
xllcorner     341179.518085
yllcorner     4516729.658735
cellsize      10.000000
NODATA_value  -9999.000000
[rows 232 to 260 of 307, columns 260 to 324 of 413]
0.222 0.199 0.177 0.157 0.138 0.120 0.104 0.089 0.075 0.062 0.049 0.039 0.029 0.021 0.014 0.009 0.004 0.002 0.001 0.001 0.001 0.001 0.003 0.007 0.031 0.995 1.003 1.006 1.011 1.020 1.023 1.028 1.039 1.073 1.103 1.116 1.126 1.137 1.149 1.164 1.179 1.203 1.242 1.283 1.322 1.336 1.350 1.359 1.367 1.380 1.394 1.406 1.417 1.427 1.439 1.452 1.465 1.479 1.495 1.511 1.529 1.547 1.565 1.584 1.603
0.216 0.193 0.172 0.152 0.133 0.116 0.099 0.084 0.071 0.058 0.047 0.037 0.027 0.019 0.013 0.008 0.004 0.002 0.001 0.001 0.001 0.002 0.004 0.008 0.083 1.004 1.009 1.013 1.020 1.024 1.028 1.038 1.067 1.101 1.115 1.123 1.132 1.142 1.153 1.167 1.188 1.217 1.254 1.301 1.331 1.346 1.362 1.371 1.379 1.391 1.404 1.417 1.428 1.440 1.452 1.465 1.478 1.493 1.508 1.524 1.542 1.559 1.578 1.597 1.622
0.211 0.188 0.167 0.147 0.129 0.112 0.096 0.081 0.067 0.054 0.043 0.034 0.025 0.018 0.012 0.007 0.003 0.001 0.001 0.001 0.001 0.002 0.004 0.011 0.991 1.011 1.015 1.020 1.024 1.028 1.039 1.061 1.093 1.108 1.117 1.127 1.137 1.146 1.157 1.174 1.197 1.231 1.271 1.311 1.328 1.346 1.365 1.376 1.384 1.398 1.413 1.427 1.439 1.452 1.464 1.477 1.491 1.506 1.522 1.538 1.555 1.573 1.592 1.611 1.658
0.205 0.183 0.162 0.143 0.124 0.107 0.092 0.077 0.063 0.052 0.041 0.031 0.023 0.016 0.010 0.005 0.002 0.001 0.001 0.001 0.001 0.002 0.005 0.016 1.004 1.018 1.022 1.025 1.029 1.036 1.058 1.088 1.102 1.109 1.119 1.129 1.139 1.149 1.161 1.181 1.211 1.246 1.287 1.321 1.334 1.361 1.374 1.382 1.391 1.403 1.419 1.434 1.448 1.461 1.475 1.489 1.503 1.518 1.534 1.551 1.568 1.586 1.605 1.624 1.769
0.200 0.178 0.157 0.138 0.120 0.103 0.088 0.073 0.061 0.048 0.038 0.029 0.021 0.014 0.009 0.004 0.002 0.001 0.001 0.001 0.001 0.003 0.007 0.026 1.015 1.026 1.027 1.030 1.036 1.052 1.086 1.100 1.107 1.114 1.123 1.132 1.142 1.153 1.168 1.193 1.229 1.266 1.298 1.320 1.334 1.371 1.382 1.389 1.396 1.408 1.424 1.439 1.455 1.470 1.484 1.499 1.514 1.531 1.547 1.563 1.581 1.599 1.618 1.637 1.938
0.194 0.173 0.153 0.134 0.116 0.099 0.084 0.070 0.057 0.046 0.036 0.027 0.019 0.013 0.008 0.004 0.002 0.001 0.001 0.001 0.002 0.004 0.008 0.034 1.021 1.032 1.033 1.036 1.052 1.079 1.097 1.105 1.112 1.119 1.128 1.136 1.145 1.158 1.175 1.211 1.248 1.279 1.308 1.323 1.338 1.387 1.394 1.398 1.405 1.418 1.432 1.447 1.462 1.478 1.494 1.509 1.526 1.542 1.558 1.576 1.593 1.612 1.631 1.652 2.106
0.186 0.165 0.146 0.128 0.111 0.095 0.080 0.066 0.054 0.043 0.033 0.024 0.017 0.012 0.007 0.003 0.001 0.001 0.001 0.001 0.002 0.005 0.009 0.050 1.030 1.038 1.040 1.046 1.069 1.093 1.102 1.109 1.117 1.124 1.133 1.141 1.149 1.163 1.184 1.228 1.267 1.289 1.317 1.331 1.347 1.400 1.408 1.409 1.416 1.428 1.441 1.456 1.471 1.486 1.502 1.518 1.534 1.551 1.570 1.587 1.606 1.624 1.643 1.669 2.254
0.182 0.161 0.141 0.122 0.106 0.090 0.076 0.063 0.051 0.040 0.031 0.022 0.015 0.009 0.005 0.002 0.001 0.001 0.001 0.001 0.003 0.007 0.012 0.059 1.035 1.045 1.049 1.067 1.087 1.099 1.106 1.114 1.122 1.129 1.138 1.147 1.155 1.169 1.199 1.240 1.277 1.303 1.326 1.339 1.355 1.391 1.403 1.413 1.423 1.438 1.451 1.464 1.479 1.494 1.510 1.526 1.543 1.561 1.578 1.597 1.615 1.634 1.654 1.689 2.411
0.177 0.156 0.137 0.118 0.102 0.086 0.072 0.058 0.047 0.037 0.028 0.020 0.013 0.008 0.004 0.002 0.001 0.001 0.001 0.002 0.005 0.008 0.013 0.053 1.041 1.052 1.062 1.087 1.095 1.102 1.109 1.117 1.124 1.133 1.143 1.154 1.163 1.181 1.212 1.245 1.286 1.317 1.332 1.345 1.373 1.388 1.398 1.406 1.418 1.438 1.456 1.471 1.486 1.501 1.517 1.534 1.551 1.569 1.587 1.606 1.625 1.644 1.665 1.723 2.589
0.172 0.152 0.132 0.114 0.098 0.082 0.068 0.056 0.044 0.034 0.026 0.018 0.012 0.007 0.003 0.001 0.001 0.001 0.001 0.002 0.006 0.010 0.016 0.046 1.046 1.059 1.076 1.097 1.101 1.107 1.114 1.121 1.128 1.138 1.148 1.159 1.170 1.194 1.227 1.259 1.293 1.322 1.338 1.352 1.387 1.397 1.404 1.411 1.423 1.440 1.457 1.473 1.489 1.506 1.523 1.540 1.558 1.576 1.595 1.614 1.634 1.654 1.675 1.780 2.839
0.165 0.146 0.127 0.109 0.094 0.079 0.065 0.053 0.042 0.032 0.023 0.016 0.010 0.005 0.002 0.001 0.001 0.001 0.001 0.004 0.008 0.014 0.020 0.049 1.048 1.068 1.092 1.107 1.109 1.115 1.121 1.127 1.133 1.143 1.152 1.161 1.176 1.208 1.245 1.277 1.297 1.321 1.341 1.356 1.382 1.393 1.402 1.411 1.425 1.439 1.456 1.473 1.491 1.508 1.527 1.545 1.564 1.583 1.603 1.623 1.643 1.664 1.685 1.833 3.097
0.161 0.141 0.122 0.104 0.088 0.074 0.061 0.049 0.039 0.029 0.021 0.014 0.009 0.004 0.002 0.001 0.001 0.001 0.001 1.032 0.085 0.024 0.026 0.052 1.044 1.078 1.106 1.114 1.117 1.122 1.127 1.133 1.141 1.150 1.157 1.166 1.185 1.219 1.257 1.284 1.299 1.322 1.342 1.357 1.374 1.385 1.393 1.404 1.419 1.436 1.454 1.473 1.491 1.511 1.529 1.549 1.569 1.591 1.611 1.631 1.652 1.674 1.696 1.934 3.459
0.157 0.137 0.118 0.101 0.086 0.071 0.058 0.046 0.036 0.027 0.019 0.013 0.008 0.004 0.002 0.001 0.001 0.001 0.003 1.037 1.037 0.037 0.033 0.048 0.417 1.091 1.118 1.121 1.124 1.129 1.133 1.139 1.149 1.156 1.163 1.177 1.201 1.229 1.261 1.286 1.307 1.326 1.341 1.357 1.373 1.383 1.392 1.404 1.419 1.436 1.453 1.472 1.491 1.511 1.531 1.552 1.573 1.594 1.615 1.637 1.659 1.681 1.706 2.104 3.854
0.154 0.133 0.115 0.098 0.082 0.068 0.055 0.044 0.034 0.025 0.018 0.012 0.007 0.003 0.001 0.001 0.001 0.001 0.011 1.043 1.044 0.047 0.041 0.054 0.442 1.102 1.126 1.129 1.132 1.136 1.141 1.148 1.156 1.162 1.169 1.189 1.218 1.239 1.263 1.290 1.313 1.334 1.350 1.369 1.382 1.390 1.398 1.409 1.424 1.439 1.456 1.474 1.494 1.514 1.535 1.556 1.578 1.599 1.622 1.644 1.667 1.689 1.722 2.325 4.241
0.151 0.131 0.112 0.094 0.079 0.065 0.052 0.041 0.032 0.023 0.016 0.010 0.005 0.002 0.001 0.001 0.001 0.001 1.046 1.052 1.056 0.082 0.049 0.064 1.055 1.117 1.134 1.137 1.141 1.144 1.149 1.157 1.162 1.168 1.178 1.207 1.233 1.252 1.272 1.294 1.318 1.344 1.369 1.400 1.397 1.399 1.407 1.419 1.432 1.447 1.463 1.481 1.499 1.520 1.541 1.562 1.584 1.607 1.629 1.652 1.675 1.698 1.753 2.632 4.628
0.148 0.128 0.109 0.092 0.076 0.062 0.050 0.039 0.029 0.021 0.014 0.009 0.004 0.002 0.001 0.001 0.001 0.004 1.052 1.059 1.064 0.104 0.059 0.076 1.074 1.132 1.141 1.144 1.148 1.153 1.158 1.163 1.169 1.176 1.192 1.229 1.253 1.268 1.288 1.309 1.337 1.366 1.398 1.448 1.417 1.411 1.418 1.431 1.443 1.457 1.472 1.489 1.508 1.528 1.548 1.570 1.592 1.615 1.638 1.661 1.684 1.708 1.826 2.970 4.832
0.147 0.126 0.107 0.089 0.073 0.059 0.047 0.037 0.027 0.019 0.013 0.008 0.004 0.002 0.001 0.001 0.001 0.005 1.057 1.067 1.069 0.112 0.072 0.092 1.094 1.143 1.147 1.151 1.158 1.163 1.166 1.170 1.176 1.190 1.215 1.252 1.273 1.284 1.300 1.323 1.358 1.390 1.429 1.476 1.447 1.427 1.432 1.443 1.455 1.469 1.484 1.501 1.519 1.538 1.559 1.580 1.602 1.625 1.648 1.671 1.695 1.719 1.958 3.393 4.976
0.146 0.124 0.104 0.087 0.071 0.057 0.045 0.034 0.026 0.018 0.012 0.007 0.003 0.001 0.001 0.001 0.001 0.004 1.063 1.074 1.073 0.110 0.087 0.141 1.117 1.152 1.154 1.159 1.168 1.172 1.173 1.178 1.184 1.206 1.237 1.267 1.283 1.297 1.311 1.342 1.381 1.412 1.470 1.489 1.484 1.446 1.448 1.458 1.469 1.482 1.497 1.513 1.531 1.549 1.569 1.590 1.612 1.634 1.657 1.683 1.707 1.731 2.138 3.819 5.082
0.146 0.124 0.104 0.086 0.069 0.055 0.043 0.032 0.023 0.016 0.010 0.005 0.002 0.001 0.001 0.001 0.001 1.067 1.078 1.085 1.077 0.123 0.103 0.540 1.139 1.160 1.164 1.167 1.173 1.179 1.182 1.186 1.194 1.218 1.246 1.273 1.289 1.306 1.324 1.361 1.396 1.436 1.494 1.508 1.508 1.472 1.466 1.474 1.485 1.497 1.512 1.527 1.544 1.563 1.582 1.603 1.624 1.646 1.669 1.692 1.716 1.752 2.367 4.241 5.184
0.143 0.122 0.102 0.084 0.069 0.054 0.041 0.031 0.022 0.014 0.009 0.004 0.002 0.001 0.001 0.001 0.006 1.079 1.090 1.091 0.816 0.136 0.124 1.100 1.157 1.167 1.171 1.174 1.179 1.186 1.191 1.197 1.204 1.226 1.253 1.282 1.297 1.316 1.338 1.372 1.404 1.457 1.534 1.531 1.526 1.502 1.487 1.493 1.503 1.515 1.528 1.543 1.560 1.578 1.597 1.617 1.638 1.659 1.682 1.705 1.729 1.784 2.682 4.622 5.463
0.143 0.122 0.102 0.083 0.067 0.053 0.040 0.029 0.020 0.013 0.008 0.004 0.002 0.001 0.001 0.001 1.086 1.089 1.097 1.094 0.261 0.150 0.194 1.124 1.167 1.173 1.177 1.182 1.187 1.193 1.199 1.206 1.213 1.231 1.256 1.285 1.304 1.327 1.352 1.391 1.426 1.486 1.536 1.549 1.546 1.527 1.510 1.515 1.523 1.534 1.547 1.562 1.577 1.594 1.613 1.632 1.653 1.674 1.697 1.719 1.743 1.869 3.035 4.877 5.991
0.144 0.123 0.102 0.084 0.067 0.053 0.039 0.028 0.019 0.012 0.006 0.003 0.001 0.001 0.001 1.088 1.096 1.099 1.100 1.098 0.195 0.168 1.085 1.149 1.174 1.179 1.184 1.188 1.194 1.200 1.206 1.212 1.221 1.234 1.257 1.280 1.307 1.338 1.370 1.411 1.453 1.538 1.555 1.566 1.566 1.548 1.536 1.538 1.545 1.555 1.567 1.581 1.596 1.613 1.631 1.649 1.669 1.691 1.712 1.734 1.758 2.036 3.494 5.070 7.181
0.147 0.125 0.104 0.086 0.069 0.053 0.040 0.028 0.018 0.011 0.004 0.002 0.001 0.001 0.001 1.097 1.103 1.106 1.103 1.036 0.207 0.197 1.121 1.171 1.183 1.186 1.190 1.195 1.201 1.207 1.212 1.219 1.227 1.240 1.266 1.286 1.317 1.356 1.393 1.438 1.482 1.557 1.574 1.582 1.583 1.567 1.563 1.564 1.569 1.578 1.589 1.602 1.616 1.632 1.649 1.668 1.687 1.708 1.729 1.752 1.777 2.242 3.976 5.263 9.536
0.151 0.129 0.108 0.089 0.072 0.056 0.043 0.031 0.021 0.013 0.007 0.003 0.001 0.001 0.003 1.105 1.109 1.109 1.107 0.296 0.224 0.422 1.146 1.187 1.191 1.193 1.197 1.203 1.208 1.213 1.219 1.226 1.233 1.249 1.282 1.307 1.342 1.381 1.418 1.462 1.503 1.539 1.559 1.574 1.587 1.587 1.587 1.588 1.593 1.601 1.611 1.623 1.637 1.652 1.668 1.686 1.706 1.726 1.746 1.768 1.799 2.476 4.402 5.567 16.928
0.155 0.133 0.112 0.093 0.076 0.061 0.047 0.035 0.026 0.017 0.011 0.007 0.003 0.002 1.102 1.113 1.116 1.113 1.111 0.268 0.246 1.121 1.172 1.196 1.198 1.202 1.205 1.210 1.216 1.221 1.226 1.232 1.241 1.261 1.299 1.328 1.364 1.401 1.434 1.486 1.520 1.544 1.560 1.571 1.583 1.600 1.608 1.612 1.617 1.624 1.633 1.645 1.658 1.673 1.689 1.706 1.724 1.744 1.764 1.786 1.828 2.765 4.786 6.320 -9999.000
0.162 0.139 0.118 0.099 0.082 0.067 0.053 0.041 0.031 0.023 0.016 0.011 0.007 0.006 1.112 1.120 1.121 1.117 0.512 0.286 0.283 1.147 1.197 1.203 1.206 1.210 1.213 1.218 1.224 1.229 1.234 1.239 1.249 1.272 1.324 1.349 1.375 1.419 1.456 1.502 1.544 1.588 1.579 1.583 1.594 1.613 1.626 1.633 1.639 1.647 1.656 1.667 1.679 1.694 1.709 1.726 1.744 1.763 1.783 1.804 1.892 3.112 5.153 8.144 -9999.000
0.169 0.147 0.127 0.107 0.090 0.074 0.061 0.049 0.038 0.030 0.023 0.017 0.013 0.030 1.124 1.129 1.127 1.122 0.352 0.306 0.872 1.181 1.212 1.212 1.214 1.218 1.222 1.228 1.233 1.238 1.243 1.247 1.257 1.294 1.360 1.374 1.406 1.447 1.481 1.528 1.598 1.619 1.605 1.601 1.611 1.628 1.641 1.651 1.659 1.668 1.677 1.688 1.701 1.715 1.730 1.747 1.764 1.783 1.803 1.822 2.046 3.552 5.620 13.887 -9999.000
0.179 0.157 0.136 0.117 0.099 0.084 0.070 0.058 0.047 0.038 0.031 0.024 0.021 1.113 1.146 1.153 1.136 1.127 0.354 0.334 1.148 1.215 1.223 1.221 1.222 1.226 1.231 1.237 1.243 1.248 1.253 1.255 1.266 1.310 1.378 1.401 1.432 1.467 1.517 1.574 1.613 1.631 1.633 1.630 1.631 1.644 1.657 1.668 1.678 1.687 1.698 1.709 1.721 1.735 1.751 1.767 1.784 1.803 1.822 1.840 2.261 4.074 6.330 -9999.000 -9999.000
0.191 0.169 0.148 0.128 0.111 0.095 0.081 0.069 0.058 0.048 0.041 0.034 0.038 1.137 1.194 1.198 1.147 0.896 0.377 0.377 1.183 1.239 1.237 1.231 1.231 1.234 1.241 1.247 1.253 1.258 1.262 1.263 1.274 1.327 1.397 1.427 1.462 1.499 1.567 1.623 1.648 1.655 1.658 1.658 1.651 1.662 1.674 1.684 1.695 1.706 1.717 1.729 1.742 1.756 1.771 1.787 1.804 1.823 1.842 1.858 2.526 4.608 7.472 -9999.000 -9999.000
