LISFLOOD/results/run10.inittm
ncols         413
nrows         307
xllcorner     341179.518085
yllcorner     4516729.658735
cellsize      10.000000
NODATA_value  -9999.000000
[rows 87 to 115 of 307, columns 260 to 324 of 413]
9.106 9.129 9.138 9.239 9.444 8.560 5.863 4.993 4.600 4.524 4.595 4.801 4.821 4.778 4.723 4.473 3.978 3.758 3.685 3.655 3.653 3.691 3.871 3.379 3.109 2.706 2.039 1.216 0.907 1.028 1.713 1.143 0.739 0.709 0.685 0.661 0.638 0.614 0.593 0.569 0.548 0.528 0.509 0.491 0.472 0.454 0.437 0.421 0.404 0.388 0.373 0.357 0.342 0.327 0.313 0.299 0.287 0.274 0.263 0.252 0.242 0.233 0.226 0.218 0.212
9.068 9.058 9.091 9.171 13.287 7.166 5.644 5.118 4.687 4.492 4.462 4.528 4.739 4.742 4.686 4.309 3.884 3.707 3.632 3.634 3.629 3.628 3.653 3.392 3.210 2.841 1.964 1.069 0.886 1.001 1.557 0.962 0.733 0.708 0.684 0.660 0.637 0.614 0.592 0.568 0.548 0.528 0.509 0.491 0.472 0.455 0.438 0.422 0.406 0.391 0.376 0.361 0.346 0.332 0.318 0.305 0.293 0.281 0.269 0.259 0.249 0.241 0.233 0.227 0.222
9.024 9.006 9.057 9.097 9.025 6.256 5.631 5.231 4.778 4.500 4.353 4.352 4.577 4.686 4.559 4.104 3.792 3.653 3.593 3.611 3.607 3.580 3.561 3.351 3.247 2.808 1.911 1.013 0.861 0.907 1.213 0.794 0.726 0.702 0.677 0.654 0.631 0.609 0.588 0.568 0.547 0.528 0.509 0.490 0.472 0.456 0.439 0.423 0.408 0.393 0.378 0.364 0.351 0.337 0.323 0.311 0.298 0.287 0.276 0.266 0.257 0.249 0.242 0.236 0.236
8.976 8.968 9.016 12.782 7.351 5.863 5.638 5.402 4.955 4.511 4.219 4.202 4.449 4.518 4.337 3.969 3.727 3.616 3.569 3.583 3.554 3.540 3.521 3.302 3.249 2.613 1.812 0.986 0.839 0.826 0.841 0.755 0.726 0.701 0.676 0.653 0.631 0.608 0.587 0.567 0.546 0.527 0.508 0.489 0.472 0.455 0.439 0.423 0.408 0.394 0.381 0.367 0.354 0.342 0.329 0.317 0.304 0.294 0.283 0.274 0.266 0.257 0.251 0.247 0.261
8.933 8.944 8.962 8.902 6.228 5.749 5.667 5.579 5.221 4.571 4.184 4.122 4.351 4.371 4.199 3.873 3.704 3.589 3.547 3.556 3.504 3.521 3.512 3.363 3.266 2.545 1.642 0.926 0.818 0.796 0.773 0.744 0.721 0.698 0.675 0.652 0.629 0.607 0.586 0.565 0.545 0.526 0.507 0.488 0.471 0.454 0.438 0.423 0.408 0.394 0.381 0.369 0.357 0.346 0.334 0.323 0.312 0.301 0.291 0.282 0.274 0.267 0.261 0.263 0.258
8.898 8.930 12.110 7.295 5.918 5.791 5.779 5.820 5.544 4.688 4.252 4.069 4.277 4.279 3.944 3.689 3.639 3.574 3.524 3.498 3.455 3.484 3.377 3.327 3.263 2.427 1.332 0.849 0.811 0.788 0.764 0.741 0.717 0.692 0.668 0.645 0.623 0.601 0.579 0.559 0.539 0.520 0.502 0.484 0.467 0.450 0.434 0.419 0.406 0.392 0.379 0.367 0.356 0.346 0.336 0.327 0.317 0.308 0.298 0.290 0.283 0.276 0.274 0.287 0.282
8.887 8.869 8.661 6.226 5.925 5.855 5.904 6.066 5.706 4.817 4.284 4.009 4.120 4.053 3.751 3.718 3.762 3.676 3.528 3.459 3.414 3.427 3.284 3.182 3.007 1.983 1.033 0.830 0.807 0.782 0.758 0.734 0.710 0.687 0.664 0.642 0.622 0.599 0.578 0.557 0.537 0.518 0.500 0.482 0.464 0.448 0.432 0.417 0.403 0.389 0.377 0.365 0.354 0.344 0.335 0.326 0.318 0.312 0.305 0.298 0.292 0.286 0.291 0.291 0.287
11.976 12.566 7.261 5.962 5.954 5.933 5.898 5.874 5.642 4.913 4.296 3.895 3.861 3.807 3.783 3.978 4.017 3.843 3.557 3.436 3.354 3.331 3.256 3.173 2.853 1.657 0.879 0.824 0.800 0.775 0.751 0.727 0.704 0.681 0.658 0.637 0.615 0.594 0.574 0.554 0.535 0.516 0.498 0.479 0.462 0.446 0.429 0.414 0.400 0.386 0.373 0.361 0.350 0.339 0.330 0.321 0.313 0.306 0.300 0.295 0.291 0.287 0.284 0.289 0.285
12.817 8.771 6.307 5.901 5.911 5.912 5.864 5.811 5.471 4.942 4.288 3.914 3.872 3.856 4.072 4.198 4.146 3.922 3.543 3.400 3.372 3.349 3.327 3.256 2.689 1.381 0.846 0.817 0.792 0.768 0.744 0.720 0.697 0.674 0.653 0.631 0.609 0.589 0.568 0.549 0.529 0.510 0.492 0.475 0.458 0.442 0.426 0.411 0.396 0.382 0.368 0.356 0.344 0.333 0.324 0.314 0.306 0.299 0.293 0.288 0.283 0.279 0.278 0.297 0.235
13.616 7.014 5.884 5.820 5.856 5.859 5.863 5.739 5.351 4.889 4.313 3.926 3.904 4.079 4.300 4.298 4.236 3.867 3.460 3.344 3.395 3.384 3.459 3.179 2.304 1.073 0.832 0.807 0.783 0.760 0.736 0.713 0.690 0.668 0.646 0.624 0.603 0.583 0.563 0.544 0.524 0.506 0.489 0.471 0.453 0.436 0.420 0.404 0.390 0.377 0.363 0.351 0.338 0.327 0.316 0.307 0.298 0.292 0.286 0.281 0.276 0.272 0.273 0.269 0.208
8.107 5.938 5.809 5.746 5.751 5.804 5.837 5.631 5.312 4.912 4.291 3.946 3.940 4.148 4.391 4.396 4.332 3.933 3.403 3.299 3.383 3.420 3.472 2.954 1.846 0.887 0.824 0.799 0.776 0.752 0.729 0.706 0.683 0.661 0.639 0.618 0.597 0.577 0.558 0.538 0.519 0.501 0.483 0.465 0.448 0.432 0.417 0.401 0.386 0.371 0.357 0.344 0.332 0.321 0.310 0.301 0.292 0.285 0.279 0.274 0.269 0.266 0.284 0.237 0.205
6.287 5.809 5.764 5.714 5.708 5.751 5.728 5.552 5.336 5.064 4.267 3.965 3.982 4.183 4.414 4.386 4.337 3.894 3.337 3.259 3.358 3.380 3.416 2.656 1.454 0.844 0.818 0.792 0.768 0.744 0.722 0.699 0.676 0.654 0.632 0.611 0.591 0.571 0.551 0.532 0.513 0.495 0.477 0.460 0.443 0.427 0.411 0.395 0.381 0.366 0.353 0.340 0.327 0.316 0.304 0.294 0.286 0.279 0.272 0.267 0.263 0.261 0.256 0.217 0.208
5.944 5.914 5.772 5.688 5.668 5.656 5.594 5.491 5.445 5.130 4.192 3.930 4.034 4.179 4.397 4.442 4.488 4.007 3.308 3.228 3.327 3.341 3.237 2.259 1.133 0.836 0.812 0.787 0.763 0.738 0.714 0.692 0.671 0.649 0.627 0.605 0.585 0.565 0.546 0.527 0.508 0.489 0.472 0.454 0.438 0.422 0.406 0.391 0.376 0.362 0.348 0.334 0.322 0.311 0.299 0.289 0.281 0.273 0.266 0.259 0.256 0.265 0.232 0.217 0.212
6.041 6.091 5.837 5.667 5.634 5.596 5.532 5.496 5.463 4.954 4.133 3.903 4.038 4.182 4.354 4.334 4.261 3.787 3.251 3.202 3.294 3.429 2.886 1.783 0.916 0.832 0.808 0.783 0.759 0.734 0.711 0.688 0.666 0.644 0.623 0.602 0.581 0.561 0.541 0.522 0.504 0.486 0.468 0.450 0.433 0.418 0.402 0.387 0.372 0.357 0.344 0.331 0.318 0.306 0.295 0.284 0.275 0.267 0.259 0.253 0.249 0.244 0.226 0.220 0.216
6.022 5.887 5.801 5.719 5.677 5.587 5.517 5.476 5.434 4.761 4.077 3.868 3.993 4.108 4.278 4.247 4.033 3.618 3.192 3.168 3.247 3.375 2.405 1.316 0.861 0.826 0.802 0.778 0.754 0.731 0.707 0.684 0.662 0.640 0.619 0.598 0.578 0.557 0.538 0.518 0.500 0.482 0.464 0.448 0.431 0.414 0.398 0.383 0.369 0.355 0.341 0.327 0.315 0.303 0.292 0.282 0.271 0.262 0.253 0.246 0.239 0.232 0.227 0.222 0.216
5.952 5.899 5.866 5.832 5.743 5.630 5.551 5.516 5.416 4.663 4.028 3.811 3.913 4.031 4.184 4.134 3.894 3.519 3.154 3.135 3.207 3.073 1.852 0.981 0.846 0.821 0.796 0.772 0.748 0.726 0.704 0.680 0.657 0.636 0.614 0.594 0.574 0.555 0.535 0.516 0.497 0.479 0.462 0.445 0.428 0.412 0.396 0.381 0.366 0.352 0.339 0.326 0.314 0.302 0.291 0.281 0.271 0.262 0.253 0.246 0.240 0.234 0.229 0.223 0.218
5.969 5.947 5.937 5.885 5.751 5.629 5.568 5.559 5.218 4.475 3.940 3.757 3.740 3.757 3.987 3.926 3.704 3.425 3.126 3.104 3.211 2.638 1.384 0.881 0.841 0.816 0.791 0.766 0.742 0.719 0.697 0.676 0.654 0.631 0.610 0.589 0.569 0.550 0.531 0.513 0.494 0.476 0.458 0.442 0.426 0.410 0.394 0.379 0.364 0.351 0.338 0.325 0.313 0.302 0.291 0.280 0.271 0.262 0.254 0.248 0.241 0.236 0.232 0.226 0.222
5.937 5.904 5.863 5.813 5.680 5.587 5.535 5.487 5.067 4.326 3.886 3.717 3.691 3.703 3.739 3.647 3.552 3.393 3.109 3.070 3.089 2.156 1.059 0.862 0.836 0.811 0.786 0.761 0.737 0.714 0.691 0.669 0.649 0.628 0.606 0.586 0.566 0.546 0.527 0.509 0.492 0.473 0.456 0.439 0.422 0.407 0.392 0.378 0.363 0.349 0.337 0.324 0.312 0.301 0.291 0.281 0.272 0.263 0.256 0.249 0.243 0.238 0.233 0.228 0.224
5.950 5.909 5.867 5.814 5.751 5.808 5.772 5.362 4.883 4.188 3.761 3.674 3.653 3.630 3.601 3.569 3.528 3.435 3.113 3.043 2.776 1.618 0.902 0.853 0.829 0.806 0.781 0.756 0.732 0.709 0.686 0.663 0.642 0.622 0.602 0.582 0.562 0.542 0.523 0.504 0.487 0.470 0.453 0.437 0.421 0.405 0.390 0.376 0.362 0.349 0.336 0.324 0.312 0.302 0.291 0.282 0.273 0.264 0.257 0.251 0.246 0.241 0.236 0.231 0.228
6.040 6.001 5.949 5.859 5.933 5.903 5.777 5.297 4.714 4.069 3.714 3.688 3.673 3.653 3.626 3.607 3.579 3.472 3.113 2.936 2.117 1.135 0.871 0.845 0.820 0.797 0.774 0.752 0.728 0.704 0.681 0.659 0.638 0.617 0.597 0.578 0.559 0.539 0.520 0.502 0.484 0.467 0.451 0.435 0.419 0.403 0.389 0.374 0.361 0.348 0.336 0.324 0.312 0.302 0.292 0.282 0.274 0.266 0.259 0.253 0.247 0.242 0.237 0.233 0.229
6.109 6.052 5.991 5.952 6.114 6.063 5.710 5.208 4.472 3.954 3.730 3.714 3.731 3.715 3.683 3.652 3.618 3.473 3.093 2.607 1.455 0.907 0.864 0.839 0.814 0.789 0.766 0.743 0.722 0.700 0.677 0.655 0.633 0.612 0.592 0.572 0.553 0.536 0.517 0.499 0.481 0.464 0.448 0.432 0.417 0.403 0.388 0.373 0.360 0.347 0.336 0.324 0.313 0.302 0.292 0.283 0.275 0.268 0.261 0.255 0.249 0.243 0.238 0.234 0.231
6.043 6.078 6.042 6.124 6.207 6.237 5.663 4.979 4.240 3.880 3.737 3.747 3.798 3.780 3.743 3.710 3.671 3.429 2.997 2.089 1.026 0.884 0.858 0.833 0.808 0.783 0.759 0.736 0.713 0.692 0.672 0.651 0.629 0.608 0.588 0.568 0.549 0.531 0.513 0.496 0.479 0.462 0.446 0.429 0.414 0.401 0.387 0.373 0.359 0.347 0.335 0.324 0.313 0.303 0.293 0.284 0.277 0.269 0.263 0.257 0.252 0.247 0.242 0.238 0.234
5.744 5.879 6.019 6.109 6.101 5.993 5.575 4.754 4.101 3.820 3.697 3.802 3.814 3.789 3.760 3.733 3.701 3.381 2.756 1.578 0.909 0.878 0.853 0.827 0.802 0.778 0.754 0.731 0.708 0.686 0.664 0.644 0.624 0.604 0.584 0.564 0.546 0.527 0.509 0.492 0.476 0.459 0.443 0.428 0.413 0.399 0.385 0.372 0.359 0.347 0.335 0.324 0.313 0.304 0.294 0.286 0.278 0.271 0.264 0.259 0.254 0.249 0.244 0.241 0.237
5.336 5.549 5.830 5.917 5.912 5.846 5.435 4.554 3.995 3.727 3.658 3.823 3.807 3.780 3.749 3.717 3.674 3.267 2.290 1.187 0.899 0.873 0.847 0.822 0.797 0.772 0.748 0.726 0.703 0.681 0.659 0.639 0.619 0.599 0.581 0.561 0.542 0.524 0.506 0.489 0.473 0.457 0.442 0.426 0.411 0.397 0.383 0.371 0.358 0.347 0.336 0.324 0.314 0.304 0.295 0.287 0.279 0.272 0.266 0.261 0.256 0.251 0.246 0.243 0.239
4.998 5.326 5.714 5.783 5.752 5.704 5.259 4.343 3.908 3.610 3.628 3.833 3.814 3.792 3.767 3.732 3.618 2.961 1.721 0.957 0.888 0.864 0.841 0.816 0.791 0.767 0.743 0.721 0.698 0.676 0.654 0.633 0.613 0.593 0.575 0.557 0.539 0.521 0.503 0.486 0.469 0.454 0.439 0.424 0.410 0.396 0.382 0.369 0.357 0.346 0.335 0.324 0.314 0.305 0.296 0.288 0.281 0.274 0.268 0.263 0.258 0.253 0.248 0.245 0.241
4.778 5.251 5.779 5.769 5.729 5.625 5.068 4.183 3.815 3.572 3.618 3.841 3.818 3.794 3.770 3.739 3.480 2.361 1.234 0.910 0.879 0.853 0.829 0.807 0.784 0.762 0.738 0.715 0.693 0.671 0.649 0.629 0.608 0.589 0.569 0.551 0.534 0.517 0.501 0.483 0.467 0.451 0.436 0.422 0.408 0.395 0.382 0.369 0.357 0.346 0.334 0.324 0.315 0.306 0.297 0.289 0.282 0.275 0.269 0.264 0.260 0.255 0.251 0.248 0.244
4.597 5.214 5.752 5.827 5.783 5.615 4.802 4.047 3.719 3.549 3.635 3.846 3.817 3.785 3.753 3.691 3.139 1.677 0.955 0.898 0.873 0.847 0.823 0.798 0.775 0.753 0.732 0.711 0.688 0.666 0.645 0.624 0.604 0.585 0.566 0.547 0.529 0.512 0.496 0.480 0.465 0.449 0.434 0.419 0.406 0.393 0.381 0.368 0.356 0.345 0.334 0.324 0.315 0.306 0.298 0.290 0.283 0.277 0.271 0.267 0.262 0.257 0.253 0.249 0.246
4.293 4.477 4.967 5.396 5.527 5.437 4.468 3.908 3.619 3.524 3.677 3.898 3.886 3.851 3.809 3.540 2.540 1.183 0.918 0.892 0.867 0.841 0.817 0.792 0.769 0.746 0.723 0.702 0.682 0.662 0.641 0.621 0.601 0.581 0.562 0.544 0.526 0.509 0.492 0.476 0.461 0.447 0.432 0.418 0.404 0.391 0.379 0.367 0.356 0.345 0.334 0.324 0.315 0.307 0.298 0.291 0.284 0.278 0.273 0.269 0.264 0.260 0.257 0.253 0.248
4.263 4.123 4.081 4.205 4.520 4.629 4.127 3.702 3.507 3.499 3.718 3.884 3.973 3.946 3.816 3.214 1.835 0.968 0.912 0.886 0.861 0.835 0.811 0.786 0.763 0.739 0.717 0.695 0.674 0.653 0.634 0.615 0.597 0.577 0.558 0.541 0.523 0.506 0.489 0.473 0.458 0.443 0.429 0.416 0.403 0.390 0.378 0.366 0.355 0.344 0.334 0.324 0.316 0.307 0.299 0.292 0.286 0.280 0.275 0.270 0.265 0.262 0.258 0.255 0.251
