LISFLOOD/results/run14.mxe
ncols         138
nrows         103
xllcorner     341179.518085
yllcorner     4516709.658735
cellsize      30.000000
NODATA_value  -9999.000000
[rows 27 to 53 of 103, columns 61 to 121 of 138]
-9999.000 -9999.000 -9999.000 -9999.000 -9999.000 -9999.000 -9999.000 -9999.000 -9999.000 -9999.000 -9999.000 -9999.000 -9999.000 -9999.000 -9999.000 -9999.000 -9999.000 -9999.000 -9999.000 -9999.000 -9999.000 -9999.000 -9999.000 -9999.000 -9999.000 -9999.000 -9999.000 -9999.000 -9999.000 130.321 -9999.000 130.371 130.372 130.374 130.377 130.380 130.384 130.389 130.394 130.400 130.406 130.412 130.418 130.424 130.430 130.437 130.444 130.450 130.456 130.460 -9999.000 130.485 130.481 130.477 130.472 130.468 130.465 130.463 130.461 130.460 130.459
-9999.000 -9999.000 -9999.000 -9999.000 -9999.000 -9999.000 -9999.000 -9999.000 -9999.000 -9999.000 -9999.000 -9999.000 -9999.000 -9999.000 -9999.000 -9999.000 -9999.000 -9999.000 -9999.000 -9999.000 -9999.000 -9999.000 -9999.000 -9999.000 -9999.000 -9999.000 -9999.000 -9999.000 130.321 130.321 -9999.000 130.360 130.361 130.364 130.367 130.371 130.375 130.380 130.385 130.390 130.396 130.402 130.408 130.414 130.420 130.427 130.433 130.440 130.446 130.453 130.460 130.473 130.473 130.466 130.463 130.460 130.457 130.456 130.454 130.453 130.452
-9999.000 -9999.000 -9999.000 -9999.000 -9999.000 -9999.000 -9999.000 -9999.000 -9999.000 -9999.000 -9999.000 -9999.000 -9999.000 -9999.000 -9999.000 -9999.000 -9999.000 -9999.000 -9999.000 -9999.000 -9999.000 -9999.000 -9999.000 -9999.000 -9999.000 -9999.000 -9999.000 -9999.000 130.321 130.321 130.332 130.347 130.350 130.353 130.357 130.361 130.365 130.370 130.375 130.380 130.386 130.391 130.398 130.404 130.410 130.417 130.423 130.430 130.437 130.445 130.453 130.462 130.463 130.454 130.452 130.450 130.449 130.448 130.447 130.446 130.446
-9999.000 -9999.000 -9999.000 -9999.000 -9999.000 -9999.000 -9999.000 -9999.000 -9999.000 -9999.000 -9999.000 -9999.000 -9999.000 -9999.000 -9999.000 -9999.000 -9999.000 -9999.000 -9999.000 -9999.000 -9999.000 -9999.000 -9999.000 -9999.000 -9999.000 -9999.000 -9999.000 -9999.000 -9999.000 130.320 130.324 130.333 130.338 130.342 130.346 130.350 130.355 130.360 130.365 130.370 130.375 130.381 130.387 130.393 130.400 130.406 130.413 130.420 130.428 130.436 130.446 130.456 -9999.000 130.441 130.441 130.440 130.440 130.440 130.439 130.439 130.439
-9999.000 -9999.000 -9999.000 -9999.000 -9999.000 -9999.000 -9999.000 -9999.000 -9999.000 -9999.000 -9999.000 -9999.000 -9999.000 -9999.000 -9999.000 -9999.000 -9999.000 -9999.000 -9999.000 -9999.000 -9999.000 -9999.000 -9999.000 -9999.000 -9999.000 -9999.000 -9999.000 -9999.000 -9999.000 130.315 130.318 130.323 130.327 130.331 130.335 130.340 130.344 130.349 130.354 130.359 130.365 130.371 130.377 130.383 130.389 130.396 130.403 130.410 130.418 130.426 130.434 -9999.000 -9999.000 130.429 130.430 130.431 130.431 130.432 130.432 130.432 130.432
-9999.000 -9999.000 -9999.000 -9999.000 -9999.000 -9999.000 -9999.000 -9999.000 -9999.000 -9999.000 -9999.000 -9999.000 -9999.000 -9999.000 -9999.000 -9999.000 -9999.000 -9999.000 -9999.000 -9999.000 -9999.000 -9999.000 -9999.000 -9999.000 -9999.000 -9999.000 -9999.000 -9999.000 -9999.000 130.308 130.310 130.313 130.316 130.320 130.325 130.329 130.333 130.338 130.343 130.349 130.354 130.360 130.366 130.372 130.378 130.385 130.392 130.399 130.407 130.416 130.423 -9999.000 130.410 130.416 130.419 130.421 130.422 130.423 130.425 130.425 130.426
-9999.000 -9999.000 -9999.000 -9999.000 -9999.000 -9999.000 -9999.000 -9999.000 -9999.000 -9999.000 -9999.000 -9999.000 -9999.000 -9999.000 -9999.000 -9999.000 -9999.000 -9999.000 -9999.000 -9999.000 -9999.000 -9999.000 -9999.000 -9999.000 -9999.000 -9999.000 -9999.000 -9999.000 -9999.000 130.298 130.300 130.302 130.306 130.309 130.314 130.318 130.322 130.327 130.332 130.338 130.343 130.349 130.355 130.361 130.367 130.374 130.381 130.388 130.396 130.406 130.411 -9999.000 130.404 130.407 130.409 130.411 130.413 130.415 130.418 130.418 130.419
-9999.000 -9999.000 -9999.000 -9999.000 -9999.000 -9999.000 -9999.000 -9999.000 -9999.000 -9999.000 -9999.000 -9999.000 -9999.000 -9999.000 -9999.000 -9999.000 -9999.000 -9999.000 -9999.000 -9999.000 -9999.000 -9999.000 -9999.000 -9999.000 -9999.000 -9999.000 -9999.000 -9999.000 -9999.000 130.286 130.288 130.291 130.294 130.298 130.302 130.307 130.311 130.316 130.321 130.326 130.332 130.338 130.344 130.350 130.356 130.363 130.369 130.376 130.382 130.398 130.400 130.395 130.396 130.398 130.400 130.402 130.404 130.407 130.412 130.412 130.412
-9999.000 -9999.000 -9999.000 -9999.000 -9999.000 -9999.000 -9999.000 -9999.000 -9999.000 -9999.000 -9999.000 -9999.000 -9999.000 -9999.000 -9999.000 -9999.000 -9999.000 -9999.000 -9999.000 -9999.000 -9999.000 -9999.000 -9999.000 -9999.000 -9999.000 -9999.000 -9999.000 -9999.000 -9999.000 130.274 130.276 130.279 130.283 130.287 130.291 130.295 130.300 130.304 130.309 130.315 130.320 130.326 130.332 130.338 130.345 130.351 130.358 130.364 130.369 -9999.000 130.389 130.384 130.386 130.388 130.390 130.392 130.395 130.397 -9999.000 130.405 130.405
-9999.000 -9999.000 -9999.000 -9999.000 -9999.000 -9999.000 -9999.000 -9999.000 -9999.000 -9999.000 -9999.000 -9999.000 -9999.000 -9999.000 -9999.000 -9999.000 -9999.000 -9999.000 -9999.000 -9999.000 -9999.000 -9999.000 -9999.000 -9999.000 -9999.000 -9999.000 -9999.000 -9999.000 130.251 130.259 130.263 130.267 130.271 130.275 130.279 130.283 130.288 130.293 130.298 130.303 130.309 130.314 130.320 130.327 130.333 130.340 130.347 130.354 130.362 130.373 -9999.000 130.375 130.376 130.378 130.380 130.382 130.385 130.390 -9999.000 130.397 130.397
-9999.000 -9999.000 -9999.000 -9999.000 -9999.000 -9999.000 -9999.000 -9999.000 -9999.000 -9999.000 -9999.000 -9999.000 -9999.000 -9999.000 -9999.000 -9999.000 -9999.000 -9999.000 -9999.000 -9999.000 -9999.000 -9999.000 -9999.000 -9999.000 -9999.000 -9999.000 -9999.000 -9999.000 130.243 130.247 130.251 130.255 130.259 130.263 130.267 130.271 130.276 130.281 130.286 130.291 130.297 130.302 130.308 130.315 130.322 130.329 130.336 130.343 130.350 130.362 -9999.000 130.365 130.366 130.368 130.370 130.372 130.374 130.383 130.383 130.389 130.390
-9999.000 -9999.000 -9999.000 -9999.000 -9999.000 -9999.000 -9999.000 -9999.000 -9999.000 -9999.000 -9999.000 -9999.000 -9999.000 -9999.000 -9999.000 -9999.000 -9999.000 -9999.000 -9999.000 -9999.000 -9999.000 -9999.000 -9999.000 -9999.000 -9999.000 -9999.000 130.224 130.224 130.232 130.235 130.239 130.243 130.247 130.251 130.255 130.259 130.264 130.269 130.274 130.279 130.284 130.290 130.296 130.303 130.310 130.317 130.325 130.331 130.339 -9999.000 -9999.000 130.354 130.356 130.358 130.360 130.361 130.363 -9999.000 130.376 130.379 130.381
-9999.000 -9999.000 -9999.000 -9999.000 -9999.000 -9999.000 -9999.000 -9999.000 -9999.000 -9999.000 -9999.000 -9999.000 -9999.000 -9999.000 -9999.000 -9999.000 -9999.000 -9999.000 -9999.000 -9999.000 -9999.000 -9999.000 -9999.000 -9999.000 -9999.000 -9999.000 -9999.000 130.214 130.219 130.223 130.227 130.230 130.234 130.238 130.243 130.247 130.251 130.256 130.261 130.266 130.272 130.277 130.283 130.290 130.297 130.306 130.315 130.317 130.328 -9999.000 130.336 130.342 130.345 130.348 130.350 130.351 130.352 -9999.000 130.372 130.372 130.373
-9999.000 -9999.000 -9999.000 -9999.000 -9999.000 -9999.000 -9999.000 -9999.000 -9999.000 -9999.000 -9999.000 -9999.000 -9999.000 -9999.000 -9999.000 -9999.000 -9999.000 -9999.000 -9999.000 -9999.000 -9999.000 -9999.000 -9999.000 -9999.000 -9999.000 -9999.000 -9999.000 130.206 130.208 130.211 130.215 130.218 130.222 130.226 130.230 130.234 130.239 130.244 130.248 130.254 130.259 130.264 130.270 130.276 130.284 130.294 130.302 130.306 -9999.000 -9999.000 130.330 130.333 130.335 130.338 130.340 130.341 130.342 -9999.000 130.364 130.363 130.365
-9999.000 -9999.000 -9999.000 -9999.000 -9999.000 -9999.000 -9999.000 -9999.000 -9999.000 -9999.000 -9999.000 -9999.000 -9999.000 -9999.000 -9999.000 -9999.000 -9999.000 -9999.000 -9999.000 -9999.000 -9999.000 -9999.000 -9999.000 -9999.000 -9999.000 -9999.000 -9999.000 130.195 130.197 130.199 130.202 130.206 130.209 130.213 130.217 130.222 130.226 130.231 130.236 130.241 130.246 130.251 130.257 130.262 130.266 130.280 130.283 130.294 -9999.000 -9999.000 130.321 130.323 130.326 130.328 130.331 130.332 130.333 130.333 130.348 130.353 130.356
-9999.000 -9999.000 -9999.000 -9999.000 -9999.000 -9999.000 -9999.000 -9999.000 -9999.000 -9999.000 -9999.000 -9999.000 -9999.000 -9999.000 -9999.000 -9999.000 -9999.000 -9999.000 -9999.000 -9999.000 -9999.000 -9999.000 -9999.000 -9999.000 -9999.000 -9999.000 -9999.000 130.183 130.184 130.186 130.189 130.193 130.196 130.200 130.204 130.209 130.213 130.218 130.223 130.228 130.233 130.238 130.243 130.248 130.252 130.267 130.272 -9999.000 -9999.000 -9999.000 130.310 130.313 130.316 130.319 130.322 130.324 130.326 130.328 130.333 130.341 130.346
-9999.000 -9999.000 -9999.000 -9999.000 -9999.000 -9999.000 -9999.000 -9999.000 -9999.000 -9999.000 -9999.000 -9999.000 -9999.000 -9999.000 -9999.000 -9999.000 -9999.000 -9999.000 -9999.000 -9999.000 -9999.000 -9999.000 -9999.000 -9999.000 -9999.000 -9999.000 -9999.000 130.170 130.171 130.173 130.176 130.180 130.183 130.187 130.191 130.196 130.200 130.205 130.209 130.214 130.219 130.225 130.230 130.235 130.241 130.249 130.261 -9999.000 -9999.000 130.288 130.297 130.302 130.306 130.310 130.313 130.316 130.319 130.323 130.327 130.333 130.338
-9999.000 -9999.000 -9999.000 -9999.000 -9999.000 -9999.000 -9999.000 -9999.000 -9999.000 -9999.000 -9999.000 -9999.000 -9999.000 -9999.000 -9999.000 -9999.000 -9999.000 -9999.000 -9999.000 -9999.000 -9999.000 -9999.000 -9999.000 -9999.000 -9999.000 -9999.000 130.155 130.155 130.157 130.159 130.162 130.166 130.170 130.174 130.178 130.182 130.187 130.191 130.196 130.201 130.206 130.211 130.217 130.222 130.227 130.238 130.249 -9999.000 -9999.000 130.280 130.286 130.292 130.298 130.302 130.305 130.308 130.312 130.316 130.320 130.325 130.330
-9999.000 -9999.000 -9999.000 -9999.000 -9999.000 -9999.000 -9999.000 -9999.000 -9999.000 -9999.000 -9999.000 -9999.000 -9999.000 -9999.000 -9999.000 -9999.000 -9999.000 -9999.000 -9999.000 -9999.000 -9999.000 -9999.000 -9999.000 -9999.000 -9999.000 -9999.000 -9999.000 130.138 130.141 130.145 130.149 130.152 130.156 130.160 130.165 130.169 130.173 130.178 130.183 130.187 130.192 130.198 130.203 130.209 130.216 130.227 130.244 -9999.000 130.253 130.265 130.275 130.284 130.290 130.294 130.297 130.301 130.304 130.308 130.312 130.317 130.322
-9999.000 -9999.000 -9999.000 -9999.000 -9999.000 -9999.000 -9999.000 -9999.000 -9999.000 -9999.000 -9999.000 -9999.000 -9999.000 -9999.000 -9999.000 -9999.000 -9999.000 -9999.000 -9999.000 -9999.000 -9999.000 -9999.000 -9999.000 -9999.000 -9999.000 -9999.000 130.108 130.119 130.125 130.130 130.134 130.139 130.143 130.147 130.151 130.155 130.160 130.164 130.169 130.174 130.179 130.184 130.189 130.194 130.205 130.223 -9999.000 130.228 130.241 130.254 130.265 130.278 130.284 130.287 130.290 130.292 130.296 130.300 130.304 130.309 130.313
-9999.000 -9999.000 -9999.000 -9999.000 -9999.000 -9999.000 -9999.000 -9999.000 -9999.000 -9999.000 -9999.000 -9999.000 -9999.000 -9999.000 -9999.000 -9999.000 -9999.000 -9999.000 -9999.000 -9999.000 -9999.000 -9999.000 -9999.000 -9999.000 -9999.000 130.089 130.097 130.104 130.111 130.116 130.120 130.125 130.129 130.133 130.138 130.142 130.146 130.151 130.155 130.160 130.165 130.170 130.176 130.183 130.190 130.189 130.198 130.215 130.230 130.242 130.254 130.277 130.282 130.280 130.281 130.284 130.287 130.291 130.295 130.300 130.306
-9999.000 -9999.000 -9999.000 -9999.000 -9999.000 -9999.000 -9999.000 -9999.000 -9999.000 -9999.000 -9999.000 -9999.000 -9999.000 -9999.000 -9999.000 -9999.000 -9999.000 -9999.000 -9999.000 -9999.000 -9999.000 -9999.000 -9999.000 -9999.000 -9999.000 130.081 130.086 130.092 130.097 130.102 130.107 130.111 130.115 130.120 130.124 130.128 130.132 130.137 130.141 130.146 130.151 130.156 130.161 130.171 130.172 130.181 130.190 130.204 130.222 130.232 -9999.000 -9999.000 -9999.000 130.271 130.272 130.274 130.278 130.282 130.286 130.291 130.299
-9999.000 -9999.000 -9999.000 -9999.000 -9999.000 -9999.000 -9999.000 -9999.000 -9999.000 -9999.000 -9999.000 -9999.000 -9999.000 -9999.000 -9999.000 -9999.000 -9999.000 -9999.000 -9999.000 -9999.000 -9999.000 -9999.000 -9999.000 -9999.000 130.061 130.068 130.074 130.079 130.084 130.089 130.093 130.098 130.102 130.106 130.110 130.114 130.119 130.123 130.127 130.132 130.137 130.142 130.149 130.157 130.163 130.170 130.179 130.187 -9999.000 -9999.000 -9999.000 -9999.000 -9999.000 130.260 130.261 130.264 130.268 130.272 130.276 130.280 -9999.000
-9999.000 -9999.000 -9999.000 -9999.000 -9999.000 -9999.000 -9999.000 -9999.000 -9999.000 -9999.000 -9999.000 -9999.000 -9999.000 -9999.000 -9999.000 -9999.000 -9999.000 -9999.000 -9999.000 -9999.000 -9999.000 -9999.000 -9999.000 -9999.000 130.054 130.057 130.062 130.067 130.071 130.076 130.080 130.084 130.088 130.093 130.097 130.101 130.105 130.109 130.113 130.117 130.122 130.127 130.138 130.145 130.152 130.160 130.169 130.178 -9999.000 -9999.000 -9999.000 -9999.000 -9999.000 130.247 130.249 130.253 130.257 130.262 130.267 130.274 -9999.000
-9999.000 -9999.000 -9999.000 -9999.000 -9999.000 -9999.000 -9999.000 -9999.000 -9999.000 -9999.000 -9999.000 -9999.000 -9999.000 -9999.000 -9999.000 -9999.000 -9999.000 -9999.000 -9999.000 -9999.000 -9999.000 -9999.000 -9999.000 -9999.000 130.043 130.046 130.050 130.054 130.059 130.063 130.067 130.071 130.075 130.079 130.083 130.087 130.091 130.094 130.098 130.102 130.105 130.116 130.125 130.132 130.140 130.148 130.158 -9999.000 -9999.000 -9999.000 -9999.000 -9999.000 -9999.000 130.233 130.236 130.241 130.246 130.251 130.256 -9999.000 -9999.000
-9999.000 -9999.000 -9999.000 -9999.000 -9999.000 -9999.000 -9999.000 -9999.000 -9999.000 -9999.000 -9999.000 -9999.000 -9999.000 -9999.000 -9999.000 -9999.000 -9999.000 -9999.000 -9999.000 -9999.000 -9999.000 -9999.000 -9999.000 130.021 130.029 130.033 130.038 130.042 130.046 130.050 130.054 130.058 130.062 130.066 130.069 130.073 130.077 130.080 130.084 130.088 130.094 130.103 130.112 130.120 130.127 130.133 -9999.000 -9999.000 -9999.000 -9999.000 -9999.000 -9999.000 130.204 130.215 130.222 130.228 130.235 130.242 130.249 -9999.000 -9999.000
-9999.000 -9999.000 -9999.000 -9999.000 -9999.000 -9999.000 -9999.000 -9999.000 -9999.000 -9999.000 -9999.000 -9999.000 -9999.000 -9999.000 -9999.000 -9999.000 -9999.000 -9999.000 -9999.000 -9999.000 -9999.000 -9999.000 -9999.000 130.014 130.017 130.021 130.025 130.029 130.033 130.037 130.041 130.045 130.048 130.052 130.056 130.059 130.063 130.066 130.069 130.072 130.083 130.091 130.099 130.107 130.116 130.125 -9999.000 -9999.000 -9999.000 -9999.000 -9999.000 130.184 130.193 130.201 130.209 130.216 130.223 130.232 -9999.000 -9999.000 -9999.000
