LISFLOOD/results/run12.mxe
ncols         413
nrows         307
xllcorner     341179.518085
yllcorner     4516729.658735
cellsize      10.000000
NODATA_value  -9999.000000
[rows 140 to 167 of 307, columns 248 to 309 of 413]
137.168 137.205 137.242 137.279 137.317 137.357 137.396 137.437 137.478 137.520 137.562 137.605 137.649 137.693 137.738 137.784 137.830 137.876 137.923 137.971 138.019 138.068 138.117 138.167 138.217 138.267 138.318 138.370 138.421 138.473 138.526 138.578 138.631 138.685 138.738 138.792 138.847 138.901 138.956 139.010 139.066 139.121 139.176 139.232 139.288 139.343 139.399 139.455 139.512 139.568 139.624 139.681 139.737 139.794 139.850 139.907 139.963 140.020 140.077 140.133 140.190 140.247
137.181 137.218 137.255 137.293 137.331 137.371 137.411 137.451 137.493 137.535 137.577 137.621 137.665 137.709 137.754 137.800 137.846 137.893 137.940 137.988 138.037 138.086 138.135 138.185 138.235 138.286 138.337 138.388 138.440 138.492 138.545 138.598 138.651 138.704 138.758 138.812 138.866 138.921 138.976 139.031 139.086 139.141 139.197 139.253 139.308 139.364 139.420 139.477 139.533 139.589 139.646 139.702 139.759 139.815 139.872 139.929 139.985 140.042 140.098 140.155 140.212 140.269
137.193 137.230 137.268 137.306 137.345 137.384 137.425 137.466 137.507 137.550 137.592 137.636 137.680 137.725 137.770 137.816 137.863 137.910 137.957 138.005 138.054 138.103 138.153 138.202 138.253 138.304 138.355 138.407 138.459 138.511 138.564 138.617 138.670 138.724 138.778 138.832 138.886 138.941 138.996 139.051 139.106 139.162 139.218 139.273 139.329 139.385 139.442 139.498 139.554 139.611 139.667 139.724 139.780 139.837 139.894 139.950 140.007 140.064 140.120 140.177 140.234 140.291
137.205 137.242 137.280 137.319 137.358 137.398 137.438 137.479 137.521 137.564 137.607 137.651 137.695 137.740 137.786 137.832 137.879 137.926 137.974 138.022 138.071 138.120 138.170 138.220 138.271 138.322 138.373 138.425 138.477 138.530 138.582 138.636 138.689 138.743 138.797 138.851 138.906 138.961 139.016 139.071 139.127 139.182 139.238 139.294 139.350 139.406 139.463 139.519 139.576 139.632 139.689 139.746 139.802 139.859 139.916 139.972 140.029 140.086 140.142 140.199 140.256 140.313
137.217 137.254 137.292 137.331 137.370 137.411 137.451 137.493 137.535 137.578 137.621 137.666 137.710 137.755 137.801 137.848 137.895 137.942 137.990 138.039 138.088 138.137 138.187 138.237 138.288 138.339 138.391 138.443 138.495 138.548 138.601 138.655 138.708 138.762 138.816 138.871 138.926 138.981 139.036 139.091 139.147 139.203 139.259 139.315 139.371 139.427 139.484 139.540 139.597 139.654 139.711 139.767 139.824 139.881 139.938 139.994 140.051 140.108 140.164 140.221 140.278 140.334
137.228 137.265 137.304 137.343 137.383 137.423 137.464 137.506 137.549 137.592 137.635 137.680 137.725 137.770 137.816 137.863 137.910 137.958 138.006 138.055 138.104 138.154 138.204 138.255 138.306 138.357 138.409 138.461 138.514 138.566 138.620 138.673 138.727 138.781 138.836 138.890 138.945 139.001 139.056 139.112 139.167 139.223 139.279 139.336 139.392 139.449 139.505 139.562 139.619 139.675 139.732 139.789 139.846 139.903 139.960 140.016 140.073 140.130 140.186 140.243 140.299 140.356
137.238 137.276 137.315 137.354 137.395 137.435 137.477 137.519 137.562 137.605 137.649 137.694 137.739 137.785 137.831 137.878 137.926 137.974 138.022 138.071 138.120 138.170 138.221 138.272 138.323 138.374 138.426 138.479 138.532 138.585 138.638 138.692 138.746 138.800 138.855 138.910 138.965 139.020 139.076 139.132 139.188 139.244 139.300 139.356 139.413 139.470 139.526 139.583 139.640 139.697 139.754 139.811 139.868 139.925 139.982 140.039 140.095 140.152 140.208 140.265 140.321 140.377
137.248 137.287 137.326 137.366 137.406 137.447 137.489 137.531 137.574 137.618 137.663 137.707 137.753 137.799 137.846 137.893 137.941 137.989 138.038 138.087 138.137 138.187 138.237 138.288 138.340 138.392 138.444 138.497 138.550 138.603 138.657 138.711 138.765 138.819 138.874 138.929 138.985 139.040 139.096 139.152 139.208 139.264 139.321 139.377 139.434 139.491 139.548 139.605 139.662 139.719 139.776 139.833 139.890 139.947 140.004 140.061 140.118 140.175 140.231 140.287 140.343 140.399
137.258 137.297 137.336 137.376 137.417 137.459 137.501 137.543 137.587 137.631 137.676 137.721 137.767 137.813 137.860 137.907 137.955 138.004 138.053 138.102 138.152 138.203 138.254 138.305 138.357 138.409 138.461 138.514 138.567 138.621 138.675 138.729 138.783 138.838 138.893 138.949 139.004 139.060 139.116 139.172 139.228 139.285 139.341 139.398 139.455 139.512 139.569 139.626 139.683 139.740 139.798 139.855 139.912 139.970 140.027 140.084 140.141 140.197 140.253 140.309 140.364 140.416
137.267 137.306 137.346 137.387 137.428 137.470 137.512 137.555 137.599 137.643 137.688 137.734 137.780 137.827 137.874 137.922 137.970 138.019 138.068 138.118 138.168 138.219 138.270 138.321 138.373 138.426 138.478 138.531 138.585 138.639 138.693 138.747 138.802 138.857 138.912 138.968 139.023 139.079 139.136 139.192 139.248 139.305 139.362 139.419 139.476 139.533 139.590 139.647 139.705 139.762 139.820 139.877 139.935 139.992 140.049 140.107 140.164 140.221 140.277 140.332 140.386 140.446
137.276 137.316 137.356 137.397 137.438 137.480 137.523 137.567 137.611 137.655 137.701 137.747 137.793 137.840 137.888 137.936 137.984 138.033 138.083 138.133 138.183 138.234 138.286 138.338 138.390 138.442 138.495 138.549 138.602 138.656 138.711 138.765 138.820 138.876 138.931 138.987 139.043 139.099 139.155 139.212 139.269 139.325 139.382 139.440 139.497 139.554 139.611 139.669 139.726 139.784 139.842 139.899 139.957 140.015 140.072 140.130 140.187 140.245 140.301 140.356 140.404 140.441
137.285 137.324 137.365 137.406 137.448 137.491 137.534 137.578 137.622 137.667 137.713 137.759 137.806 137.853 137.901 137.949 137.998 138.048 138.097 138.148 138.199 138.250 138.301 138.354 138.406 138.459 138.512 138.566 138.620 138.674 138.729 138.784 138.839 138.894 138.950 139.006 139.062 139.118 139.175 139.232 139.289 139.346 139.403 139.460 139.518 139.575 139.633 139.690 139.748 139.806 139.864 139.921 139.979 140.037 140.095 140.153 140.211 140.269 140.328 140.385 140.434 140.433
137.293 137.333 137.374 137.415 137.458 137.501 137.544 137.588 137.633 137.679 137.725 137.771 137.818 137.866 137.914 137.963 138.012 138.062 138.112 138.162 138.214 138.265 138.317 138.369 138.422 138.475 138.529 138.583 138.637 138.692 138.746 138.802 138.857 138.913 138.969 139.025 139.081 139.138 139.195 139.252 139.309 139.366 139.424 139.481 139.539 139.596 139.654 139.712 139.770 139.828 139.886 139.944 140.002 140.060 140.118 140.176 140.235 140.294 140.355 140.423 140.429 140.426
137.300 137.341 137.382 137.424 137.467 137.510 137.554 137.599 137.644 137.690 137.736 137.783 137.830 137.878 137.927 137.976 138.025 138.075 138.126 138.177 138.228 138.280 138.332 138.385 138.438 138.492 138.545 138.600 138.654 138.709 138.764 138.819 138.875 138.931 138.987 139.044 139.100 139.157 139.214 139.272 139.329 139.387 139.444 139.502 139.560 139.618 139.676 139.734 139.792 139.850 139.908 139.966 140.024 140.082 140.141 140.199 140.258 140.317 140.375 140.418 140.419 140.418
137.307 137.348 137.390 137.433 137.476 137.519 137.564 137.609 137.654 137.700 137.747 137.794 137.842 137.891 137.939 137.989 138.039 138.089 138.140 138.191 138.243 138.295 138.348 138.400 138.454 138.508 138.562 138.616 138.671 138.726 138.781 138.837 138.893 138.949 139.006 139.063 139.120 139.177 139.234 139.292 139.349 139.407 139.465 139.523 139.581 139.639 139.697 139.755 139.813 139.872 139.930 139.988 140.047 140.105 140.163 140.222 140.281 140.342 140.408 140.413 140.411 140.410
137.314 137.356 137.398 137.441 137.484 137.528 137.573 137.619 137.664 137.711 137.758 137.806 137.854 137.903 137.952 138.001 138.052 138.102 138.154 138.205 138.257 138.310 138.362 138.416 138.469 138.523 138.578 138.633 138.688 138.743 138.799 138.855 138.911 138.968 139.024 139.081 139.139 139.196 139.254 139.311 139.369 139.427 139.485 139.544 139.602 139.660 139.719 139.777 139.835 139.894 139.952 140.010 140.069 140.127 140.186 140.245 140.303 140.360 140.403 140.404 140.403 140.401
137.320 137.362 137.405 137.448 137.492 137.537 137.582 137.628 137.674 137.721 137.769 137.817 137.865 137.914 137.964 138.014 138.064 138.115 138.167 138.219 138.271 138.324 138.377 138.431 138.485 138.539 138.594 138.649 138.704 138.760 138.816 138.872 138.929 138.986 139.043 139.100 139.158 139.215 139.273 139.331 139.389 139.448 139.506 139.564 139.623 139.682 139.740 139.799 139.857 139.916 139.974 140.033 140.091 140.150 140.208 140.267 140.327 140.393 140.398 140.396 140.394 140.393
137.326 137.369 137.412 137.456 137.500 137.545 137.591 137.637 137.684 137.731 137.779 137.827 137.876 137.926 137.976 138.026 138.077 138.128 138.180 138.232 138.285 138.338 138.392 138.446 138.500 138.555 138.610 138.665 138.721 138.777 138.833 138.890 138.947 139.004 139.061 139.119 139.177 139.235 139.293 139.351 139.409 139.468 139.527 139.585 139.644 139.703 139.762 139.820 139.879 139.938 139.996 140.055 140.113 140.172 140.230 140.289 140.345 140.388 140.388 140.387 140.386 140.385
137.332 137.375 137.419 137.463 137.508 137.553 137.599 137.646 137.693 137.741 137.789 137.838 137.887 137.937 137.987 138.038 138.089 138.141 138.193 138.246 138.299 138.352 138.406 138.460 138.515 138.570 138.625 138.681 138.737 138.793 138.850 138.907 138.964 139.022 139.079 139.137 139.195 139.254 139.312 139.371 139.430 139.488 139.547 139.606 139.665 139.724 139.783 139.842 139.901 139.960 140.019 140.077 140.136 140.194 140.253 140.312 140.377 140.383 140.380 140.379 140.378 140.376
137.337 137.381 137.425 137.470 137.515 137.561 137.607 137.654 137.702 137.750 137.799 137.848 137.898 137.948 137.998 138.050 138.101 138.153 138.206 138.259 138.312 138.366 138.420 138.475 138.530 138.585 138.641 138.697 138.753 138.810 138.867 138.924 138.982 139.040 139.098 139.156 139.214 139.273 139.332 139.391 139.450 139.509 139.568 139.627 139.687 139.746 139.805 139.864 139.924 139.983 140.041 140.100 140.158 140.216 140.274 140.330 140.372 140.373 140.372 140.371 140.369 140.368
137.342 137.386 137.431 137.476 137.522 137.568 137.615 137.662 137.710 137.759 137.808 137.858 137.908 137.958 138.009 138.061 138.113 138.166 138.218 138.272 138.326 138.380 138.434 138.489 138.545 138.600 138.656 138.713 138.769 138.826 138.884 138.941 138.999 139.057 139.116 139.174 139.233 139.292 139.351 139.410 139.470 139.529 139.589 139.648 139.708 139.768 139.827 139.887 139.946 140.005 140.064 140.123 140.181 140.239 140.298 140.362 140.367 140.365 140.364 140.362 140.361 140.360
137.347 137.391 137.436 137.482 137.528 137.575 137.622 137.670 137.719 137.768 137.817 137.867 137.918 137.969 138.020 138.072 138.125 138.177 138.231 138.284 138.339 138.393 138.448 138.503 138.559 138.615 138.671 138.728 138.785 138.843 138.900 138.958 139.016 139.075 139.134 139.193 139.252 139.311 139.370 139.430 139.490 139.550 139.610 139.669 139.729 139.789 139.849 139.909 139.969 140.028 140.087 140.146 140.204 140.261 140.316 140.357 140.358 140.357 140.355 140.354 140.353 140.351
137.351 137.396 137.441 137.488 137.534 137.582 137.629 137.678 137.727 137.776 137.826 137.877 137.927 137.979 138.031 138.083 138.136 138.189 138.243 138.297 138.351 138.406 138.462 138.517 138.573 138.630 138.687 138.744 138.801 138.859 138.917 138.975 139.034 139.092 139.151 139.211 139.270 139.330 139.390 139.450 139.510 139.570 139.630 139.691 139.751 139.811 139.872 139.932 139.992 140.052 140.111 140.170 140.227 140.284 140.347 140.352 140.350 140.348 140.347 140.345 140.344 140.343
137.355 137.400 137.446 137.493 137.540 137.588 137.636 137.685 137.735 137.784 137.835 137.886 137.937 137.989 138.041 138.094 138.147 138.201 138.255 138.309 138.364 138.419 138.475 138.531 138.587 138.644 138.701 138.759 138.817 138.875 138.933 138.992 139.051 139.110 139.169 139.229 139.289 139.349 139.409 139.469 139.530 139.590 139.651 139.712 139.773 139.833 139.894 139.955 140.015 140.076 140.135 140.195 140.251 140.302 140.342 140.342 140.341 140.340 140.338 140.337 140.336 140.335
137.358 137.404 137.451 137.498 137.546 137.594 137.643 137.692 137.742 137.792 137.843 137.894 137.946 137.998 138.051 138.104 138.158 138.212 138.266 138.321 138.376 138.432 138.488 138.545 138.601 138.659 138.716 138.774 138.832 138.891 138.949 139.008 139.068 139.127 139.187 139.247 139.307 139.368 139.428 139.489 139.550 139.611 139.672 139.733 139.794 139.855 139.917 139.978 140.039 140.100 140.161 140.222 140.282 140.332 140.337 140.334 140.333 140.331 140.330 140.329 140.327 140.326
137.362 137.408 137.455 137.503 137.551 137.600 137.649 137.699 137.749 137.800 137.851 137.903 137.955 138.008 138.061 138.115 138.169 138.223 138.278 138.333 138.389 138.445 138.501 138.558 138.615 138.673 138.731 138.789 138.847 138.906 138.965 139.025 139.084 139.144 139.205 139.265 139.326 139.386 139.448 139.509 139.570 139.631 139.693 139.754 139.816 139.878 139.939 140.001 140.062 140.124 140.186 140.250 140.321 140.327 140.326 140.325 140.324 140.323 140.321 140.320 140.319 140.318
137.365 137.412 137.459 137.508 137.556 137.605 137.655 137.705 137.756 137.807 137.859 137.911 137.964 138.017 138.071 138.125 138.179 138.234 138.289 138.345 138.401 138.457 138.514 138.571 138.629 138.687 138.745 138.804 138.862 138.922 138.981 139.041 139.101 139.161 139.222 139.283 139.344 139.405 139.467 139.528 139.590 139.652 139.714 139.776 139.838 139.900 139.962 140.024 140.086 140.148 140.210 140.271 140.316 140.317 140.317 140.316 140.315 140.314 140.313 140.311 140.310 140.309
137.367 137.415 137.463 137.512 137.561 137.611 137.661 137.712 137.763 137.815 137.867 137.919 137.972 138.026 138.080 138.134 138.189 138.244 138.300 138.356 138.413 138.469 138.527 138.584 138.642 138.700 138.759 138.818 138.877 138.937 138.997 139.057 139.118 139.178 139.239 139.301 139.362 139.424 139.486 139.548 139.610 139.672 139.735 139.797 139.860 139.922 139.985 140.047 140.110 140.172 140.236 140.306 140.311 140.310 140.309 140.308 140.306 140.305 140.304 140.303 140.302 140.301
