LISFLOOD/results/run10.mxe
ncols         413
nrows         307
xllcorner     341179.518085
yllcorner     4516729.658735
cellsize      10.000000
NODATA_value  -9999.000000
[rows 81 to 107 of 307, columns 248 to 309 of 413]
132.550 132.595 132.639 132.683 132.726 132.768 132.810 132.850 132.890 132.930 132.968 133.006 133.044 133.081 133.117 133.154 133.189 133.225 133.260 133.295 133.330 133.364 133.398 133.433 133.467 133.501 133.534 133.568 133.602 133.636 133.669 133.703 133.737 133.770 133.804 133.838 133.872 133.905 133.939 133.973 134.007 134.041 134.075 134.109 134.143 134.177 134.212 134.246 134.280 134.315 134.349 134.384 134.419 134.454 134.488 134.523 134.558 134.594 134.629 134.664 134.699 134.735
132.555 132.602 132.648 132.693 132.737 132.780 132.823 132.864 132.904 132.944 132.983 133.021 133.059 133.096 133.133 133.169 133.204 133.240 133.275 133.310 133.344 133.379 133.413 133.447 133.481 133.515 133.548 133.582 133.616 133.649 133.683 133.716 133.750 133.783 133.817 133.850 133.884 133.917 133.951 133.985 134.019 134.052 134.086 134.120 134.154 134.188 134.222 134.257 134.291 134.325 134.360 134.394 134.429 134.463 134.498 134.533 134.568 134.602 134.637 134.673 134.708 134.743
132.562 132.610 132.658 132.704 132.750 132.794 132.837 132.879 132.920 132.960 132.999 133.037 133.075 133.112 133.148 133.184 133.220 133.255 133.290 133.325 133.359 133.394 133.428 133.461 133.495 133.529 133.562 133.596 133.629 133.663 133.696 133.729 133.763 133.796 133.830 133.863 133.896 133.930 133.963 133.997 134.030 134.064 134.098 134.132 134.165 134.199 134.233 134.267 134.301 134.335 134.370 134.404 134.438 134.473 134.507 134.542 134.577 134.611 134.646 134.681 134.716 134.751
132.569 132.620 132.670 132.718 132.764 132.809 132.853 132.895 132.936 132.976 133.016 133.054 133.092 133.129 133.165 133.201 133.236 133.272 133.306 133.341 133.375 133.409 133.443 133.477 133.510 133.544 133.577 133.610 133.643 133.677 133.710 133.743 133.776 133.809 133.843 133.876 133.909 133.942 133.976 134.009 134.042 134.076 134.109 134.143 134.177 134.210 134.244 134.278 134.312 134.346 134.380 134.414 134.448 134.483 134.517 134.551 134.586 134.620 134.655 134.690 134.725 134.759
132.578 132.632 132.683 132.733 132.780 132.826 132.870 132.913 132.954 132.995 133.034 133.072 133.110 133.146 133.183 133.218 133.254 133.288 133.323 133.357 133.391 133.425 133.459 133.492 133.525 133.559 133.592 133.625 133.658 133.691 133.724 133.757 133.790 133.823 133.856 133.889 133.922 133.955 133.988 134.021 134.054 134.088 134.121 134.154 134.188 134.222 134.255 134.289 134.323 134.356 134.390 134.424 134.458 134.492 134.527 134.561 134.595 134.630 134.664 134.699 134.733 134.768
132.590 132.646 132.699 132.750 132.799 132.845 132.890 132.933 132.974 133.014 133.053 133.091 133.128 133.165 133.201 133.236 133.271 133.306 133.340 133.374 133.408 133.441 133.475 133.508 133.541 133.574 133.607 133.640 133.672 133.705 133.738 133.771 133.803 133.836 133.869 133.902 133.935 133.968 134.001 134.034 134.067 134.100 134.133 134.166 134.199 134.233 134.266 134.300 134.333 134.367 134.401 134.434 134.468 134.502 134.536 134.570 134.604 134.639 134.673 134.707 134.742 134.776
132.604 132.663 132.719 132.771 132.820 132.867 132.911 132.954 132.995 133.035 133.074 133.111 133.148 133.184 133.220 133.255 133.290 133.324 133.358 133.392 133.425 133.458 133.491 133.524 133.557 133.590 133.622 133.655 133.687 133.720 133.752 133.785 133.817 133.850 133.883 133.915 133.948 133.981 134.013 134.046 134.079 134.112 134.145 134.178 134.211 134.244 134.277 134.311 134.344 134.378 134.411 134.445 134.478 134.512 134.546 134.580 134.614 134.648 134.682 134.716 134.750 134.784
132.622 132.685 132.742 132.795 132.844 132.891 132.935 132.977 133.018 133.057 133.095 133.133 133.169 133.205 133.240 133.275 133.309 133.343 133.376 133.410 133.443 133.475 133.508 133.541 133.573 133.606 133.638 133.670 133.703 133.735 133.767 133.799 133.832 133.864 133.896 133.929 133.961 133.994 134.026 134.059 134.091 134.124 134.157 134.190 134.223 134.256 134.289 134.322 134.355 134.388 134.422 134.455 134.488 134.522 134.556 134.589 134.623 134.657 134.691 134.725 134.759 134.793
132.647 132.712 132.770 132.823 132.871 132.917 132.961 133.002 133.042 133.081 133.119 133.155 133.191 133.226 133.261 133.295 133.329 133.362 133.395 133.428 133.461 133.493 133.525 133.558 133.590 133.622 133.654 133.686 133.718 133.750 133.782 133.814 133.846 133.878 133.910 133.942 133.974 134.007 134.039 134.071 134.104 134.136 134.169 134.202 134.234 134.267 134.300 134.333 134.366 134.399 134.432 134.465 134.499 134.532 134.565 134.599 134.632 134.666 134.700 134.734 134.767 134.801
132.684 132.747 132.803 132.855 132.902 132.947 132.989 133.030 133.069 133.106 133.143 133.179 133.214 133.248 133.282 133.316 133.349 133.382 133.415 133.447 133.479 133.511 133.543 133.575 133.607 133.638 133.670 133.702 133.734 133.765 133.797 133.829 133.860 133.892 133.924 133.956 133.988 134.020 134.052 134.084 134.116 134.149 134.181 134.214 134.246 134.279 134.311 134.344 134.377 134.410 134.443 134.476 134.509 134.542 134.575 134.608 134.642 134.675 134.709 134.742 134.776 134.810
132.731 132.790 132.842 132.891 132.936 132.979 133.019 133.058 133.096 133.133 133.169 133.203 133.238 133.271 133.305 133.337 133.370 133.402 133.434 133.466 133.498 133.530 133.561 133.592 133.624 133.655 133.687 133.718 133.749 133.781 133.812 133.844 133.875 133.907 133.938 133.970 134.002 134.033 134.065 134.097 134.129 134.161 134.193 134.226 134.258 134.290 134.323 134.355 134.388 134.421 134.453 134.486 134.519 134.552 134.585 134.618 134.651 134.685 134.718 134.751 134.785 134.818
132.788 132.838 132.886 132.930 132.973 133.013 133.052 133.089 133.125 133.161 133.195 133.229 133.262 133.295 133.327 133.360 133.391 133.423 133.455 133.486 133.517 133.548 133.579 133.610 133.641 133.672 133.703 133.734 133.765 133.796 133.827 133.859 133.890 133.921 133.952 133.984 134.015 134.047 134.078 134.110 134.142 134.174 134.206 134.238 134.270 134.302 134.334 134.367 134.399 134.431 134.464 134.497 134.529 134.562 134.595 134.628 134.661 134.694 134.727 134.760 134.793 134.827
132.847 132.890 132.932 132.972 133.011 133.049 133.086 133.121 133.156 133.189 133.223 133.255 133.287 133.319 133.351 133.382 133.413 133.444 133.475 133.506 133.537 133.567 133.598 133.628 133.659 133.690 133.720 133.751 133.781 133.812 133.843 133.874 133.905 133.936 133.967 133.998 134.029 134.060 134.092 134.123 134.155 134.186 134.218 134.250 134.282 134.314 134.346 134.378 134.410 134.442 134.475 134.507 134.540 134.572 134.605 134.638 134.670 134.703 134.736 134.769 134.802 134.835
132.904 132.942 132.980 133.016 133.052 133.087 133.121 133.154 133.187 133.219 133.251 133.282 133.313 133.344 133.375 133.405 133.436 133.466 133.496 133.526 133.556 133.586 133.617 133.647 133.677 133.707 133.737 133.767 133.798 133.828 133.859 133.889 133.920 133.950 133.981 134.012 134.043 134.074 134.105 134.136 134.168 134.199 134.231 134.262 134.294 134.325 134.357 134.389 134.421 134.453 134.485 134.518 134.550 134.582 134.615 134.647 134.680 134.713 134.745 134.778 134.811 134.844
132.961 132.995 133.028 133.061 133.093 133.125 133.157 133.188 133.219 133.249 133.280 133.310 133.340 133.369 133.399 133.429 133.458 133.488 133.517 133.547 133.576 133.606 133.635 133.665 133.695 133.724 133.754 133.784 133.814 133.844 133.874 133.904 133.935 133.965 133.996 134.026 134.057 134.088 134.119 134.150 134.181 134.212 134.243 134.274 134.306 134.337 134.369 134.401 134.432 134.464 134.496 134.528 134.560 134.593 134.625 134.657 134.689 134.722 134.754 134.787 134.820 134.852
133.020 133.049 133.078 133.107 133.136 133.165 133.194 133.223 133.251 133.280 133.309 133.338 133.366 133.395 133.424 133.452 133.481 133.510 133.539 133.568 133.596 133.625 133.655 133.684 133.713 133.742 133.772 133.801 133.831 133.860 133.890 133.920 133.950 133.980 134.010 134.041 134.071 134.101 134.132 134.163 134.194 134.225 134.256 134.287 134.318 134.349 134.381 134.412 134.444 134.475 134.507 134.539 134.571 134.603 134.635 134.667 134.699 134.731 134.764 134.796 134.828 134.861
133.080 133.103 133.128 133.153 133.178 133.204 133.231 133.257 133.284 133.311 133.338 133.366 133.393 133.421 133.449 133.476 133.504 133.532 133.560 133.588 133.617 133.645 133.674 133.702 133.731 133.760 133.789 133.818 133.847 133.876 133.906 133.935 133.965 133.995 134.025 134.055 134.085 134.115 134.146 134.176 134.207 134.237 134.268 134.299 134.330 134.361 134.392 134.424 134.455 134.486 134.518 134.550 134.581 134.613 134.645 134.677 134.709 134.741 134.773 134.805 134.837 134.869
133.139 133.157 133.177 133.198 133.220 133.243 133.267 133.292 133.317 133.342 133.368 133.394 133.420 133.447 133.474 133.500 133.527 133.555 133.582 133.609 133.637 133.665 133.693 133.721 133.749 133.778 133.806 133.835 133.864 133.893 133.922 133.951 133.980 134.010 134.039 134.069 134.099 134.129 134.159 134.189 134.220 134.250 134.281 134.311 134.342 134.373 134.404 134.435 134.466 134.497 134.529 134.560 134.592 134.623 134.655 134.687 134.718 134.750 134.782 134.814 134.846 134.878
133.196 133.209 133.224 133.242 133.262 133.282 133.304 133.326 133.350 133.373 133.398 133.422 133.447 133.473 133.498 133.524 133.551 133.577 133.604 133.630 133.658 133.685 133.712 133.740 133.768 133.796 133.824 133.852 133.880 133.909 133.938 133.967 133.996 134.025 134.054 134.084 134.113 134.143 134.173 134.203 134.233 134.263 134.293 134.324 134.354 134.385 134.416 134.447 134.477 134.509 134.540 134.571 134.602 134.634 134.665 134.696 134.728 134.760 134.791 134.823 134.855 134.887
133.249 133.258 133.270 133.285 133.302 133.320 133.340 133.360 133.382 133.404 133.427 133.450 133.474 133.499 133.523 133.548 133.574 133.599 133.625 133.651 133.678 133.705 133.731 133.759 133.786 133.813 133.841 133.869 133.897 133.925 133.954 133.982 134.011 134.040 134.069 134.098 134.127 134.157 134.186 134.216 134.246 134.276 134.306 134.336 134.366 134.397 134.427 134.458 134.489 134.520 134.551 134.582 134.613 134.644 134.675 134.706 134.738 134.769 134.801 134.832 134.864 134.895
133.298 133.304 133.314 133.326 133.341 133.357 133.375 133.393 133.413 133.434 133.456 133.478 133.501 133.524 133.548 133.572 133.597 133.622 133.647 133.672 133.698 133.724 133.751 133.777 133.804 133.831 133.858 133.886 133.914 133.941 133.970 133.998 134.026 134.055 134.083 134.112 134.141 134.171 134.200 134.229 134.259 134.289 134.319 134.349 134.379 134.409 134.439 134.470 134.500 134.531 134.561 134.592 134.623 134.654 134.685 134.716 134.747 134.779 134.810 134.841 134.873 134.904
133.343 133.347 133.355 133.365 133.378 133.392 133.408 133.426 133.444 133.464 133.484 133.505 133.527 133.549 133.572 133.596 133.620 133.644 133.668 133.693 133.718 133.744 133.770 133.796 133.822 133.849 133.876 133.903 133.930 133.958 133.985 134.013 134.041 134.070 134.098 134.127 134.155 134.184 134.213 134.243 134.272 134.301 134.331 134.361 134.391 134.421 134.451 134.481 134.511 134.542 134.572 134.603 134.634 134.664 134.695 134.726 134.757 134.788 134.819 134.850 134.882 134.913
133.383 133.387 133.393 133.402 133.413 133.426 133.441 133.457 133.474 133.493 133.512 133.532 133.553 133.574 133.596 133.619 133.642 133.666 133.690 133.714 133.739 133.764 133.789 133.815 133.840 133.867 133.893 133.920 133.947 133.974 134.001 134.029 134.057 134.085 134.113 134.141 134.169 134.198 134.227 134.256 134.285 134.314 134.344 134.373 134.403 134.433 134.463 134.493 134.523 134.553 134.583 134.614 134.644 134.675 134.705 134.736 134.767 134.798 134.829 134.860 134.891 134.922
133.421 133.424 133.429 133.437 133.447 133.459 133.472 133.487 133.504 133.521 133.539 133.558 133.578 133.599 133.620 133.642 133.664 133.687 133.711 133.734 133.758 133.783 133.808 133.833 133.858 133.884 133.910 133.937 133.963 133.990 134.017 134.044 134.072 134.099 134.127 134.155 134.183 134.212 134.240 134.269 134.298 134.327 134.356 134.386 134.415 134.445 134.474 134.504 134.534 134.564 134.594 134.624 134.655 134.685 134.716 134.746 134.777 134.807 134.838 134.869 134.900 134.930
133.456 133.458 133.463 133.470 133.479 133.490 133.503 133.517 133.532 133.548 133.566 133.584 133.603 133.623 133.643 133.665 133.686 133.709 133.731 133.755 133.778 133.802 133.827 133.851 133.876 133.902 133.927 133.953 133.979 134.006 134.033 134.060 134.087 134.114 134.142 134.169 134.197 134.226 134.254 134.282 134.311 134.340 134.369 134.398 134.427 134.456 134.486 134.516 134.545 134.575 134.605 134.635 134.665 134.695 134.726 134.756 134.786 134.817 134.847 134.878 134.909 134.939
133.488 133.490 133.494 133.501 133.509 133.520 133.531 133.545 133.559 133.575 133.591 133.609 133.627 133.646 133.666 133.687 133.708 133.730 133.752 133.774 133.798 133.821 133.845 133.869 133.894 133.919 133.944 133.970 133.996 134.022 134.048 134.075 134.102 134.129 134.156 134.184 134.211 134.239 134.267 134.296 134.324 134.353 134.381 134.410 134.439 134.468 134.498 134.527 134.557 134.586 134.616 134.646 134.676 134.706 134.736 134.766 134.796 134.827 134.857 134.887 134.918 134.948
133.518 133.520 133.524 133.530 133.538 133.548 133.559 133.572 133.585 133.600 133.616 133.633 133.651 133.669 133.689 133.709 133.729 133.750 133.772 133.794 133.817 133.840 133.863 133.887 133.911 133.936 133.961 133.986 134.012 134.038 134.064 134.090 134.117 134.143 134.170 134.198 134.225 134.253 134.281 134.309 134.337 134.365 134.394 134.422 134.451 134.480 134.509 134.538 134.568 134.597 134.627 134.656 134.686 134.716 134.746 134.776 134.806 134.836 134.866 134.897 134.927 134.957
