LISFLOOD/results/run1.totaltm
ncols         413
nrows         307
xllcorner     341179.518085
yllcorner     4516729.658735
cellsize      10.000000
NODATA_value  -9999.000000
[rows 264 to 296 of 307, columns 148 to 221 of 413]
16.116 16.167 16.193 16.150 13.599 11.499 11.487 11.555 11.585 11.618 11.664 11.784 11.951 12.256 12.841 13.348 13.489 13.501 12.809 12.468 12.503 12.503 12.984 13.048 13.084 13.135 13.212 13.293 13.423 15.098 17.354 19.525 20.787 21.122 21.868 21.981 22.008 22.018 22.023 22.024 22.024 22.023 21.993 21.268 21.594 21.787 21.771 21.746 21.716 21.682 21.645 21.607 21.567 21.528 21.489 21.429 21.024 20.883 21.224 21.263 21.298 21.333 21.370 21.413 21.448 21.472 21.427 21.431 21.596 21.855 22.086 22.464 23.508 25.254
16.066 16.108 16.127 15.764 12.558 11.455 11.515 11.553 11.579 11.613 11.731 11.817 12.044 12.407 12.951 13.388 13.462 13.340 12.457 12.501 12.541 12.587 12.923 12.908 12.941 12.979 13.140 13.132 13.822 15.843 18.141 20.177 20.892 21.353 21.898 21.950 21.971 21.979 21.984 21.985 21.985 21.984 21.961 21.322 21.411 21.727 21.716 21.695 21.668 21.638 21.604 21.569 21.532 21.496 21.459 21.328 21.046 21.071 21.217 21.248 21.278 21.311 21.345 21.383 21.411 21.409 21.227 21.301 21.633 21.891 22.133 22.520 23.732 25.372
16.014 16.042 16.056 14.993 11.934 11.499 11.540 11.570 11.596 11.629 11.766 11.869 12.116 12.548 13.056 13.387 13.419 12.869 12.191 12.246 12.284 12.757 12.868 12.887 12.908 12.939 13.091 13.099 14.439 16.732 18.931 20.614 20.877 21.606 21.880 21.918 21.931 21.939 21.944 21.945 21.946 21.945 21.928 21.387 21.319 21.666 21.658 21.642 21.619 21.592 21.562 21.529 21.495 21.461 21.427 21.029 20.977 21.135 21.202 21.230 21.255 21.283 21.314 21.347 21.372 21.361 21.169 21.258 21.664 21.897 22.186 22.624 23.974 25.489
15.962 15.976 15.986 14.217 11.607 11.521 11.557 11.589 11.619 11.657 11.781 11.909 12.169 12.711 13.177 13.362 13.254 12.220 12.222 12.251 12.107 12.832 12.872 12.909 12.962 13.068 13.147 13.352 15.682 17.979 19.699 20.627 20.891 21.752 21.852 21.884 21.892 21.898 21.902 21.904 21.904 21.904 21.887 21.314 21.244 21.593 21.599 21.587 21.567 21.544 21.516 21.487 21.455 21.423 21.371 20.867 20.888 21.126 21.161 21.185 21.207 21.231 21.259 21.302 21.333 21.334 21.372 21.478 21.700 21.905 22.204 22.783 24.280 25.764
15.904 15.909 15.913 13.713 11.507 11.524 11.557 11.588 11.618 11.659 11.771 11.952 12.317 12.870 13.243 13.317 12.738 12.244 12.312 12.338 12.599 12.768 12.741 12.755 12.754 13.008 13.008 14.104 17.464 19.379 20.238 20.549 21.124 21.761 21.818 21.843 21.852 21.857 21.861 21.862 21.863 21.863 21.603 20.638 21.097 21.535 21.540 21.531 21.514 21.493 21.469 21.442 21.413 21.384 21.217 20.878 20.909 21.088 21.129 21.157 21.180 21.206 21.236 21.306 21.381 21.429 21.484 21.563 21.679 21.890 22.238 22.964 24.582 26.078
15.844 15.845 15.846 13.524 11.479 11.513 11.552 11.585 11.616 11.658 11.778 12.076 12.539 12.995 13.212 13.197 12.256 12.289 12.335 12.302 12.701 12.738 12.765 12.797 12.848 13.050 13.099 15.366 18.750 20.009 20.247 20.526 21.468 21.743 21.784 21.799 21.809 21.815 21.818 21.821 21.822 21.806 20.870 20.449 21.036 21.476 21.478 21.472 21.459 21.442 21.420 21.396 21.369 21.347 20.905 20.892 20.956 21.051 21.096 21.126 21.151 21.179 21.216 21.312 21.366 21.406 21.474 21.528 21.643 21.868 22.269 23.178 24.819 26.123
15.781 15.781 15.781 13.762 11.485 11.436 11.399 11.458 11.509 11.564 11.796 12.218 12.763 13.084 13.177 12.724 12.244 12.344 12.376 12.528 12.688 12.709 12.748 12.787 13.007 13.074 13.593 16.822 19.453 20.047 20.212 20.604 21.622 21.713 21.748 21.757 21.766 21.772 21.776 21.779 21.782 21.712 20.707 20.492 21.114 21.417 21.417 21.412 21.403 21.388 21.369 21.347 21.325 21.298 20.802 20.836 20.952 21.009 21.052 21.082 21.092 21.120 21.156 21.225 21.226 21.231 21.353 21.490 21.612 21.906 22.322 23.489 25.052 26.134
15.677 15.717 15.720 14.098 11.578 11.576 11.441 11.447 11.484 11.528 11.850 12.303 12.884 13.065 13.087 12.237 12.252 12.294 12.299 12.527 12.559 12.573 12.601 12.613 12.953 12.902 14.536 18.078 19.800 20.028 20.163 20.803 21.629 21.679 21.705 21.716 21.723 21.729 21.734 21.738 21.741 21.537 20.486 20.386 21.052 21.358 21.357 21.353 21.346 21.333 21.317 21.298 21.269 21.041 20.673 20.730 20.886 20.938 20.909 20.886 20.916 20.969 21.049 21.098 20.948 20.805 21.061 21.451 21.639 21.986 22.461 23.816 25.221 26.131
15.022 15.524 15.659 14.262 11.641 11.662 11.696 11.706 11.629 11.678 12.090 12.542 12.935 13.007 12.684 12.259 12.295 12.323 12.383 12.534 12.537 12.603 12.677 12.764 12.973 13.087 15.769 19.008 19.873 19.976 20.126 21.300 21.607 21.643 21.660 21.672 21.680 21.687 21.692 21.696 21.698 21.026 20.223 20.127 20.888 21.299 21.298 21.294 21.288 21.278 21.264 21.253 21.175 20.600 20.633 20.710 20.794 20.839 20.619 20.645 20.683 20.763 20.989 21.029 20.814 20.729 20.977 21.426 21.657 22.041 22.758 24.184 25.364 26.119
14.162 15.192 15.600 15.199 12.040 11.708 11.746 11.780 11.818 11.922 12.415 12.796 12.906 12.887 12.252 12.257 12.293 12.310 12.413 12.437 11.914 11.985 12.078 12.712 12.631 13.704 17.072 19.596 19.824 19.927 20.152 21.489 21.572 21.603 21.616 21.627 21.636 21.643 21.648 21.652 21.646 20.434 19.767 19.754 20.632 21.241 21.239 21.237 21.232 21.224 21.216 21.210 21.043 20.462 20.487 20.616 20.616 20.597 20.617 20.636 20.661 20.709 20.934 20.946 20.829 20.886 21.137 21.442 21.656 22.094 23.159 24.689 25.813 26.114
13.938 15.009 15.547 15.471 12.468 11.726 11.763 11.802 11.852 12.097 12.596 12.824 12.867 12.577 12.270 12.296 12.321 12.345 12.389 11.766 11.792 11.878 11.962 12.562 12.425 14.706 18.166 19.729 19.776 19.873 20.385 21.488 21.535 21.558 21.572 21.582 21.591 21.598 21.603 21.606 21.592 20.105 19.513 19.558 20.304 21.152 21.184 21.182 21.179 21.175 21.172 21.158 20.662 20.441 20.466 20.556 20.583 20.608 20.629 20.648 20.672 20.714 20.877 20.852 20.870 20.961 21.237 21.416 21.703 22.164 23.515 25.169 26.031 26.093
14.069 15.192 15.498 15.424 12.397 11.744 11.778 11.824 11.923 12.272 12.659 12.789 12.751 12.210 12.226 12.258 12.287 12.319 12.269 10.953 11.052 11.177 12.111 12.198 12.799 15.925 18.914 19.679 19.689 19.817 21.153 21.458 21.496 21.512 21.526 21.536 21.544 21.551 21.556 21.559 21.509 19.828 19.481 19.523 20.022 21.036 21.136 21.134 21.132 21.131 21.131 21.060 20.438 20.463 20.499 20.566 20.595 20.619 20.640 20.663 20.691 20.731 20.843 20.879 20.927 21.011 21.196 21.388 21.791 22.234 23.779 25.462 26.018 26.072
14.719 15.343 15.445 15.282 11.948 11.802 11.834 11.883 12.074 12.463 12.674 12.734 12.477 11.799 11.398 11.502 11.607 11.767 10.150 10.169 10.304 10.454 11.884 11.409 13.529 17.091 19.407 19.604 19.620 19.941 21.363 21.420 21.452 21.466 21.478 21.488 21.496 21.503 21.507 21.510 21.395 19.718 19.442 19.474 19.797 20.689 21.017 21.052 21.056 21.055 21.079 20.864 20.399 20.425 20.524 20.567 20.599 20.623 20.646 20.672 20.700 20.737 20.836 20.878 20.917 21.013 21.183 21.372 21.840 22.353 24.084 25.693 26.003 26.051
14.918 15.315 15.379 14.767 11.953 11.933 11.962 12.017 12.296 12.556 12.642 12.612 12.036 10.911 10.505 10.271 10.045 9.859 9.159 9.262 9.536 10.440 11.286 11.370 14.568 18.032 19.492 19.549 19.622 20.861 21.339 21.381 21.403 21.418 21.429 21.439 21.447 21.453 21.457 21.459 21.359 20.068 19.584 19.638 19.736 20.200 20.707 20.799 20.810 20.856 20.981 20.536 20.412 20.436 20.519 20.551 20.581 20.606 20.629 20.656 20.683 20.713 20.785 20.765 20.742 20.952 21.169 21.394 21.887 22.547 24.364 25.856 25.981 26.028
14.943 15.256 15.307 14.538 12.057 12.095 12.142 12.212 12.421 12.539 12.571 12.196 11.283 10.159 10.068 9.805 9.480 8.779 7.573 7.673 7.929 10.318 10.438 11.906 15.776 18.691 19.426 19.499 20.191 21.238 21.301 21.336 21.353 21.368 21.379 21.389 21.396 21.402 21.406 21.407 21.342 21.202 20.426 20.357 20.441 20.520 20.604 20.492 20.435 20.493 20.721 20.341 20.366 20.403 20.491 20.516 20.531 20.561 20.593 20.627 20.661 20.699 20.772 20.808 20.836 20.968 21.136 21.417 21.956 22.873 24.777 25.889 25.957 26.004
14.881 15.198 15.227 14.544 12.138 12.172 12.217 12.306 12.429 12.489 12.304 11.579 10.117 9.923 9.785 9.378 8.753 7.414 6.708 6.891 7.349 9.402 9.495 12.906 16.950 19.069 19.386 19.903 21.121 21.215 21.259 21.287 21.304 21.317 21.328 21.337 21.344 21.349 21.352 21.352 21.303 21.251 21.177 21.038 20.863 20.577 20.571 20.443 20.299 20.327 20.540 19.763 19.171 19.244 19.821 19.925 19.988 20.064 20.146 20.211 20.296 20.554 20.759 20.876 20.942 21.015 21.107 21.462 22.067 23.393 25.427 25.889 25.932 25.980
14.790 15.134 15.142 14.674 12.169 12.200 12.239 12.316 12.395 12.398 11.856 10.269 9.883 9.778 9.542 8.923 7.771 5.983 5.581 5.711 7.362 9.061 9.614 14.207 17.910 19.243 19.799 21.015 21.125 21.174 21.213 21.234 21.252 21.264 21.275 21.283 21.289 21.293 21.293 21.289 21.255 21.209 21.154 21.090 21.019 20.939 20.765 20.404 20.262 20.196 20.271 19.611 19.178 19.225 19.287 19.349 19.679 19.892 19.763 19.370 19.470 19.807 20.275 20.596 20.856 20.987 21.126 21.577 22.275 24.020 25.766 25.864 25.906 25.954
14.733 15.072 15.068 14.636 12.199 12.226 12.260 12.309 12.346 12.098 10.803 9.980 9.669 9.524 9.197 8.182 6.486 4.661 4.706 4.868 6.912 7.083 10.484 15.617 18.578 19.606 20.907 21.030 21.084 21.129 21.161 21.182 21.197 21.209 21.219 21.226 21.230 21.232 21.231 21.224 21.201 21.159 21.109 21.053 20.989 20.917 20.839 20.691 20.223 20.108 19.780 19.467 19.542 19.619 19.698 19.786 19.843 19.800 19.312 19.312 19.401 19.566 19.886 20.386 20.804 20.985 21.272 21.796 22.534 24.483 25.784 25.837 25.879 25.927
14.680 15.006 15.002 14.561 12.186 12.207 12.234 12.270 12.231 11.640 10.231 9.716 9.359 9.187 8.655 7.154 4.894 3.816 3.916 4.340 6.268 6.409 12.079 16.823 19.042 20.243 20.930 20.989 21.038 21.077 21.105 21.125 21.140 21.151 21.159 21.165 21.168 21.168 21.167 21.159 21.139 21.104 21.059 21.007 20.947 20.881 20.809 20.733 20.227 20.049 19.716 19.425 19.404 19.074 19.076 19.165 19.221 19.213 19.244 19.313 19.423 19.491 19.832 20.581 20.970 21.186 21.462 21.899 22.781 24.728 25.761 25.811 25.852 25.897
14.646 14.943 14.934 14.521 12.102 12.105 12.147 12.172 11.875 10.459 9.928 9.442 9.073 8.901 7.841 5.662 3.223 2.797 2.908 4.208 5.171 6.537 13.652 17.749 19.381 20.692 20.888 20.941 20.985 21.020 21.047 21.066 21.079 21.090 21.097 21.101 21.103 21.103 21.100 21.092 21.074 21.043 21.003 20.954 20.899 20.837 20.770 20.699 20.504 19.994 19.668 19.533 19.337 19.016 18.957 18.853 18.902 18.976 18.944 19.077 19.251 19.568 20.026 20.706 21.015 21.359 21.743 22.052 23.185 25.446 25.744 25.783 25.825 25.873
14.671 14.878 14.872 14.564 11.996 11.783 11.870 11.742 10.489 10.144 9.661 9.216 8.939 8.426 6.627 3.838 1.875 1.941 2.061 3.635 3.720 8.213 15.173 18.463 19.642 20.743 20.841 20.887 20.927 20.960 20.984 21.003 21.016 21.025 21.031 21.034 21.035 21.034 21.031 21.023 21.006 20.979 20.942 20.897 20.846 20.787 20.724 20.658 20.570 20.247 19.898 19.697 19.395 19.005 19.022 19.115 19.189 19.233 19.282 19.353 19.562 20.043 20.399 20.737 21.004 21.403 21.818 22.278 23.509 25.576 25.717 25.756 25.798 25.846
14.662 14.816 14.806 14.570 11.874 10.808 10.782 10.410 10.164 9.826 9.397 9.041 8.687 7.457 4.840 1.846 0.772 0.880 1.605 3.258 3.419 11.147 16.516 18.966 19.976 20.722 20.791 20.829 20.866 20.896 20.919 20.936 20.949 20.957 20.962 20.964 20.964 20.963 20.960 20.952 20.936 20.911 20.877 20.836 20.787 20.733 20.673 20.611 20.544 20.472 20.324 19.889 19.357 19.239 19.334 19.449 19.524 19.573 19.617 19.664 19.857 20.249 20.393 20.642 20.983 21.428 21.877 22.561 23.929 25.401 25.688 25.727 25.769 25.817
14.628 14.751 14.743 14.565 11.740 10.638 10.393 10.128 9.882 9.433 9.041 8.749 8.047 5.914 2.736 0.000 0.000 0.000 1.383 1.499 3.736 13.193 17.641 19.234 20.312 20.683 20.737 20.767 20.801 20.828 20.850 20.867 20.878 20.885 20.889 20.891 20.892 20.890 20.886 20.878 20.863 20.839 20.809 20.770 20.724 20.673 20.617 20.559 20.498 20.433 20.364 20.213 19.504 19.463 19.593 19.695 19.756 19.802 19.835 19.864 19.958 20.153 19.824 19.993 20.636 21.285 21.881 22.797 24.532 25.599 25.659 25.697 25.741 25.787
14.586 14.687 14.678 14.331 11.232 10.477 10.186 9.968 9.664 9.171 8.696 8.346 6.848 3.868 0.420 0.000 0.000 0.000 0.389 0.460 5.738 14.806 18.348 19.433 20.497 20.632 20.676 20.704 20.732 20.758 20.778 20.793 20.804 20.810 20.814 20.816 20.816 20.813 20.809 20.801 20.787 20.766 20.737 20.701 20.658 20.611 20.558 20.504 20.447 20.387 20.326 20.262 19.872 19.574 19.638 19.693 19.740 19.773 19.771 19.708 19.809 19.993 19.366 19.418 20.247 21.129 21.827 22.946 24.952 25.593 25.631 25.667 25.710 25.757
14.544 14.616 14.609 13.738 10.882 10.263 9.933 9.819 9.572 9.061 8.508 7.606 5.009 1.499 0.000 0.000 0.000 0.000 0.000 0.476 9.796 16.059 18.608 19.560 20.489 20.578 20.609 20.637 20.662 20.685 20.703 20.717 20.727 20.733 20.736 20.738 20.737 20.735 20.731 20.723 20.709 20.689 20.662 20.629 20.589 20.544 20.495 20.444 20.392 20.338 20.282 20.226 20.141 19.739 19.642 19.680 19.714 19.734 19.661 19.498 19.557 19.761 19.738 19.839 20.343 21.164 21.916 23.291 25.329 25.564 25.600 25.636 25.679 25.725
14.484 14.534 14.533 13.257 10.642 10.062 9.699 9.643 9.361 8.841 8.129 6.162 2.855 0.000 0.000 0.000 0.000 0.000 0.000 1.116 12.312 16.886 18.530 19.139 19.536 20.318 20.543 20.567 20.590 20.610 20.626 20.639 20.647 20.652 20.656 20.657 20.657 20.654 20.649 20.642 20.629 20.610 20.586 20.554 20.517 20.476 20.430 20.383 20.334 20.285 20.235 20.184 20.129 19.929 19.622 19.652 19.668 19.658 19.530 19.552 19.602 19.684 19.743 20.003 20.592 21.339 22.103 23.788 25.468 25.536 25.569 25.606 25.649 25.692
14.416 14.438 14.444 12.540 10.405 9.881 9.559 9.475 9.081 8.471 7.018 4.174 0.313 0.000 0.000 0.000 0.000 0.000 0.000 3.079 13.947 17.467 18.325 18.561 18.799 19.323 20.216 20.481 20.516 20.533 20.547 20.558 20.566 20.571 20.573 20.574 20.573 20.571 20.567 20.559 20.547 20.529 20.506 20.477 20.443 20.404 20.363 20.319 20.276 20.231 20.186 20.140 20.081 19.818 19.534 19.473 19.482 19.514 19.534 19.564 19.618 19.691 19.758 20.109 20.839 21.506 22.349 24.297 25.468 25.506 25.538 25.575 25.618 25.663
14.349 14.357 14.297 11.571 10.194 9.772 9.500 9.321 8.860 7.751 5.349 1.873 0.000 0.000 0.000 0.000 0.000 0.000 0.000 6.756 15.306 17.918 18.149 17.953 18.205 18.581 19.132 20.203 20.413 20.456 20.468 20.477 20.483 20.488 20.490 20.491 20.490 20.487 20.482 20.475 20.463 20.447 20.426 20.399 20.368 20.332 20.294 20.256 20.216 20.176 20.134 20.094 20.021 19.502 19.353 19.402 19.457 19.495 19.523 19.571 19.668 19.960 20.190 20.441 21.033 21.630 22.646 24.668 25.441 25.475 25.507 25.544 25.587 25.631
14.279 14.282 13.827 10.936 10.084 9.732 9.450 9.184 8.440 6.453 3.306 0.000 0.000 0.000 0.000 0.000 0.000 0.000 0.000 11.434 16.395 17.880 17.178 15.834 16.732 17.674 18.223 18.796 19.232 19.584 19.822 19.972 19.997 19.749 19.548 19.613 20.294 20.403 20.397 20.390 20.379 20.364 20.344 20.320 20.292 20.260 20.227 20.192 20.157 20.121 20.084 20.032 19.930 19.329 19.153 19.216 19.294 19.327 19.371 19.432 19.592 20.083 20.500 20.701 21.139 21.763 23.077 25.007 25.410 25.443 25.476 25.514 25.556 25.599
14.213 14.197 12.658 10.519 10.002 9.678 9.392 9.016 7.402 4.591 0.794 0.000 0.000 0.000 0.000 0.000 0.000 0.000 0.778 13.672 17.269 17.422 15.763 14.907 16.210 17.119 17.536 17.738 17.992 18.162 18.296 18.461 18.553 18.486 18.427 18.517 19.517 20.323 20.316 20.307 20.296 20.282 20.263 20.242 20.216 20.189 20.159 20.129 20.084 19.996 19.844 19.548 19.249 18.974 19.018 19.082 19.135 19.167 19.233 19.316 19.579 20.070 20.505 20.787 21.254 21.984 23.614 25.250 25.382 25.413 25.447 25.483 25.524 25.568
14.140 13.947 11.376 10.222 9.879 9.582 9.288 8.318 5.742 2.546 0.000 0.000 0.000 0.000 0.000 0.000 0.000 0.000 4.919 15.176 17.220 16.288 15.937 16.057 16.748 17.134 17.298 17.367 17.464 17.475 17.462 17.582 17.646 17.643 17.705 17.867 19.004 20.228 20.239 20.229 20.217 20.203 20.186 20.166 20.144 20.120 20.026 19.912 19.596 19.114 18.519 17.948 17.668 17.706 17.990 19.032 19.068 19.104 19.178 19.268 19.548 20.056 20.509 20.839 21.399 22.297 24.127 25.296 25.353 25.383 25.418 25.457 25.498 25.540
14.064 13.166 10.818 10.069 9.784 9.498 8.981 6.926 3.865 0.254 0.000 0.000 0.000 0.000 0.000 0.000 0.000 0.000 10.716 16.071 16.480 16.239 16.696 16.921 17.098 17.204 17.246 17.311 17.402 17.428 17.433 17.534 17.582 17.523 17.418 17.742 18.857 20.136 20.166 20.156 20.144 20.130 20.113 20.096 20.076 20.058 19.644 18.955 18.045 16.955 15.867 15.261 15.315 15.813 16.361 18.945 19.029 19.074 19.124 19.182 19.482 19.996 20.448 20.843 21.492 22.714 24.588 25.291 25.328 25.359 25.394 25.433 25.473 25.514
13.946 11.818 10.305 9.957 9.723 9.366 7.979 5.174 1.828 0.000 0.000 0.000 0.000 0.000 0.000 0.000 0.000 0.000 13.189 16.083 16.105 16.553 16.961 17.057 17.131 17.177 17.216 17.277 17.341 17.371 17.406 17.504 17.554 17.487 17.256 17.523 18.671 20.014 20.094 20.086 20.075 20.061 20.046 20.029 20.012 20.001 19.467 17.848 15.293 12.482 12.153 12.726 13.986 14.808 15.112 15.816 16.329 16.789 19.164 19.458 19.582 19.859 20.315 20.922 21.617 23.168 25.000 25.276 25.308 25.341 25.378 25.415 25.453 25.493
