LISFLOOD/results/run10.inittm
ncols         413
nrows         307
xllcorner     341179.518085
yllcorner     4516729.658735
cellsize      10.000000
NODATA_value  -9999.000000
[rows 0 to 28 of 307, columns 260 to 324 of 413]
-9999.000 -9999.000 -9999.000 -9999.000 -9999.000 -9999.000 -9999.000 -9999.000 -9999.000 -9999.000 -9999.000 -9999.000 -9999.000 -9999.000 -9999.000 -9999.000 -9999.000 -9999.000 -9999.000 -9999.000 -9999.000 -9999.000 -9999.000 -9999.000 -9999.000 -9999.000 -9999.000 -9999.000 -9999.000 -9999.000 -9999.000 -9999.000 -9999.000 -9999.000 -9999.000 -9999.000 -9999.000 -9999.000 -9999.000 -9999.000 -9999.000 -9999.000 -9999.000 -9999.000 -9999.000 -9999.000 -9999.000 -9999.000 -9999.000 -9999.000 -9999.000 -9999.000 -9999.000 -9999.000 -9999.000 -9999.000 -9999.000 -9999.000 -9999.000 -9999.000 -9999.000 -9999.000 -9999.000 -9999.000 -9999.000
-9999.000 -9999.000 -9999.000 -9999.000 -9999.000 -9999.000 -9999.000 -9999.000 -9999.000 -9999.000 -9999.000 -9999.000 -9999.000 -9999.000 -9999.000 -9999.000 -9999.000 -9999.000 -9999.000 -9999.000 -9999.000 -9999.000 -9999.000 -9999.000 -9999.000 -9999.000 -9999.000 -9999.000 -9999.000 -9999.000 -9999.000 -9999.000 -9999.000 -9999.000 -9999.000 -9999.000 -9999.000 -9999.000 -9999.000 -9999.000 -9999.000 -9999.000 -9999.000 -9999.000 -9999.000 -9999.000 -9999.000 -9999.000 -9999.000 -9999.000 -9999.000 -9999.000 -9999.000 -9999.000 -9999.000 -9999.000 -9999.000 -9999.000 -9999.000 -9999.000 -9999.000 -9999.000 -9999.000 -9999.000 -9999.000
-9999.000 -9999.000 -9999.000 -9999.000 -9999.000 -9999.000 -9999.000 -9999.000 -9999.000 -9999.000 -9999.000 -9999.000 -9999.000 -9999.000 -9999.000 -9999.000 -9999.000 -9999.000 -9999.000 -9999.000 -9999.000 -9999.000 -9999.000 -9999.000 -9999.000 -9999.000 -9999.000 -9999.000 -9999.000 -9999.000 -9999.000 -9999.000 -9999.000 -9999.000 -9999.000 -9999.000 -9999.000 -9999.000 -9999.000 -9999.000 -9999.000 -9999.000 -9999.000 -9999.000 -9999.000 -9999.000 -9999.000 -9999.000 -9999.000 -9999.000 -9999.000 -9999.000 -9999.000 -9999.000 -9999.000 -9999.000 -9999.000 -9999.000 -9999.000 -9999.000 -9999.000 -9999.000 -9999.000 -9999.000 -9999.000
-9999.000 -9999.000 -9999.000 -9999.000 -9999.000 -9999.000 -9999.000 -9999.000 -9999.000 -9999.000 -9999.000 -9999.000 -9999.000 -9999.000 -9999.000 -9999.000 -9999.000 -9999.000 -9999.000 -9999.000 -9999.000 -9999.000 -9999.000 -9999.000 -9999.000 -9999.000 -9999.000 -9999.000 -9999.000 -9999.000 -9999.000 -9999.000 -9999.000 -9999.000 -9999.000 -9999.000 -9999.000 -9999.000 -9999.000 -9999.000 -9999.000 -9999.000 -9999.000 -9999.000 -9999.000 -9999.000 -9999.000 -9999.000 -9999.000 -9999.000 -9999.000 -9999.000 -9999.000 -9999.000 -9999.000 -9999.000 -9999.000 -9999.000 -9999.000 -9999.000 -9999.000 -9999.000 -9999.000 -9999.000 -9999.000
-9999.000 -9999.000 -9999.000 -9999.000 -9999.000 -9999.000 -9999.000 -9999.000 -9999.000 -9999.000 -9999.000 -9999.000 -9999.000 -9999.000 -9999.000 -9999.000 -9999.000 -9999.000 -9999.000 -9999.000 -9999.000 -9999.000 -9999.000 -9999.000 -9999.000 -9999.000 -9999.000 -9999.000 -9999.000 -9999.000 -9999.000 -9999.000 -9999.000 -9999.000 -9999.000 -9999.000 -9999.000 -9999.000 -9999.000 -9999.000 -9999.000 -9999.000 -9999.000 -9999.000 -9999.000 -9999.000 -9999.000 -9999.000 -9999.000 -9999.000 -9999.000 -9999.000 -9999.000 -9999.000 -9999.000 -9999.000 -9999.000 -9999.000 -9999.000 -9999.000 -9999.000 -9999.000 -9999.000 -9999.000 -9999.000
-9999.000 -9999.000 -9999.000 -9999.000 -9999.000 -9999.000 -9999.000 -9999.000 -9999.000 -9999.000 -9999.000 -9999.000 -9999.000 -9999.000 -9999.000 -9999.000 -9999.000 -9999.000 -9999.000 -9999.000 -9999.000 -9999.000 -9999.000 -9999.000 -9999.000 -9999.000 -9999.000 -9999.000 -9999.000 -9999.000 -9999.000 -9999.000 -9999.000 -9999.000 -9999.000 -9999.000 -9999.000 -9999.000 -9999.000 -9999.000 -9999.000 -9999.000 -9999.000 -9999.000 -9999.000 -9999.000 -9999.000 -9999.000 -9999.000 -9999.000 -9999.000 -9999.000 -9999.000 -9999.000 -9999.000 -9999.000 -9999.000 -9999.000 -9999.000 -9999.000 -9999.000 -9999.000 -9999.000 -9999.000 -9999.000
-9999.000 -9999.000 -9999.000 -9999.000 -9999.000 -9999.000 -9999.000 -9999.000 -9999.000 -9999.000 -9999.000 -9999.000 -9999.000 -9999.000 -9999.000 -9999.000 -9999.000 -9999.000 -9999.000 -9999.000 -9999.000 -9999.000 -9999.000 -9999.000 -9999.000 -9999.000 -9999.000 -9999.000 -9999.000 -9999.000 -9999.000 -9999.000 -9999.000 -9999.000 -9999.000 -9999.000 -9999.000 -9999.000 -9999.000 -9999.000 -9999.000 -9999.000 -9999.000 -9999.000 -9999.000 -9999.000 -9999.000 -9999.000 -9999.000 -9999.000 -9999.000 -9999.000 -9999.000 -9999.000 -9999.000 -9999.000 -9999.000 -9999.000 -9999.000 -9999.000 -9999.000 -9999.000 -9999.000 -9999.000 -9999.000
-9999.000 -9999.000 -9999.000 -9999.000 -9999.000 -9999.000 -9999.000 -9999.000 -9999.000 -9999.000 -9999.000 -9999.000 -9999.000 -9999.000 -9999.000 -9999.000 -9999.000 -9999.000 -9999.000 -9999.000 -9999.000 -9999.000 -9999.000 -9999.000 -9999.000 -9999.000 -9999.000 -9999.000 -9999.000 -9999.000 -9999.000 -9999.000 -9999.000 -9999.000 -9999.000 -9999.000 -9999.000 -9999.000 -9999.000 -9999.000 -9999.000 -9999.000 -9999.000 -9999.000 -9999.000 -9999.000 -9999.000 -9999.000 -9999.000 -9999.000 -9999.000 -9999.000 -9999.000 -9999.000 -9999.000 -9999.000 -9999.000 -9999.000 -9999.000 -9999.000 -9999.000 -9999.000 -9999.000 -9999.000 -9999.000
-9999.000 -9999.000 -9999.000 -9999.000 -9999.000 -9999.000 -9999.000 -9999.000 -9999.000 -9999.000 -9999.000 -9999.000 -9999.000 -9999.000 -9999.000 -9999.000 -9999.000 -9999.000 -9999.000 -9999.000 -9999.000 -9999.000 -9999.000 -9999.000 -9999.000 -9999.000 -9999.000 -9999.000 -9999.000 -9999.000 -9999.000 -9999.000 -9999.000 -9999.000 -9999.000 -9999.000 -9999.000 -9999.000 -9999.000 -9999.000 -9999.000 -9999.000 -9999.000 -9999.000 -9999.000 -9999.000 -9999.000 -9999.000 -9999.000 -9999.000 -9999.000 -9999.000 -9999.000 -9999.000 -9999.000 -9999.000 -9999.000 -9999.000 -9999.000 -9999.000 -9999.000 -9999.000 -9999.000 -9999.000 -9999.000
-9999.000 -9999.000 -9999.000 -9999.000 -9999.000 -9999.000 -9999.000 -9999.000 -9999.000 -9999.000 -9999.000 -9999.000 -9999.000 -9999.000 -9999.000 -9999.000 -9999.000 -9999.000 -9999.000 -9999.000 -9999.000 -9999.000 -9999.000 -9999.000 -9999.000 -9999.000 -9999.000 -9999.000 -9999.000 -9999.000 -9999.000 -9999.000 -9999.000 -9999.000 -9999.000 -9999.000 -9999.000 -9999.000 -9999.000 -9999.000 -9999.000 -9999.000 -9999.000 -9999.000 -9999.000 -9999.000 -9999.000 -9999.000 -9999.000 -9999.000 -9999.000 -9999.000 -9999.000 -9999.000 -9999.000 -9999.000 -9999.000 -9999.000 -9999.000 -9999.000 -9999.000 -9999.000 -9999.000 -9999.000 -9999.000
20.016 23.199 25.461 26.419 26.371 26.323 25.544 21.804 18.624 -9999.000 -9999.000 -9999.000 -9999.000 -9999.000 -9999.000 -9999.000 -9999.000 -9999.000 -9999.000 -9999.000 -9999.000 -9999.000 -9999.000 -9999.000 -9999.000 -9999.000 -9999.000 -9999.000 -9999.000 -9999.000 -9999.000 -9999.000 -9999.000 -9999.000 -9999.000 -9999.000 -9999.000 -9999.000 -9999.000 -9999.000 -9999.000 -9999.000 -9999.000 -9999.000 -9999.000 -9999.000 -9999.000 -9999.000 -9999.000 -9999.000 -9999.000 -9999.000 -9999.000 -9999.000 -9999.000 -9999.000 -9999.000 -9999.000 -9999.000 -9999.000 -9999.000 -9999.000 -9999.000 -9999.000 -9999.000
20.166 23.256 26.288 -9999.000 27.718 26.529 23.873 19.614 17.225 15.927 15.197 14.686 14.244 13.725 13.171 12.932 12.963 12.985 12.375 12.346 12.339 12.272 12.209 12.177 11.210 9.813 9.266 9.251 9.241 9.222 8.907 8.805 8.781 8.799 11.080 6.179 5.538 5.654 5.865 5.966 5.944 5.918 5.896 5.818 5.735 5.706 5.677 6.021 3.885 1.204 0.752 0.727 0.707 0.686 0.666 0.646 0.627 -9999.000 -9999.000 -9999.000 -9999.000 -9999.000 -9999.000 -9999.000 -9999.000
19.953 23.270 27.057 -9999.000 -9999.000 25.680 21.683 17.777 16.037 15.172 14.790 14.491 13.929 13.142 12.627 12.429 12.418 12.381 12.242 12.218 12.209 12.167 12.109 12.078 11.202 9.805 9.149 9.249 9.231 9.086 8.868 8.798 8.771 8.764 8.693 5.706 5.520 5.743 5.923 6.006 5.972 5.939 5.904 5.813 5.732 5.699 5.644 4.889 2.076 0.855 0.736 0.715 0.693 0.671 0.647 0.626 0.606 0.587 0.568 0.551 0.534 0.518 0.502 0.487 0.473
17.392 22.324 26.018 27.109 26.760 22.974 18.480 16.321 15.136 14.583 14.303 14.212 13.714 12.933 12.529 12.286 12.183 12.168 12.131 12.161 12.172 12.139 12.086 12.058 11.214 9.781 9.102 9.509 9.761 9.036 8.906 8.931 9.787 11.961 6.893 5.459 5.504 5.798 5.977 6.044 6.017 5.985 5.838 5.792 5.735 5.679 5.539 3.498 1.155 0.744 0.718 0.698 0.677 0.654 0.633 0.612 0.592 0.572 0.552 0.534 0.516 0.498 0.482 0.466 0.451
16.021 18.678 22.867 23.722 23.001 19.402 16.892 15.382 14.572 14.221 13.857 13.567 13.063 12.681 12.518 12.322 12.146 12.103 12.079 12.097 12.118 12.111 12.074 12.068 11.208 9.663 9.083 9.659 9.723 8.886 8.852 9.153 9.606 11.977 5.947 5.416 5.612 5.851 6.004 6.040 6.012 5.956 5.904 6.317 6.264 5.661 4.756 2.123 0.802 0.722 0.698 0.678 0.658 0.636 0.614 0.593 0.572 0.551 0.531 0.512 0.494 0.476 0.459 0.444 0.428
15.062 16.795 18.543 18.691 18.190 17.211 15.793 14.800 14.293 13.969 13.502 12.929 12.546 12.329 12.206 12.161 12.139 12.080 12.038 12.026 12.036 12.027 11.979 12.028 11.179 9.685 9.062 9.494 9.243 8.778 8.802 9.378 9.411 8.243 5.391 5.398 5.694 5.866 5.942 6.033 6.043 6.001 6.119 6.542 6.483 5.209 3.202 1.203 0.734 0.702 0.678 0.658 0.639 0.616 0.593 0.572 0.551 0.529 0.509 0.491 0.472 0.454 0.438 0.422 0.407
14.342 15.502 16.474 16.382 16.046 15.707 15.114 14.655 14.216 13.716 13.118 12.598 12.347 12.174 12.043 11.978 11.968 12.008 11.998 11.977 11.964 11.948 11.924 11.993 11.099 9.640 8.958 8.952 8.891 8.731 8.833 9.449 11.977 6.466 5.292 5.382 5.718 5.811 5.861 5.971 5.924 6.128 6.331 6.529 6.069 3.956 1.784 0.799 0.739 0.706 0.659 0.634 0.614 0.595 0.572 0.551 0.529 0.508 0.488 0.469 0.451 0.433 0.417 0.401 0.386
13.752 14.483 15.611 15.609 15.416 15.033 14.726 14.543 14.005 13.392 12.846 12.448 12.269 12.121 12.007 11.942 11.921 11.906 11.896 11.908 11.914 11.901 11.875 11.919 11.006 9.456 8.993 8.983 8.763 8.684 8.830 9.357 9.282 5.577 5.263 5.473 5.667 5.717 5.782 5.713 5.513 5.734 5.944 6.138 4.951 2.421 0.989 0.823 0.898 0.846 0.647 0.615 0.593 0.569 0.547 0.525 0.505 0.488 0.468 0.449 0.430 0.413 0.396 0.380 0.365
13.489 13.859 14.726 15.233 15.163 14.893 14.577 14.122 13.584 13.081 12.651 12.408 12.262 12.098 11.976 11.921 11.900 11.883 11.869 11.870 11.871 11.857 11.831 11.856 10.871 9.057 9.026 8.986 8.674 8.634 8.749 9.779 7.202 5.223 5.244 5.541 5.612 5.623 5.633 5.423 5.306 5.345 5.602 5.689 3.317 1.368 1.009 1.016 1.140 1.003 0.639 0.598 0.576 0.552 0.529 0.506 0.484 0.463 0.444 0.426 0.410 0.393 0.376 0.361 0.345
13.430 13.426 14.068 14.751 14.748 14.579 14.283 13.771 13.218 12.799 12.494 12.358 12.234 12.078 11.962 11.908 11.884 11.864 11.848 11.840 11.833 11.819 11.792 11.796 10.789 9.088 9.544 9.524 8.637 8.604 8.660 10.225 5.828 5.147 5.288 5.504 5.554 5.531 5.475 5.281 5.189 5.216 5.533 4.295 1.858 1.127 1.112 1.394 1.325 1.069 0.657 0.582 0.558 0.534 0.511 0.489 0.467 0.446 0.426 0.406 0.388 0.371 0.354 0.338 0.326
13.404 13.332 13.577 14.076 14.222 14.147 13.846 13.361 12.900 12.584 12.411 12.314 12.180 12.044 11.941 11.902 11.873 11.849 11.827 11.814 11.802 11.782 11.756 11.744 10.787 9.294 9.574 9.961 8.633 8.602 8.584 8.189 5.284 5.126 5.312 5.449 5.504 5.463 5.355 5.173 5.127 5.179 4.732 2.398 1.200 1.182 1.585 1.698 1.429 1.069 0.665 0.565 0.542 0.518 0.494 0.472 0.450 0.429 0.409 0.389 0.371 0.353 0.336 0.321 0.305
13.684 13.295 13.271 13.522 13.737 13.687 13.418 13.009 12.667 12.464 12.374 12.276 12.163 12.051 11.971 11.928 11.887 11.851 11.817 11.798 11.777 11.746 11.721 11.667 10.726 9.326 9.584 9.963 10.151 10.663 11.993 6.984 5.047 5.106 5.270 5.369 5.344 5.301 5.229 5.130 5.097 4.997 3.112 1.315 1.216 1.543 1.913 1.882 1.489 1.043 0.634 0.545 0.525 0.501 0.478 0.455 0.433 0.413 0.392 0.373 0.354 0.337 0.320 0.304 0.288
13.898 13.266 13.109 13.191 13.349 13.312 13.089 12.768 12.536 12.419 12.361 12.274 12.165 12.089 12.096 12.107 11.989 11.898 11.864 11.842 11.826 11.793 11.779 11.563 10.573 9.353 9.558 9.781 9.924 10.371 12.783 6.301 4.992 5.147 5.224 5.210 5.206 5.155 5.201 5.316 5.274 3.737 1.896 1.329 1.325 2.020 2.101 2.016 1.511 0.999 0.591 0.527 0.503 0.481 0.458 0.439 0.418 0.397 0.376 0.357 0.338 0.321 0.304 0.288 0.272
13.878 13.220 12.959 12.988 13.121 13.074 12.881 12.638 12.474 12.396 12.343 12.276 12.178 12.143 12.247 12.244 12.166 11.813 11.808 11.829 11.828 11.786 11.831 11.418 10.343 9.357 9.522 9.706 9.953 10.045 9.788 5.578 4.969 5.208 5.189 5.164 5.142 5.110 5.158 5.743 4.531 2.356 1.398 1.381 1.896 2.224 2.270 2.008 1.483 0.929 0.558 0.514 0.489 0.464 0.441 0.419 0.398 0.378 0.361 0.342 0.323 0.305 0.288 0.272 0.257
13.697 13.094 12.837 12.873 12.986 12.937 12.726 12.525 12.439 12.396 12.356 12.272 12.216 12.250 12.239 12.325 11.991 11.731 11.756 11.771 11.774 11.718 11.814 11.246 10.120 9.239 9.537 9.733 9.989 11.902 7.481 5.037 4.946 5.194 5.167 5.134 5.111 5.076 5.123 4.964 2.934 1.578 1.414 1.717 2.131 2.173 2.318 1.918 1.424 0.831 0.532 0.501 0.476 0.452 0.428 0.406 0.383 0.362 0.342 0.324 0.306 0.290 0.273 0.257 0.242
13.531 12.983 12.769 12.791 12.842 12.783 12.607 12.482 12.430 12.398 12.356 12.295 12.269 12.239 12.198 12.052 11.775 11.699 11.703 11.714 11.713 11.646 11.759 11.064 9.933 9.151 9.506 9.707 9.736 8.919 5.809 4.803 4.922 5.188 5.151 5.110 5.076 5.003 4.461 2.969 1.863 1.516 1.514 2.118 2.099 2.069 2.092 1.783 1.324 0.712 0.514 0.488 0.463 0.439 0.416 0.393 0.371 0.350 0.329 0.309 0.291 0.273 0.257 0.241 0.227
13.431 12.932 12.729 12.703 12.676 12.621 12.531 12.475 12.445 12.417 12.369 12.338 12.408 12.429 12.194 11.734 11.700 11.666 11.661 11.662 11.654 11.601 11.701 10.878 9.717 9.113 9.430 9.822 12.940 7.064 4.968 4.748 4.967 5.327 5.283 5.237 5.186 4.602 2.823 1.712 1.271 1.489 2.107 2.108 2.061 2.043 2.002 1.703 1.195 0.588 0.499 0.477 0.452 0.428 0.404 0.381 0.359 0.338 0.317 0.298 0.279 0.261 0.243 0.227 0.212
13.359 12.911 12.703 12.662 12.626 12.574 12.518 12.489 12.464 12.436 12.397 12.423 12.606 12.602 11.985 11.706 11.669 11.642 11.633 11.621 11.601 11.561 11.587 10.669 9.507 9.078 9.318 9.507 11.739 5.766 4.822 4.723 4.942 5.388 5.607 6.109 5.861 3.834 1.882 1.177 1.238 1.810 2.344 2.123 2.113 2.338 1.998 1.545 0.970 0.526 0.484 0.459 0.435 0.412 0.391 0.370 0.348 0.327 0.306 0.286 0.267 0.249 0.232 0.216 0.200
13.274 12.926 12.764 12.683 12.639 12.582 12.533 12.511 12.490 12.465 12.448 12.614 12.667 12.318 11.846 11.685 11.655 11.634 11.617 11.589 11.551 11.522 11.424 10.444 9.101 9.046 9.206 9.344 8.303 5.279 4.819 4.703 4.709 5.343 5.706 6.768 6.210 3.311 1.563 1.131 1.418 2.138 2.212 2.141 2.200 2.338 1.963 1.375 0.742 0.502 0.476 0.451 0.425 0.401 0.377 0.355 0.334 0.314 0.296 0.276 0.257 0.238 0.221 0.204 0.189
