LISFLOOD/results/run10.inittm
ncols         413
nrows         307
xllcorner     341179.518085
yllcorner     4516729.658735
cellsize      10.000000
NODATA_value  -9999.000000
[rows 29 to 57 of 307, columns 260 to 324 of 413]
13.209 13.014 12.912 12.828 12.701 12.593 12.554 12.538 12.523 12.509 12.579 12.672 12.549 11.938 11.722 11.666 11.658 11.654 11.652 11.634 11.591 11.607 11.237 10.182 9.024 9.018 9.063 11.717 6.617 5.167 4.833 4.684 4.618 4.816 5.243 6.029 5.092 2.713 1.352 1.092 1.642 2.221 2.169 2.143 2.149 2.075 1.799 1.104 0.562 0.494 0.468 0.442 0.417 0.392 0.368 0.346 0.323 0.302 0.282 0.263 0.245 0.228 0.212 0.195 0.179
13.207 13.112 13.017 12.902 12.709 12.604 12.576 12.567 12.569 12.611 12.815 12.775 12.150 11.751 11.645 11.642 11.630 11.632 11.639 11.635 11.588 11.712 11.029 9.896 8.895 8.994 8.979 8.923 5.755 5.162 5.002 4.859 4.591 4.296 4.310 4.357 3.198 1.848 1.073 1.052 1.688 2.241 2.156 2.123 2.097 1.999 1.549 0.816 0.511 0.479 0.454 0.430 0.407 0.384 0.361 0.338 0.315 0.294 0.273 0.253 0.234 0.217 0.200 0.184 0.169
13.277 13.186 13.069 12.896 12.676 12.622 12.601 12.614 12.640 12.865 12.903 12.413 11.774 11.615 11.616 11.608 11.607 11.604 11.597 11.580 11.547 11.717 10.791 9.636 8.866 9.120 10.103 7.507 5.566 5.232 5.166 5.049 4.891 4.165 3.612 3.088 1.801 1.065 1.016 1.000 1.569 2.079 2.052 2.094 2.062 2.031 1.213 0.575 0.501 0.474 0.447 0.421 0.396 0.372 0.350 0.329 0.308 0.287 0.266 0.246 0.227 0.208 0.191 0.174 0.159
13.370 13.266 13.097 12.845 12.675 12.643 12.637 12.687 12.793 12.845 12.798 11.896 11.571 11.596 11.587 11.548 11.588 11.586 11.569 11.539 11.512 11.488 10.513 9.338 8.848 8.937 9.713 6.486 5.547 5.322 5.332 5.395 5.367 4.314 3.265 2.290 1.112 1.007 0.977 0.953 1.061 1.274 1.236 1.550 1.926 1.699 0.809 0.523 0.496 0.468 0.442 0.416 0.391 0.366 0.342 0.319 0.298 0.278 0.258 0.239 0.221 0.202 0.184 0.168 0.152
13.420 13.311 13.108 12.787 12.688 12.664 12.695 12.743 12.822 12.915 12.394 11.565 11.533 11.627 11.544 11.482 11.565 11.583 11.568 11.521 11.493 11.266 10.206 8.854 8.855 8.831 8.261 5.974 5.507 5.370 5.427 5.791 5.787 4.333 2.743 1.588 1.030 0.988 0.953 0.928 0.904 0.883 0.862 0.836 1.277 1.147 0.562 0.512 0.484 0.457 0.431 0.406 0.382 0.359 0.337 0.314 0.292 0.271 0.250 0.231 0.213 0.195 0.179 0.162 0.146
13.467 13.321 13.044 12.769 12.708 12.696 12.735 12.805 12.773 12.667 11.949 11.486 11.498 11.680 11.460 11.431 11.506 11.557 11.571 11.541 12.221 11.002 9.894 8.894 9.276 11.329 7.127 5.698 5.446 5.416 5.500 6.016 5.531 3.747 1.933 1.102 1.038 1.005 0.973 0.951 0.948 1.438 1.423 0.815 0.692 0.664 0.539 0.511 0.482 0.454 0.427 0.401 0.375 0.351 0.327 0.305 0.283 0.263 0.243 0.224 0.206 0.188 0.172 0.156 0.140
13.426 13.203 12.916 12.769 12.736 12.761 12.799 12.810 12.777 12.280 11.648 11.455 11.463 11.433 11.393 11.393 11.423 11.476 11.490 11.492 13.168 10.671 9.521 9.147 9.172 9.099 6.272 5.541 5.402 5.381 5.419 5.669 4.611 2.679 1.252 1.093 1.059 1.024 0.999 0.999 1.601 2.663 2.637 1.212 0.597 0.553 0.525 0.498 0.471 0.445 0.419 0.393 0.367 0.343 0.320 0.298 0.277 0.257 0.237 0.218 0.199 0.182 0.165 0.149 0.134
13.234 13.027 12.833 12.788 12.770 12.809 12.898 12.951 13.030 12.423 11.616 11.432 11.409 11.376 11.365 11.362 11.369 11.372 11.351 11.452 11.413 10.143 9.194 9.455 10.489 7.856 5.797 5.441 5.352 5.253 5.156 4.945 3.391 1.776 1.150 1.117 1.081 1.053 1.043 1.637 2.829 3.461 2.841 1.335 0.596 0.536 0.510 0.483 0.458 0.432 0.407 0.383 0.359 0.337 0.314 0.293 0.271 0.252 0.232 0.213 0.194 0.177 0.159 0.144 0.129
13.063 12.902 12.836 12.811 12.818 12.872 12.928 12.911 12.373 11.782 11.753 11.463 11.366 11.350 11.343 11.337 11.331 11.322 11.289 11.507 10.862 9.367 9.155 9.341 11.512 6.675 5.566 5.348 5.268 5.103 5.009 4.273 2.293 1.237 1.170 1.141 1.108 1.087 1.399 2.903 3.726 3.194 2.847 1.694 0.634 0.521 0.495 0.468 0.443 0.419 0.396 0.372 0.349 0.327 0.306 0.285 0.264 0.244 0.225 0.207 0.189 0.172 0.156 0.140 0.125
12.963 12.883 12.857 12.839 12.862 12.926 12.895 12.622 11.778 11.447 11.687 11.663 11.350 11.327 11.325 11.317 11.303 11.281 11.249 11.754 10.251 9.038 9.203 9.177 8.776 5.964 5.469 5.306 5.181 5.007 4.752 3.207 1.556 1.229 1.198 1.167 1.148 1.361 2.330 3.888 3.859 3.038 3.012 1.707 0.607 0.503 0.478 0.453 0.430 0.407 0.383 0.361 0.339 0.317 0.297 0.276 0.256 0.237 0.219 0.201 0.184 0.167 0.151 0.136 0.121
12.932 12.902 12.884 12.922 12.948 12.917 12.871 12.023 11.452 11.375 11.367 11.384 11.338 11.299 11.308 11.305 11.283 11.245 11.216 11.175 9.644 8.756 9.891 13.074 7.418 5.673 5.403 5.282 5.095 4.854 4.031 2.142 1.295 1.254 1.222 1.199 1.426 2.525 4.063 4.037 3.538 3.081 2.863 1.183 0.523 0.484 0.460 0.437 0.413 0.391 0.369 0.347 0.327 0.306 0.286 0.267 0.247 0.229 0.212 0.195 0.178 0.162 0.147 0.132 0.118
12.951 12.932 12.954 13.026 13.153 13.236 12.661 11.628 11.381 11.362 11.344 11.332 11.302 11.271 11.283 11.311 11.326 11.267 11.441 10.657 9.028 8.759 9.662 11.539 6.349 5.511 5.337 5.206 5.000 4.488 2.646 1.390 1.313 1.283 1.253 1.273 2.342 4.286 4.436 4.049 3.684 3.636 2.406 0.753 0.494 0.470 0.447 0.424 0.402 0.380 0.358 0.338 0.317 0.297 0.278 0.259 0.241 0.223 0.206 0.189 0.173 0.157 0.143 0.128 0.114
12.976 12.988 13.073 13.318 13.556 13.543 12.056 11.411 11.381 11.356 11.323 11.283 11.262 11.246 11.247 11.252 11.286 11.223 11.308 10.046 8.696 8.761 9.369 8.247 5.786 5.396 5.269 5.113 4.862 3.601 1.647 1.376 1.342 1.315 1.297 1.781 3.590 4.241 4.091 4.037 3.989 3.601 1.717 0.553 0.484 0.460 0.436 0.414 0.392 0.371 0.348 0.328 0.308 0.289 0.269 0.251 0.233 0.216 0.199 0.183 0.168 0.153 0.138 0.124 0.112
13.034 13.100 13.218 13.494 13.732 12.779 11.622 11.532 11.852 12.016 11.340 11.254 11.240 11.226 11.217 11.207 11.182 11.185 10.873 9.376 8.618 8.673 11.003 6.674 5.536 5.311 5.181 5.041 4.468 2.539 1.447 1.403 1.373 1.353 1.578 2.865 4.279 4.249 4.131 4.197 4.254 3.188 1.117 0.511 0.478 0.454 0.430 0.407 0.384 0.363 0.343 0.323 0.302 0.283 0.263 0.246 0.228 0.212 0.195 0.179 0.164 0.149 0.136 0.122 0.109
13.174 13.286 13.460 13.541 13.479 12.046 11.637 11.744 12.068 12.128 11.415 11.247 11.227 11.210 11.194 11.174 11.136 11.390 10.362 8.647 8.614 8.603 8.551 5.773 5.356 5.248 5.090 4.917 3.514 1.746 1.466 1.433 1.410 1.468 2.706 4.376 4.433 4.282 4.453 4.676 4.617 2.790 0.769 0.501 0.477 0.453 0.430 0.406 0.384 0.362 0.340 0.319 0.300 0.281 0.263 0.244 0.227 0.209 0.193 0.178 0.163 0.148 0.135 0.122 0.109
13.431 13.594 13.749 13.719 12.729 11.696 11.680 11.728 12.121 12.141 11.375 11.270 11.241 11.209 11.174 11.136 11.106 11.057 9.723 8.665 8.960 9.846 7.044 5.446 5.263 5.152 4.998 4.607 2.513 1.541 1.496 1.469 1.473 2.361 4.348 4.329 4.325 4.727 4.718 4.687 4.288 1.980 0.586 0.499 0.475 0.452 0.429 0.406 0.383 0.362 0.340 0.319 0.300 0.281 0.262 0.244 0.227 0.210 0.194 0.178 0.163 0.149 0.136 0.123 0.111
13.709 13.796 13.717 13.406 12.219 11.701 11.691 11.682 11.701 11.662 11.485 11.512 11.493 11.460 11.399 11.281 11.483 10.591 9.105 8.729 8.858 8.909 5.872 5.267 5.189 5.021 4.936 3.835 1.814 1.562 1.529 1.511 2.006 4.228 4.452 4.244 4.316 4.720 4.695 5.227 3.914 1.446 0.536 0.499 0.474 0.451 0.427 0.406 0.384 0.362 0.341 0.320 0.300 0.281 0.262 0.244 0.227 0.211 0.195 0.179 0.164 0.150 0.137 0.124 0.112
13.630 12.982 12.412 12.200 11.849 11.687 11.670 11.649 11.619 11.583 11.549 11.576 11.567 11.503 11.436 11.390 11.350 9.962 8.726 8.739 8.727 7.617 5.406 5.185 5.138 4.950 4.667 2.766 1.641 1.592 1.567 1.686 3.246 4.221 4.185 4.204 4.266 4.688 4.612 4.166 3.102 1.088 0.524 0.499 0.474 0.449 0.426 0.403 0.381 0.359 0.339 0.319 0.301 0.281 0.262 0.244 0.227 0.210 0.194 0.179 0.164 0.151 0.138 0.125 0.113
12.442 12.093 11.850 11.764 11.696 11.690 11.743 11.711 11.643 11.561 11.562 11.579 11.592 11.587 11.545 11.559 10.809 9.333 8.716 8.783 11.011 6.339 5.229 5.150 5.111 4.966 3.636 1.783 1.656 1.624 1.648 2.695 4.180 4.189 4.143 4.167 4.194 4.599 3.969 3.453 2.533 0.825 0.519 0.494 0.471 0.448 0.426 0.403 0.381 0.359 0.338 0.317 0.298 0.279 0.261 0.244 0.227 0.211 0.195 0.180 0.166 0.152 0.139 0.126 0.114
11.945 11.791 11.762 11.732 11.661 11.648 11.914 11.848 11.642 11.534 11.538 11.546 11.551 11.539 11.511 11.993 10.151 8.738 8.716 8.702 8.643 5.653 5.189 5.149 5.127 4.576 2.258 1.721 1.687 1.669 2.258 4.151 4.159 4.117 4.099 4.121 4.139 4.099 3.721 3.137 1.954 0.631 0.519 0.494 0.469 0.446 0.422 0.401 0.379 0.359 0.338 0.318 0.298 0.280 0.262 0.244 0.227 0.212 0.196 0.182 0.167 0.153 0.141 0.128 0.116
11.846 11.830 11.995 11.971 11.647 11.617 11.831 11.786 11.528 11.515 11.514 11.512 11.504 11.487 11.457 10.988 9.428 8.767 9.288 11.386 7.207 5.354 5.210 5.207 5.058 3.530 1.799 1.752 1.730 2.008 3.564 4.166 4.127 4.080 4.047 4.066 4.106 3.938 3.673 2.916 1.394 0.557 0.519 0.494 0.469 0.446 0.423 0.401 0.379 0.358 0.338 0.319 0.299 0.281 0.263 0.245 0.228 0.212 0.197 0.182 0.168 0.155 0.142 0.130 0.118
11.908 12.126 12.248 12.223 11.881 11.586 11.577 11.543 11.504 11.502 11.493 11.481 11.446 11.493 11.477 10.218 8.971 8.952 9.088 11.336 6.056 5.301 5.256 5.264 4.562 2.388 1.819 1.791 2.096 3.189 4.216 4.201 4.131 4.054 4.003 3.966 3.898 3.752 3.529 2.547 0.928 0.546 0.517 0.493 0.470 0.446 0.423 0.401 0.379 0.358 0.337 0.318 0.299 0.281 0.264 0.247 0.229 0.213 0.198 0.183 0.169 0.156 0.143 0.131 0.120
12.195 12.277 12.251 12.231 12.068 11.569 11.541 11.520 11.507 11.491 11.473 11.466 11.352 11.465 10.822 9.367 8.701 8.965 8.923 8.087 5.567 5.331 5.308 5.102 3.544 1.908 1.851 1.972 2.957 3.888 4.298 4.301 4.213 4.104 4.053 4.036 4.136 3.907 3.606 2.274 0.693 0.542 0.517 0.493 0.469 0.447 0.424 0.402 0.379 0.358 0.338 0.318 0.299 0.281 0.263 0.246 0.230 0.214 0.200 0.185 0.171 0.158 0.145 0.133 0.122
12.310 12.272 12.219 12.142 12.098 11.619 11.581 11.573 11.534 11.479 11.423 11.358 11.318 11.274 9.984 8.532 8.908 9.338 11.653 6.603 5.444 5.383 5.388 4.362 2.284 1.952 1.933 2.628 3.773 3.963 4.272 4.295 4.245 4.191 4.216 4.364 4.317 4.040 3.515 2.037 0.628 0.542 0.517 0.492 0.467 0.444 0.422 0.401 0.379 0.359 0.339 0.319 0.300 0.282 0.264 0.247 0.231 0.215 0.200 0.186 0.173 0.159 0.147 0.136 0.124
12.340 12.289 12.217 12.098 11.999 11.683 11.676 11.637 11.599 11.562 11.518 11.404 11.576 10.669 9.142 8.467 8.801 9.022 11.108 5.773 5.458 5.440 5.154 2.984 2.328 2.415 2.135 3.061 4.308 3.986 4.187 4.212 4.182 4.142 4.210 4.396 4.345 3.911 3.045 1.556 0.582 0.538 0.514 0.491 0.468 0.445 0.422 0.400 0.378 0.358 0.338 0.319 0.301 0.283 0.266 0.249 0.232 0.217 0.202 0.187 0.174 0.161 0.148 0.137 0.126
12.366 12.333 12.258 12.216 11.957 11.753 11.749 11.713 11.651 11.594 11.482 11.452 11.234 9.842 8.469 8.457 8.531 8.878 7.971 5.557 5.480 5.189 4.036 2.954 2.934 2.486 2.167 3.383 4.164 4.004 4.143 4.130 4.119 4.078 4.124 4.226 4.183 3.557 2.532 1.176 0.563 0.538 0.513 0.488 0.465 0.443 0.422 0.401 0.379 0.359 0.339 0.319 0.301 0.283 0.266 0.249 0.233 0.218 0.204 0.189 0.176 0.163 0.151 0.139 0.128
12.347 12.323 12.348 12.448 11.818 11.784 11.770 11.745 11.712 11.656 11.601 11.792 10.632 9.079 8.401 8.397 8.419 10.456 6.229 5.400 5.358 4.290 2.993 3.001 3.184 2.359 2.225 3.738 3.999 4.127 4.117 4.071 4.040 4.017 4.011 4.143 4.051 3.201 2.069 0.892 0.562 0.538 0.513 0.489 0.466 0.443 0.420 0.398 0.378 0.358 0.339 0.321 0.302 0.284 0.267 0.250 0.234 0.219 0.204 0.191 0.177 0.164 0.152 0.141 0.130
12.316 12.291 12.318 12.331 11.801 11.789 11.774 11.766 11.786 11.636 11.610 11.342 9.956 8.466 8.398 8.381 8.366 8.308 5.224 4.748 4.638 3.412 2.943 3.089 3.272 2.578 2.260 3.229 4.102 4.217 4.123 4.049 4.002 3.935 3.878 3.944 3.768 2.950 1.642 0.681 0.559 0.534 0.510 0.487 0.465 0.443 0.421 0.400 0.379 0.359 0.339 0.320 0.302 0.285 0.268 0.252 0.236 0.221 0.206 0.192 0.178 0.166 0.153 0.142 0.132
12.291 12.260 12.207 11.827 11.803 11.786 11.757 11.731 11.670 11.623 11.586 10.759 9.426 8.514 8.876 9.794 11.346 6.800 4.855 4.399 3.958 2.907 2.924 3.301 3.301 3.041 2.503 2.538 4.118 4.215 4.087 4.055 4.012 3.875 3.829 3.731 3.484 2.747 1.322 0.599 0.559 0.534 0.511 0.487 0.463 0.441 0.419 0.399 0.379 0.360 0.340 0.321 0.303 0.285 0.268 0.252 0.237 0.222 0.208 0.194 0.181 0.168 0.156 0.144 0.133
