LISFLOOD/results/run10.totaltm
ncols         413
nrows         307
xllcorner     341179.518085
yllcorner     4516729.658735
cellsize      10.000000
NODATA_value  -9999.000000
[rows 165 to 197 of 307, columns 300 to 374 of 413]
27.778 27.778 27.326 27.330 27.329 27.322 27.317 27.317 27.316 27.315 27.312 27.310 27.308 27.307 27.298 27.202 27.067 27.041 27.027 27.012 26.981 26.958 26.947 26.938 26.930 26.922 26.913 26.904 26.894 26.883 26.868 26.832 26.716 26.707 26.724 26.721 26.713 26.699 26.680 26.659 26.633 26.609 26.586 26.561 26.536 26.506 26.481 26.458 26.439 26.428 26.424 26.319 25.431 24.495 23.776 21.611 16.943 0.000 0.000 0.000 0.000 0.000 0.000 0.000 0.000 0.000 0.000 0.000 0.000 0.000 0.000 0.000 0.000 0.000 0.000
27.778 27.321 27.324 27.326 27.324 27.316 27.313 27.313 27.312 27.311 27.308 27.306 27.303 27.299 27.257 27.102 27.039 27.033 27.021 27.002 26.971 26.947 26.938 26.930 26.922 26.912 26.903 26.896 26.886 26.877 26.853 26.787 26.715 26.698 26.711 26.712 26.702 26.686 26.668 26.649 26.628 26.606 26.578 26.555 26.530 26.505 26.479 26.451 26.429 26.413 26.403 25.994 24.917 24.194 22.527 18.798 0.000 0.000 0.000 0.000 0.000 0.000 0.000 0.000 0.000 0.000 0.000 0.000 0.000 0.000 0.000 0.000 0.000 0.000 0.000
27.778 27.318 27.321 27.322 27.319 27.310 27.309 27.309 27.307 27.306 27.304 27.301 27.298 27.281 27.172 27.050 27.037 27.028 27.016 26.989 26.963 26.950 26.938 26.926 26.916 26.906 26.897 26.889 26.879 26.865 26.823 26.721 26.702 26.693 26.698 26.698 26.687 26.670 26.654 26.636 26.617 26.596 26.574 26.551 26.523 26.498 26.473 26.448 26.423 26.400 26.363 25.553 24.481 23.278 20.415 0.000 0.000 0.000 0.000 0.000 0.000 0.000 0.000 0.000 0.000 0.000 0.000 0.000 0.000 0.000 0.000 0.000 0.000 0.000 0.000
27.312 27.315 27.317 27.318 27.314 27.307 27.305 27.304 27.303 27.301 27.299 27.296 27.284 27.219 27.076 27.026 27.026 27.020 27.007 26.973 26.956 26.946 26.935 26.921 26.907 26.898 26.891 26.882 26.856 26.829 26.784 26.747 26.733 26.721 26.704 26.685 26.670 26.656 26.638 26.622 26.604 26.584 26.564 26.542 26.519 26.494 26.465 26.440 26.415 26.392 26.153 24.991 23.753 21.433 8.002 0.000 0.000 0.000 0.000 0.000 0.000 0.000 0.000 0.000 0.000 0.000 0.000 0.000 0.000 0.000 0.000 0.000 0.000 0.000 0.000
27.309 27.312 27.313 27.313 27.310 27.303 27.301 27.299 27.298 27.296 27.293 27.287 27.237 27.102 27.029 27.018 27.016 27.012 26.993 26.959 26.948 26.938 26.928 26.911 26.898 26.891 26.884 26.866 26.819 26.773 26.752 26.739 26.732 26.722 26.704 26.681 26.659 26.643 26.627 26.611 26.591 26.573 26.553 26.532 26.509 26.486 26.461 26.436 26.406 26.379 25.718 24.250 22.323 15.622 0.000 0.000 0.000 0.000 0.000 0.000 0.000 0.000 0.000 0.000 0.000 0.000 0.000 0.000 0.000 0.000 0.000 0.000 0.000 0.000 0.000
27.306 27.307 27.308 27.308 27.306 27.301 27.297 27.295 27.293 27.291 27.288 27.259 27.149 27.038 27.026 27.017 27.009 27.003 26.983 26.959 26.946 26.934 26.923 26.911 26.900 26.889 26.877 26.856 26.803 26.742 26.736 26.731 26.725 26.714 26.697 26.673 26.653 26.634 26.617 26.601 26.583 26.562 26.542 26.521 26.499 26.476 26.452 26.427 26.398 26.210 24.991 23.060 19.966 0.000 0.000 0.000 0.000 0.000 0.000 0.000 0.000 0.000 0.000 0.000 0.000 0.000 0.000 0.000 0.000 0.000 0.000 0.000 0.000 0.000 0.000
27.302 27.303 27.303 27.303 27.301 27.297 27.293 27.291 27.288 27.285 27.274 27.197 27.063 27.030 27.022 27.013 27.003 26.992 26.975 26.963 26.952 26.937 26.922 26.911 26.901 26.888 26.863 26.838 26.781 26.721 26.722 26.722 26.716 26.702 26.686 26.668 26.648 26.626 26.608 26.591 26.573 26.554 26.534 26.510 26.488 26.465 26.441 26.417 26.350 25.630 23.958 21.342 0.000 0.000 0.000 0.000 0.000 0.000 0.000 0.000 0.000 0.000 0.000 0.000 0.000 0.000 0.000 0.000 0.000 0.000 0.000 0.000 0.000 0.000 0.000
27.298 27.298 27.298 27.298 27.296 27.292 27.289 27.286 27.283 27.270 27.223 27.106 27.031 27.023 27.016 27.003 26.992 26.984 26.972 26.962 26.951 26.939 26.929 26.920 26.909 26.879 26.852 26.819 26.736 26.722 26.716 26.713 26.704 26.690 26.675 26.658 26.640 26.621 26.603 26.581 26.563 26.544 26.524 26.503 26.477 26.453 26.429 26.401 26.055 24.737 22.473 16.651 0.000 0.000 0.000 0.000 0.000 0.000 0.000 0.000 0.000 0.000 0.000 0.000 0.000 0.000 0.000 0.000 0.000 0.000 0.000 0.000 0.000 0.000 0.000
27.293 27.293 27.293 27.292 27.290 27.287 27.284 27.281 27.274 27.220 27.112 27.038 27.027 27.020 27.012 26.994 26.981 26.977 26.967 26.957 26.934 26.919 26.920 26.913 26.891 26.857 26.827 26.759 26.689 26.709 26.708 26.702 26.691 26.677 26.663 26.647 26.630 26.612 26.593 26.574 26.552 26.533 26.513 26.491 26.469 26.446 26.417 26.320 25.404 23.350 20.660 0.000 0.000 0.000 0.000 0.000 0.000 0.000 0.000 0.000 0.000 0.000 0.000 0.000 0.000 0.000 0.000 0.000 0.000 0.000 0.000 0.000 0.000 0.000 0.000
27.288 27.288 27.287 27.286 27.284 27.281 27.278 27.274 27.248 27.142 27.040 27.024 27.019 27.013 27.003 26.988 26.978 26.969 26.952 26.937 26.914 26.906 26.909 26.902 26.872 26.818 26.754 26.674 26.671 26.696 26.697 26.689 26.677 26.664 26.651 26.636 26.618 26.601 26.583 26.564 26.544 26.524 26.500 26.479 26.457 26.433 26.397 25.918 24.381 21.655 17.092 0.000 0.000 0.000 0.000 0.000 0.000 0.000 0.000 0.000 0.000 0.000 0.000 0.000 0.000 0.000 0.000 0.000 0.000 0.000 0.000 0.000 0.000 0.000 0.000
27.284 27.283 27.282 27.280 27.278 27.275 27.272 27.262 27.194 27.067 27.018 27.015 27.011 27.006 26.996 26.986 26.978 26.961 26.942 26.931 26.920 26.909 26.901 26.876 26.838 26.778 26.683 26.635 26.653 26.680 26.682 26.673 26.663 26.651 26.638 26.623 26.607 26.591 26.570 26.552 26.532 26.512 26.491 26.469 26.443 26.421 26.242 25.138 22.742 21.042 0.000 0.000 0.000 0.000 0.000 0.000 0.000 0.000 0.000 0.000 0.000 0.000 0.000 0.000 0.000 0.000 0.000 0.000 0.000 0.000 0.000 0.000 0.000 0.000 0.000
27.279 27.277 27.276 27.274 27.271 27.268 27.264 27.230 27.128 27.039 27.025 27.015 27.006 26.997 26.987 26.981 26.973 26.954 26.938 26.927 26.918 26.908 26.887 26.848 26.812 26.741 26.632 26.620 26.636 26.661 26.663 26.656 26.647 26.636 26.623 26.609 26.594 26.577 26.559 26.541 26.521 26.498 26.477 26.456 26.433 26.402 25.727 23.928 21.579 20.509 0.000 0.000 0.000 0.000 0.000 0.000 0.000 0.000 0.000 0.000 0.000 0.000 0.000 0.000 0.000 0.000 0.000 0.000 0.000 0.000 0.000 0.000 0.000 0.000 0.000
27.273 27.272 27.270 27.268 27.265 27.262 27.253 27.181 27.072 27.031 27.023 27.016 27.007 26.997 26.985 26.977 26.968 26.953 26.943 26.934 26.926 26.914 26.866 26.836 26.787 26.695 26.603 26.604 26.619 26.637 26.641 26.637 26.629 26.619 26.606 26.593 26.578 26.562 26.545 26.526 26.507 26.487 26.466 26.441 26.419 26.219 24.807 22.249 21.766 0.000 0.000 0.000 0.000 0.000 0.000 0.000 0.000 0.000 0.000 0.000 0.000 0.000 0.000 0.000 0.000 0.000 0.000 0.000 0.000 0.000 0.000 0.000 0.000 0.000 0.000
27.268 27.266 27.264 27.262 27.258 27.255 27.223 27.119 27.039 27.023 27.015 27.008 27.001 26.993 26.982 26.974 26.964 26.941 26.935 26.928 26.921 26.899 26.855 26.821 26.758 26.647 26.629 26.618 26.610 26.613 26.619 26.616 26.609 26.601 26.589 26.576 26.562 26.547 26.530 26.509 26.492 26.472 26.452 26.430 26.336 25.504 23.232 21.637 21.292 0.000 0.000 0.000 0.000 0.000 0.000 0.000 0.000 0.000 0.000 0.000 0.000 0.000 0.000 0.000 0.000 0.000 0.000 0.000 0.000 0.000 0.000 0.000 0.000 0.000 0.000
27.263 27.261 27.258 27.256 27.252 27.241 27.169 27.066 27.023 27.017 27.008 26.999 26.993 26.985 26.977 26.969 26.960 26.936 26.928 26.922 26.915 26.889 26.849 26.802 26.712 26.651 26.637 26.627 26.611 26.597 26.596 26.594 26.589 26.581 26.570 26.558 26.544 26.529 26.513 26.496 26.477 26.456 26.436 26.394 25.856 24.216 21.782 21.752 0.000 0.000 0.000 0.000 0.000 0.000 0.000 0.000 0.000 0.000 0.000 0.000 0.000 0.000 0.000 0.000 0.000 0.000 0.000 0.000 0.000 0.000 0.000 0.000 0.000 0.000 0.000
27.257 27.255 27.252 27.249 27.243 27.197 27.098 27.026 27.013 27.007 27.001 26.993 26.987 26.979 26.970 26.962 26.954 26.947 26.939 26.931 26.919 26.884 26.843 26.776 26.660 26.645 26.636 26.629 26.621 26.604 26.590 26.577 26.568 26.561 26.551 26.539 26.526 26.512 26.497 26.480 26.462 26.443 26.413 26.110 24.893 22.173 21.812 20.194 0.000 0.000 0.000 0.000 0.000 0.000 0.000 0.000 0.000 0.000 0.000 0.000 0.000 0.000 0.000 0.000 0.000 0.000 0.000 0.000 0.000 0.000 0.000 0.000 0.000 0.000 0.000
27.252 27.249 27.246 27.242 27.217 27.137 27.054 27.008 27.002 26.994 26.990 26.986 26.979 26.971 26.961 26.948 26.946 26.940 26.934 26.927 26.914 26.872 26.821 26.737 26.703 26.690 26.678 26.662 26.638 26.621 26.604 26.586 26.565 26.549 26.537 26.524 26.511 26.495 26.481 26.464 26.447 26.429 26.296 25.392 23.227 21.382 21.310 0.000 0.000 0.000 0.000 0.000 0.000 0.000 0.000 0.000 0.000 0.000 0.000 0.000 0.000 0.000 0.000 0.000 0.000 0.000 0.000 0.000 0.000 0.000 0.000 0.000 0.000 0.000 0.000
27.246 27.243 27.240 27.229 27.172 27.082 27.031 27.000 26.993 26.987 26.982 26.977 26.972 26.963 26.955 26.943 26.937 26.933 26.927 26.920 26.898 26.851 26.792 26.713 26.703 26.696 26.685 26.668 26.648 26.631 26.613 26.594 26.574 26.554 26.535 26.517 26.501 26.486 26.469 26.452 26.433 26.403 25.831 24.262 21.651 21.014 0.000 0.000 0.000 0.000 0.000 0.000 0.000 0.000 0.000 0.000 0.000 0.000 0.000 0.000 0.000 0.000 0.000 0.000 0.000 0.000 0.000 0.000 0.000 0.000 0.000 0.000 0.000 0.000 0.000
27.240 27.237 27.232 27.198 27.122 27.047 27.010 26.994 26.984 26.976 26.970 26.968 26.964 26.956 26.948 26.939 26.932 26.926 26.920 26.911 26.881 26.814 26.758 26.733 26.723 26.713 26.697 26.676 26.658 26.638 26.619 26.599 26.579 26.558 26.536 26.516 26.497 26.478 26.461 26.443 26.422 26.173 24.907 22.589 21.346 17.884 0.000 0.000 0.000 0.000 0.000 0.000 0.000 0.000 0.000 0.000 0.000 0.000 0.000 0.000 0.000 0.000 0.000 0.000 0.000 0.000 0.000 0.000 0.000 0.000 0.000 0.000 0.000 0.000 0.000
27.234 27.231 27.217 27.154 27.081 27.015 26.997 26.988 26.979 26.970 26.961 26.955 26.955 26.949 26.940 26.933 26.927 26.921 26.913 26.903 26.856 26.782 26.733 26.726 26.719 26.710 26.694 26.676 26.658 26.642 26.625 26.606 26.583 26.561 26.538 26.516 26.495 26.474 26.455 26.436 26.366 25.441 23.124 21.342 20.475 0.000 0.000 0.000 0.000 0.000 0.000 0.000 0.000 0.000 0.000 0.000 0.000 0.000 0.000 0.000 0.000 0.000 0.000 0.000 0.000 0.000 0.000 0.000 0.000 0.000 0.000 0.000 0.000 0.000 0.000
27.228 27.224 27.181 27.111 27.056 27.006 26.993 26.984 26.974 26.963 26.953 26.947 26.947 26.941 26.934 26.927 26.922 26.916 26.907 26.887 26.822 26.750 26.737 26.727 26.719 26.708 26.692 26.675 26.660 26.643 26.626 26.607 26.587 26.566 26.544 26.517 26.494 26.472 26.452 26.416 25.928 24.185 21.478 19.098 0.000 0.000 0.000 0.000 0.000 0.000 0.000 0.000 0.000 0.000 0.000 0.000 0.000 0.000 0.000 0.000 0.000 0.000 0.000 0.000 0.000 0.000 0.000 0.000 0.000 0.000 0.000 0.000 0.000 0.000 0.000
27.222 27.207 27.139 27.082 27.034 27.002 26.991 26.982 26.970 26.959 26.949 26.941 26.938 26.933 26.926 26.921 26.916 26.909 26.897 26.866 26.798 26.744 26.733 26.726 26.716 26.705 26.692 26.678 26.663 26.645 26.627 26.608 26.588 26.566 26.544 26.521 26.498 26.472 26.445 26.169 24.947 22.114 18.806 0.000 0.000 0.000 0.000 0.000 0.000 0.000 0.000 0.000 0.000 0.000 0.000 0.000 0.000 0.000 0.000 0.000 0.000 0.000 0.000 0.000 0.000 0.000 0.000 0.000 0.000 0.000 0.000 0.000 0.000 0.000 0.000
27.213 27.164 27.104 27.059 27.011 26.997 26.984 26.975 26.964 26.953 26.944 26.935 26.931 26.924 26.918 26.913 26.908 26.899 26.881 26.841 26.781 26.769 26.761 26.752 26.738 26.716 26.699 26.682 26.666 26.648 26.631 26.611 26.588 26.566 26.543 26.520 26.497 26.474 26.352 25.419 23.010 20.152 0.000 0.000 0.000 0.000 0.000 0.000 0.000 0.000 0.000 0.000 0.000 0.000 0.000 0.000 0.000 0.000 0.000 0.000 0.000 0.000 0.000 0.000 0.000 0.000 0.000 0.000 0.000 0.000 0.000 0.000 0.000 0.000 0.000
27.190 27.123 27.082 27.039 26.999 26.991 26.980 26.971 26.961 26.950 26.941 26.932 26.924 26.918 26.912 26.906 26.899 26.882 26.856 26.814 26.774 26.766 26.759 26.750 26.736 26.719 26.702 26.685 26.667 26.649 26.630 26.611 26.591 26.569 26.547 26.519 26.496 26.462 25.894 24.094 21.013 0.000 0.000 0.000 0.000 0.000 0.000 0.000 0.000 0.000 0.000 0.000 0.000 0.000 0.000 0.000 0.000 0.000 0.000 0.000 0.000 0.000 0.000 0.000 0.000 0.000 0.000 0.000 0.000 0.000 0.000 0.000 0.000 0.000 0.000
27.153 27.101 27.062 27.025 26.999 26.989 26.979 26.969 26.958 26.949 26.939 26.931 26.921 26.912 26.905 26.899 26.891 26.859 26.828 26.793 26.782 26.774 26.766 26.753 26.737 26.720 26.703 26.686 26.667 26.648 26.629 26.609 26.589 26.567 26.545 26.522 26.494 26.272 24.962 22.086 14.963 0.000 0.000 0.000 0.000 0.000 0.000 0.000 0.000 0.000 0.000 0.000 0.000 0.000 0.000 0.000 0.000 0.000 0.000 0.000 0.000 0.000 0.000 0.000 0.000 0.000 0.000 0.000 0.000 0.000 0.000 0.000 0.000 0.000 0.000
27.127 27.081 27.039 27.017 26.999 26.989 26.979 26.968 26.958 26.948 26.939 26.930 26.919 26.908 26.899 26.893 26.873 26.842 26.809 26.784 26.776 26.770 26.762 26.749 26.735 26.718 26.702 26.684 26.667 26.648 26.628 26.608 26.587 26.565 26.542 26.519 26.443 25.610 23.171 18.738 0.000 0.000 0.000 0.000 0.000 0.000 0.000 0.000 0.000 0.000 0.000 0.000 0.000 0.000 0.000 0.000 0.000 0.000 0.000 0.000 0.000 0.000 0.000 0.000 0.000 0.000 0.000 0.000 0.000 0.000 0.000 0.000 0.000 0.000 0.000
27.106 27.061 27.026 27.010 26.999 26.991 26.981 26.969 26.957 26.947 26.938 26.929 26.919 26.907 26.897 26.889 26.858 26.829 26.802 26.789 26.781 26.773 26.762 26.747 26.732 26.717 26.702 26.682 26.664 26.645 26.625 26.604 26.583 26.561 26.538 26.495 26.014 24.223 20.013 0.000 0.000 0.000 0.000 0.000 0.000 0.000 0.000 0.000 0.000 0.000 0.000 0.000 0.000 0.000 0.000 0.000 0.000 0.000 0.000 0.000 0.000 0.000 0.000 0.000 0.000 0.000 0.000 0.000 0.000 0.000 0.000 0.000 0.000 0.000 0.000
27.086 27.044 27.021 27.004 26.990 26.983 26.974 26.964 26.954 26.946 26.937 26.929 26.913 26.899 26.892 26.883 26.838 26.806 26.789 26.782 26.777 26.769 26.757 26.743 26.728 26.713 26.698 26.681 26.663 26.644 26.621 26.600 26.579 26.557 26.527 26.243 24.979 21.444 0.000 0.000 0.000 0.000 0.000 0.000 0.000 0.000 0.000 0.000 0.000 0.000 0.000 0.000 0.000 0.000 0.000 0.000 0.000 0.000 0.000 0.000 0.000 0.000 0.000 0.000 0.000 0.000 0.000 0.000 0.000 0.000 0.000 0.000 0.000 0.000 0.000
27.067 27.036 27.023 27.008 26.993 26.983 26.972 26.962 26.953 26.944 26.937 26.928 26.906 26.889 26.879 26.857 26.817 26.771 26.775 26.774 26.770 26.761 26.749 26.736 26.722 26.708 26.692 26.675 26.657 26.638 26.618 26.598 26.573 26.551 26.426 25.521 22.911 13.108 0.000 0.000 0.000 0.000 0.000 0.000 0.000 0.000 0.000 0.000 0.000 0.000 0.000 0.000 0.000 0.000 0.000 0.000 0.000 0.000 0.000 0.000 0.000 0.000 0.000 0.000 0.000 0.000 0.000 0.000 0.000 0.000 0.000 0.000 0.000 0.000 0.000
27.056 27.036 27.024 27.013 27.002 26.991 26.978 26.964 26.952 26.943 26.936 26.927 26.893 26.876 26.863 26.817 26.782 26.756 26.759 26.765 26.761 26.751 26.739 26.727 26.714 26.700 26.684 26.668 26.650 26.631 26.612 26.591 26.570 26.534 26.040 24.332 20.783 0.000 0.000 0.000 0.000 0.000 0.000 0.000 0.000 0.000 0.000 0.000 0.000 0.000 0.000 0.000 0.000 0.000 0.000 0.000 0.000 0.000 0.000 0.000 0.000 0.000 0.000 0.000 0.000 0.000 0.000 0.000 0.000 0.000 0.000 0.000 0.000 0.000 0.000
27.047 27.032 27.019 27.009 27.001 26.989 26.978 26.966 26.954 26.944 26.936 26.912 26.879 26.859 26.839 26.803 26.758 26.746 26.746 26.754 26.749 26.739 26.728 26.716 26.703 26.690 26.674 26.658 26.641 26.623 26.603 26.583 26.562 26.406 25.321 22.584 14.898 0.000 0.000 0.000 0.000 0.000 0.000 0.000 0.000 0.000 0.000 0.000 0.000 0.000 0.000 0.000 0.000 0.000 0.000 0.000 0.000 0.000 0.000 0.000 0.000 0.000 0.000 0.000 0.000 0.000 0.000 0.000 0.000 0.000 0.000 0.000 0.000 0.000 0.000
27.043 27.026 27.013 27.004 26.997 26.984 26.971 26.954 26.946 26.939 26.932 26.900 26.870 26.835 26.817 26.796 26.760 26.748 26.741 26.740 26.734 26.726 26.716 26.705 26.693 26.679 26.663 26.648 26.631 26.612 26.593 26.573 26.549 26.029 24.169 20.724 0.000 0.000 0.000 0.000 0.000 0.000 0.000 0.000 0.000 0.000 0.000 0.000 0.000 0.000 0.000 0.000 0.000 0.000 0.000 0.000 0.000 0.000 0.000 0.000 0.000 0.000 0.000 0.000 0.000 0.000 0.000 0.000 0.000 0.000 0.000 0.000 0.000 0.000 0.000
27.037 27.021 27.011 27.001 26.992 26.980 26.959 26.943 26.938 26.932 26.924 26.893 26.866 26.821 26.792 26.766 26.754 26.746 26.739 26.728 26.719 26.712 26.703 26.693 26.681 26.668 26.653 26.638 26.621 26.601 26.582 26.563 26.499 25.338 22.391 16.955 0.000 0.000 0.000 0.000 0.000 0.000 0.000 0.000 0.000 0.000 0.000 0.000 0.000 0.000 0.000 0.000 0.000 0.000 0.000 0.000 0.000 0.000 0.000 0.000 0.000 0.000 0.000 0.000 0.000 0.000 0.000 0.000 0.000 0.000 0.000 0.000 0.000 0.000 0.000
