LISFLOOD/results/run14.inittm
ncols         138
nrows         103
xllcorner     341179.518085
yllcorner     4516709.658735
cellsize      30.000000
NODATA_value  -9999.000000
[rows 28 to 55 of 103, columns 62 to 123 of 138]
-9999.000 -9999.000 -9999.000 -9999.000 -9999.000 -9999.000 -9999.000 -9999.000 -9999.000 -9999.000 -9999.000 -9999.000 -9999.000 -9999.000 -9999.000 -9999.000 -9999.000 -9999.000 -9999.000 -9999.000 -9999.000 -9999.000 -9999.000 -9999.000 -9999.000 -9999.000 -9999.000 8.000 15.496 -9999.000 2.227 1.759 1.416 0.578 0.364 0.280 0.184 0.169 0.156 0.144 0.132 0.122 0.113 0.104 0.097 0.091 0.087 0.157 0.174 0.077 0.001 0.076 0.756 0.096 0.096 0.102 0.111 0.270 0.581 0.618 0.235 0.242
-9999.000 -9999.000 -9999.000 -9999.000 -9999.000 -9999.000 -9999.000 -9999.000 -9999.000 -9999.000 -9999.000 -9999.000 -9999.000 -9999.000 -9999.000 -9999.000 -9999.000 -9999.000 -9999.000 -9999.000 -9999.000 -9999.000 -9999.000 -9999.000 -9999.000 -9999.000 -9999.000 4.267 3.184 4.651 1.904 1.772 1.638 0.618 0.318 0.217 0.192 0.177 0.164 0.152 0.141 0.131 0.121 0.113 0.106 0.100 0.131 0.139 0.084 0.076 0.001 2.316 0.936 0.101 0.103 0.108 0.151 0.632 0.901 0.930 0.287 0.265
-9999.000 -9999.000 -9999.000 -9999.000 -9999.000 -9999.000 -9999.000 -9999.000 -9999.000 -9999.000 -9999.000 -9999.000 -9999.000 -9999.000 -9999.000 -9999.000 -9999.000 -9999.000 -9999.000 -9999.000 -9999.000 -9999.000 -9999.000 -9999.000 -9999.000 -9999.000 -9999.000 -9999.000 2.352 2.523 1.813 1.745 1.700 0.536 0.231 0.214 0.199 0.186 0.172 0.161 0.149 0.139 0.131 0.123 0.116 0.116 0.124 0.090 0.083 0.001 3.076 -9999.000 0.382 0.110 0.111 0.116 0.318 0.778 1.017 1.057 0.329 0.291
-9999.000 -9999.000 -9999.000 -9999.000 -9999.000 -9999.000 -9999.000 -9999.000 -9999.000 -9999.000 -9999.000 -9999.000 -9999.000 -9999.000 -9999.000 -9999.000 -9999.000 -9999.000 -9999.000 -9999.000 -9999.000 -9999.000 -9999.000 -9999.000 -9999.000 -9999.000 -9999.000 -9999.000 2.227 2.206 2.156 1.641 1.484 0.355 0.236 0.221 0.207 0.193 0.180 0.168 0.157 0.146 0.136 0.126 0.117 0.113 0.109 0.092 0.106 0.001 -9999.000 -9999.000 0.151 0.123 0.121 0.128 0.542 0.891 1.096 1.138 0.359 0.317
-9999.000 -9999.000 -9999.000 -9999.000 -9999.000 -9999.000 -9999.000 -9999.000 -9999.000 -9999.000 -9999.000 -9999.000 -9999.000 -9999.000 -9999.000 -9999.000 -9999.000 -9999.000 -9999.000 -9999.000 -9999.000 -9999.000 -9999.000 -9999.000 -9999.000 -9999.000 -9999.000 -9999.000 2.086 2.648 2.413 1.597 1.098 0.265 0.244 0.229 0.214 0.200 0.187 0.174 0.163 0.153 0.144 0.134 0.126 0.136 0.113 0.117 0.149 0.001 -9999.000 0.930 0.148 0.136 0.133 0.181 0.713 1.007 1.896 1.585 0.390 0.343
-9999.000 -9999.000 -9999.000 -9999.000 -9999.000 -9999.000 -9999.000 -9999.000 -9999.000 -9999.000 -9999.000 -9999.000 -9999.000 -9999.000 -9999.000 -9999.000 -9999.000 -9999.000 -9999.000 -9999.000 -9999.000 -9999.000 -9999.000 -9999.000 -9999.000 -9999.000 -9999.000 -9999.000 1.978 2.988 2.278 1.609 0.620 0.268 0.252 0.237 0.222 0.207 0.193 0.181 0.169 0.159 0.151 0.142 0.137 0.132 0.128 0.264 0.201 0.001 -9999.000 0.298 0.154 0.148 0.146 0.256 0.615 1.386 2.743 1.853 0.418 0.367
-9999.000 -9999.000 -9999.000 -9999.000 -9999.000 -9999.000 -9999.000 -9999.000 -9999.000 -9999.000 -9999.000 -9999.000 -9999.000 -9999.000 -9999.000 -9999.000 -9999.000 -9999.000 -9999.000 -9999.000 -9999.000 -9999.000 -9999.000 -9999.000 -9999.000 -9999.000 -9999.000 -9999.000 1.860 2.518 1.796 1.303 0.344 0.277 0.261 0.245 0.229 0.214 0.201 0.187 0.176 0.165 0.156 0.148 0.142 0.137 0.518 1.033 1.543 0.001 5.173 0.141 0.142 0.152 0.162 0.328 0.784 4.246 4.976 1.977 0.437 0.389
-9999.000 -9999.000 -9999.000 -9999.000 -9999.000 -9999.000 -9999.000 -9999.000 -9999.000 -9999.000 -9999.000 -9999.000 -9999.000 -9999.000 -9999.000 -9999.000 -9999.000 -9999.000 -9999.000 -9999.000 -9999.000 -9999.000 -9999.000 -9999.000 -9999.000 -9999.000 -9999.000 -9999.000 1.727 2.086 1.808 0.697 0.301 0.285 0.270 0.254 0.238 0.223 0.209 0.196 0.183 0.173 0.164 0.156 0.149 0.158 0.437 0.711 -9999.000 0.001 0.126 0.129 0.134 0.142 0.169 0.423 1.754 -9999.000 6.187 1.995 0.440 0.412
-9999.000 -9999.000 -9999.000 -9999.000 -9999.000 -9999.000 -9999.000 -9999.000 -9999.000 -9999.000 -9999.000 -9999.000 -9999.000 -9999.000 -9999.000 -9999.000 -9999.000 -9999.000 -9999.000 -9999.000 -9999.000 -9999.000 -9999.000 -9999.000 -9999.000 -9999.000 -9999.000 2.323 1.651 2.412 1.558 0.369 0.304 0.291 0.278 0.263 0.249 0.233 0.219 0.206 0.193 0.182 0.173 0.165 0.158 0.234 0.256 0.596 0.001 -9999.000 0.129 0.133 0.139 0.148 0.186 0.535 3.656 -9999.000 6.343 1.793 0.461 0.437
-9999.000 -9999.000 -9999.000 -9999.000 -9999.000 -9999.000 -9999.000 -9999.000 -9999.000 -9999.000 -9999.000 -9999.000 -9999.000 -9999.000 -9999.000 -9999.000 -9999.000 -9999.000 -9999.000 -9999.000 -9999.000 -9999.000 -9999.000 -9999.000 -9999.000 -9999.000 -9999.000 1.564 1.607 2.639 0.793 0.316 0.302 0.291 0.278 0.268 0.257 0.244 0.231 0.217 0.205 0.194 0.184 0.176 0.170 0.212 0.192 0.001 0.001 -9999.000 0.134 0.139 0.146 0.154 0.217 0.669 9.932 16.166 6.410 1.455 0.483 0.466
-9999.000 -9999.000 -9999.000 -9999.000 -9999.000 -9999.000 -9999.000 -9999.000 -9999.000 -9999.000 -9999.000 -9999.000 -9999.000 -9999.000 -9999.000 -9999.000 -9999.000 -9999.000 -9999.000 -9999.000 -9999.000 -9999.000 -9999.000 -9999.000 -9999.000 4.033 3.993 1.398 1.749 2.125 0.398 0.308 0.295 0.283 0.272 0.262 0.253 0.244 0.236 0.228 0.218 0.207 0.198 0.190 0.197 0.217 0.194 0.001 -9999.000 -9999.000 0.141 0.147 0.154 0.164 0.244 0.929 -9999.000 7.888 4.761 0.984 0.505 0.497
-9999.000 -9999.000 -9999.000 -9999.000 -9999.000 -9999.000 -9999.000 -9999.000 -9999.000 -9999.000 -9999.000 -9999.000 -9999.000 -9999.000 -9999.000 -9999.000 -9999.000 -9999.000 -9999.000 -9999.000 -9999.000 -9999.000 -9999.000 -9999.000 -9999.000 -9999.000 1.702 1.309 1.690 0.869 0.314 0.300 0.287 0.276 0.264 0.254 0.244 0.236 0.228 0.222 0.216 0.211 0.208 0.207 0.377 0.398 0.001 0.001 -9999.000 3.242 0.153 0.157 0.165 0.174 0.263 1.909 -9999.000 8.792 3.617 0.576 0.529 0.526
-9999.000 -9999.000 -9999.000 -9999.000 -9999.000 -9999.000 -9999.000 -9999.000 -9999.000 -9999.000 -9999.000 -9999.000 -9999.000 -9999.000 -9999.000 -9999.000 -9999.000 -9999.000 -9999.000 -9999.000 -9999.000 -9999.000 -9999.000 -9999.000 -9999.000 -9999.000 1.455 1.279 1.697 0.437 0.304 0.292 0.279 0.267 0.256 0.246 0.237 0.228 0.220 0.213 0.208 0.203 0.199 0.209 0.867 2.992 0.001 -9999.000 -9999.000 2.131 0.173 0.172 0.179 0.187 0.231 3.386 -9999.000 10.724 2.075 0.583 0.554 0.555
-9999.000 -9999.000 -9999.000 -9999.000 -9999.000 -9999.000 -9999.000 -9999.000 -9999.000 -9999.000 -9999.000 -9999.000 -9999.000 -9999.000 -9999.000 -9999.000 -9999.000 -9999.000 -9999.000 -9999.000 -9999.000 -9999.000 -9999.000 -9999.000 -9999.000 -9999.000 1.250 1.250 0.787 0.314 0.297 0.284 0.272 0.260 0.249 0.239 0.229 0.221 0.214 0.207 0.201 0.196 0.192 0.244 2.806 0.001 0.001 -9999.000 -9999.000 0.899 0.196 0.191 0.222 0.205 0.221 4.130 10.528 11.992 1.276 0.607 0.583 0.583
-9999.000 -9999.000 -9999.000 -9999.000 -9999.000 -9999.000 -9999.000 -9999.000 -9999.000 -9999.000 -9999.000 -9999.000 -9999.000 -9999.000 -9999.000 -9999.000 -9999.000 -9999.000 -9999.000 -9999.000 -9999.000 -9999.000 -9999.000 -9999.000 -9999.000 -9999.000 1.160 1.026 0.353 0.305 0.291 0.278 0.266 0.254 0.243 0.233 0.224 0.216 0.208 0.201 0.196 0.191 0.187 0.227 3.624 0.001 -9999.000 -9999.000 -9999.000 0.452 0.216 0.214 0.419 0.323 0.238 2.729 7.244 5.549 0.767 0.632 0.615 0.612
-9999.000 -9999.000 -9999.000 -9999.000 -9999.000 -9999.000 -9999.000 -9999.000 -9999.000 -9999.000 -9999.000 -9999.000 -9999.000 -9999.000 -9999.000 -9999.000 -9999.000 -9999.000 -9999.000 -9999.000 -9999.000 -9999.000 -9999.000 -9999.000 -9999.000 -9999.000 1.156 0.500 0.314 0.299 0.286 0.273 0.261 0.249 0.238 0.228 0.219 0.211 0.203 0.196 0.191 0.186 0.183 0.212 0.001 0.001 -9999.000 -9999.000 4.994 0.308 0.233 0.252 0.538 0.428 0.257 1.114 7.348 2.379 0.659 0.656 0.647 0.642
-9999.000 -9999.000 -9999.000 -9999.000 -9999.000 -9999.000 -9999.000 -9999.000 -9999.000 -9999.000 -9999.000 -9999.000 -9999.000 -9999.000 -9999.000 -9999.000 -9999.000 -9999.000 -9999.000 -9999.000 -9999.000 -9999.000 -9999.000 -9999.000 -9999.000 1.918 0.738 0.326 0.309 0.295 0.282 0.269 0.257 0.246 0.236 0.226 0.217 0.208 0.201 0.192 0.187 0.183 0.181 0.001 0.001 0.259 -9999.000 -9999.000 0.437 0.269 0.251 0.377 0.783 0.597 0.280 0.707 5.663 1.129 0.612 0.633 0.661 0.686
-9999.000 -9999.000 -9999.000 -9999.000 -9999.000 -9999.000 -9999.000 -9999.000 -9999.000 -9999.000 -9999.000 -9999.000 -9999.000 -9999.000 -9999.000 -9999.000 -9999.000 -9999.000 -9999.000 -9999.000 -9999.000 -9999.000 -9999.000 -9999.000 -9999.000 -9999.000 0.414 0.319 0.305 0.292 0.278 0.266 0.254 0.244 0.234 0.224 0.216 0.208 0.202 0.197 0.192 0.187 0.194 0.001 0.360 8.626 -9999.000 0.726 0.292 0.286 0.289 0.677 0.806 0.835 0.315 0.493 2.312 0.562 0.568 0.597 0.636 1.481
-9999.000 -9999.000 -9999.000 -9999.000 -9999.000 -9999.000 -9999.000 -9999.000 -9999.000 -9999.000 -9999.000 -9999.000 -9999.000 -9999.000 -9999.000 -9999.000 -9999.000 -9999.000 -9999.000 -9999.000 -9999.000 -9999.000 -9999.000 -9999.000 -9999.000 0.797 0.335 0.316 0.302 0.289 0.276 0.264 0.253 0.243 0.233 0.224 0.216 0.208 0.202 0.197 0.193 0.191 0.001 0.001 -9999.000 -9999.000 0.613 0.292 0.271 0.280 0.455 3.882 2.331 0.871 0.376 0.395 0.681 0.498 0.528 0.568 0.761 -9999.000
-9999.000 -9999.000 -9999.000 -9999.000 -9999.000 -9999.000 -9999.000 -9999.000 -9999.000 -9999.000 -9999.000 -9999.000 -9999.000 -9999.000 -9999.000 -9999.000 -9999.000 -9999.000 -9999.000 -9999.000 -9999.000 -9999.000 -9999.000 -9999.000 1.523 0.373 0.328 0.313 0.300 0.287 0.275 0.263 0.253 0.242 0.233 0.224 0.217 0.211 0.206 0.201 0.197 0.198 0.001 4.601 2.139 0.335 0.262 0.254 0.264 0.371 -9999.000 10.874 3.839 1.119 0.444 0.412 0.435 0.462 0.498 0.563 2.464 -9999.000
-9999.000 -9999.000 -9999.000 -9999.000 -9999.000 -9999.000 -9999.000 -9999.000 -9999.000 -9999.000 -9999.000 -9999.000 -9999.000 -9999.000 -9999.000 -9999.000 -9999.000 -9999.000 -9999.000 -9999.000 -9999.000 -9999.000 -9999.000 -9999.000 0.576 0.340 0.326 0.312 0.299 0.286 0.274 0.263 0.252 0.243 0.234 0.226 0.219 0.213 0.208 0.204 0.202 0.001 0.001 0.216 0.219 0.224 0.231 0.249 0.367 -9999.000 -9999.000 -9999.000 4.643 1.169 0.470 0.434 0.456 0.482 0.527 2.233 -9999.000 -9999.000
-9999.000 -9999.000 -9999.000 -9999.000 -9999.000 -9999.000 -9999.000 -9999.000 -9999.000 -9999.000 -9999.000 -9999.000 -9999.000 -9999.000 -9999.000 -9999.000 -9999.000 -9999.000 -9999.000 -9999.000 -9999.000 -9999.000 -9999.000 1.679 0.367 0.341 0.327 0.315 0.298 0.286 0.274 0.263 0.253 0.244 0.236 0.228 0.222 0.216 0.212 0.208 0.205 0.001 0.222 0.219 0.223 0.228 0.251 -9999.000 -9999.000 -9999.000 -9999.000 -9999.000 3.820 0.894 0.487 0.460 0.481 0.503 1.076 -9999.000 -9999.000 -9999.000
-9999.000 -9999.000 -9999.000 -9999.000 -9999.000 -9999.000 -9999.000 -9999.000 -9999.000 -9999.000 -9999.000 -9999.000 -9999.000 -9999.000 -9999.000 -9999.000 -9999.000 -9999.000 -9999.000 -9999.000 -9999.000 -9999.000 -9999.000 0.734 0.368 0.355 0.348 0.341 0.297 0.286 0.274 0.264 0.255 0.246 0.238 0.232 0.226 0.221 0.216 0.212 0.001 0.001 0.216 0.218 0.222 0.228 0.334 -9999.000 -9999.000 -9999.000 -9999.000 -9999.000 2.653 0.564 0.514 0.492 0.508 0.530 2.643 -9999.000 -9999.000 -9999.000
-9999.000 -9999.000 -9999.000 -9999.000 -9999.000 -9999.000 -9999.000 -9999.000 -9999.000 -9999.000 -9999.000 -9999.000 -9999.000 -9999.000 -9999.000 -9999.000 -9999.000 -9999.000 -9999.000 -9999.000 -9999.000 -9999.000 -9999.000 0.486 0.378 0.368 0.364 0.321 0.297 0.286 0.275 0.266 0.257 0.248 0.242 0.236 0.230 0.226 0.221 0.001 0.001 0.219 0.218 0.221 0.225 0.287 -9999.000 -9999.000 -9999.000 -9999.000 -9999.000 -9999.000 1.239 0.574 0.543 0.528 0.539 1.132 -9999.000 -9999.000 -9999.000 -9999.000
-9999.000 -9999.000 -9999.000 -9999.000 -9999.000 -9999.000 -9999.000 -9999.000 -9999.000 -9999.000 -9999.000 -9999.000 -9999.000 -9999.000 -9999.000 -9999.000 -9999.000 -9999.000 -9999.000 -9999.000 -9999.000 -9999.000 1.634 0.407 0.390 0.393 0.383 0.311 0.298 0.287 0.277 0.268 0.259 0.252 0.245 0.239 0.234 0.231 0.227 0.001 0.224 0.223 0.226 0.225 0.248 -9999.000 -9999.000 -9999.000 -9999.000 -9999.000 -9999.000 3.336 0.638 0.601 0.575 0.569 0.862 3.880 -9999.000 -9999.000 -9999.000 -9999.000
-9999.000 -9999.000 -9999.000 -9999.000 -9999.000 -9999.000 -9999.000 -9999.000 -9999.000 -9999.000 -9999.000 -9999.000 -9999.000 -9999.000 -9999.000 -9999.000 -9999.000 -9999.000 -9999.000 -9999.000 -9999.000 -9999.000 0.665 0.413 0.401 0.389 0.348 0.311 0.299 0.289 0.279 0.270 0.262 0.255 0.249 0.244 0.239 0.235 0.001 0.001 0.236 0.244 0.229 0.232 0.983 -9999.000 -9999.000 -9999.000 -9999.000 -9999.000 8.026 0.759 0.654 0.629 0.609 0.605 2.157 -9999.000 -9999.000 -9999.000 -9999.000 -9999.000
-9999.000 -9999.000 -9999.000 -9999.000 -9999.000 -9999.000 -9999.000 -9999.000 -9999.000 -9999.000 -9999.000 -9999.000 -9999.000 -9999.000 -9999.000 -9999.000 -9999.000 -9999.000 -9999.000 -9999.000 -9999.000 -9999.000 0.455 0.428 0.430 0.417 0.325 0.312 0.301 0.291 0.282 0.273 0.266 0.259 0.253 0.248 0.244 0.241 0.001 0.237 0.246 0.248 0.234 0.279 -9999.000 -9999.000 -9999.000 -9999.000 -9999.000 -9999.000 1.870 0.707 0.679 0.657 0.645 1.145 -9999.000 -9999.000 -9999.000 -9999.000 -9999.000 -9999.000
-9999.000 -9999.000 -9999.000 -9999.000 -9999.000 -9999.000 -9999.000 -9999.000 -9999.000 -9999.000 -9999.000 -9999.000 -9999.000 -9999.000 -9999.000 -9999.000 -9999.000 -9999.000 -9999.000 -9999.000 -9999.000 1.073 0.409 0.417 0.420 0.363 0.324 0.313 0.303 0.293 0.284 0.277 0.269 0.263 0.258 0.253 0.249 0.001 0.001 0.243 0.249 0.251 0.247 -9999.000 -9999.000 -9999.000 -9999.000 -9999.000 -9999.000 3.700 0.761 0.728 0.705 0.687 0.679 3.623 -9999.000 -9999.000 -9999.000 -9999.000 -9999.000 -9999.000
