LISFLOOD/results/run11.mxe
ncols         413
nrows         307
xllcorner     341179.518085
yllcorner     4516729.658735
cellsize      10.000000
NODATA_value  -9999.000000
[rows 28 to 55 of 307, columns 248 to 309 of 413]
135.605 135.644 135.683 135.723 135.763 135.804 135.845 135.887 135.929 135.972 136.015 136.058 136.102 136.147 136.192 136.238 136.284 136.330 136.377 136.424 136.472 136.521 136.569 136.618 136.668 136.718 136.768 136.819 136.870 136.922 136.973 137.026 137.078 137.131 137.184 137.237 137.291 137.345 137.399 137.454 137.508 137.563 137.618 137.674 137.729 137.785 137.841 137.897 137.954 138.010 138.067 138.123 138.180 138.237 138.294 138.352 138.409 138.466 138.523 138.581 138.638 138.696
135.609 135.648 135.687 135.727 135.767 135.808 135.849 135.891 135.933 135.976 136.019 136.063 136.107 136.152 136.197 136.242 136.289 136.335 136.382 136.429 136.477 136.526 136.574 136.624 136.673 136.723 136.774 136.824 136.876 136.927 136.979 137.031 137.084 137.137 137.190 137.243 137.297 137.351 137.405 137.460 137.515 137.570 137.625 137.681 137.736 137.792 137.848 137.905 137.961 138.018 138.074 138.131 138.188 138.246 138.303 138.360 138.418 138.475 138.533 138.591 138.649 138.706
135.613 135.652 135.691 135.731 135.772 135.812 135.854 135.896 135.938 135.981 136.024 136.068 136.112 136.157 136.202 136.247 136.294 136.340 136.387 136.435 136.483 136.531 136.580 136.629 136.679 136.729 136.779 136.830 136.881 136.933 136.985 137.037 137.090 137.143 137.196 137.249 137.303 137.357 137.412 137.466 137.521 137.576 137.632 137.687 137.743 137.799 137.856 137.912 137.969 138.025 138.082 138.140 138.197 138.254 138.312 138.369 138.427 138.485 138.543 138.601 138.659 138.717
135.618 135.656 135.696 135.736 135.776 135.817 135.858 135.900 135.943 135.985 136.029 136.073 136.117 136.162 136.207 136.253 136.299 136.346 136.393 136.440 136.488 136.537 136.586 136.635 136.685 136.735 136.785 136.836 136.887 136.939 136.991 137.043 137.096 137.149 137.202 137.256 137.310 137.364 137.418 137.473 137.528 137.583 137.639 137.695 137.751 137.807 137.863 137.920 137.977 138.034 138.091 138.148 138.206 138.263 138.321 138.379 138.437 138.495 138.553 138.612 138.670 138.729
135.622 135.661 135.700 135.740 135.781 135.822 135.863 135.905 135.947 135.990 136.034 136.078 136.122 136.167 136.212 136.258 136.304 136.351 136.398 136.446 136.494 136.542 136.591 136.641 136.690 136.741 136.791 136.842 136.893 136.945 136.997 137.050 137.102 137.155 137.209 137.262 137.316 137.371 137.425 137.480 137.535 137.591 137.646 137.702 137.758 137.815 137.871 137.928 137.985 138.042 138.099 138.157 138.215 138.272 138.330 138.389 138.447 138.505 138.564 138.623 138.681 138.740
135.627 135.666 135.705 135.745 135.785 135.826 135.868 135.910 135.952 135.995 136.039 136.083 136.127 136.172 136.218 136.263 136.310 136.357 136.404 136.452 136.500 136.548 136.597 136.647 136.697 136.747 136.797 136.848 136.900 136.952 137.004 137.056 137.109 137.162 137.216 137.269 137.323 137.378 137.433 137.488 137.543 137.598 137.654 137.710 137.766 137.823 137.879 137.936 137.993 138.051 138.108 138.166 138.224 138.282 138.340 138.399 138.457 138.516 138.575 138.634 138.693 138.752
135.632 135.670 135.710 135.750 135.790 135.831 135.873 135.915 135.958 136.001 136.044 136.088 136.133 136.178 136.223 136.269 136.316 136.362 136.410 136.457 136.506 136.554 136.603 136.653 136.703 136.753 136.804 136.855 136.906 136.958 137.010 137.063 137.116 137.169 137.223 137.277 137.331 137.385 137.440 137.495 137.550 137.606 137.662 137.718 137.774 137.831 137.888 137.945 138.002 138.060 138.118 138.175 138.234 138.292 138.350 138.409 138.468 138.527 138.586 138.645 138.705 138.764
135.636 135.675 135.715 135.755 135.795 135.837 135.878 135.920 135.963 136.006 136.050 136.094 136.138 136.183 136.229 136.275 136.321 136.368 136.416 136.464 136.512 136.561 136.610 136.659 136.709 136.760 136.810 136.862 136.913 136.965 137.017 137.070 137.123 137.176 137.230 137.284 137.338 137.393 137.448 137.503 137.558 137.614 137.670 137.726 137.783 137.840 137.897 137.954 138.011 138.069 138.127 138.185 138.243 138.302 138.361 138.420 138.479 138.538 138.597 138.657 138.717 138.776
135.641 135.680 135.720 135.760 135.801 135.842 135.883 135.926 135.968 136.011 136.055 136.099 136.144 136.189 136.235 136.281 136.327 136.374 136.422 136.470 136.518 136.567 136.616 136.666 136.716 136.766 136.817 136.869 136.920 136.972 137.025 137.077 137.130 137.184 137.237 137.292 137.346 137.401 137.456 137.511 137.567 137.622 137.679 137.735 137.792 137.848 137.906 137.963 138.021 138.079 138.137 138.195 138.254 138.312 138.371 138.430 138.490 138.549 138.609 138.669 138.729 138.789
135.646 135.686 135.725 135.765 135.806 135.847 135.889 135.931 135.974 136.017 136.061 136.105 136.150 136.195 136.241 136.287 136.334 136.381 136.428 136.476 136.525 136.574 136.623 136.673 136.723 136.773 136.824 136.876 136.927 136.979 137.032 137.085 137.138 137.191 137.245 137.299 137.354 137.409 137.464 137.519 137.575 137.631 137.687 137.744 137.801 137.858 137.915 137.972 138.030 138.088 138.147 138.205 138.264 138.323 138.382 138.441 138.501 138.561 138.621 138.681 138.741 138.802
135.652 135.691 135.730 135.771 135.811 135.853 135.894 135.937 135.980 136.023 136.067 136.111 136.156 136.201 136.247 136.293 136.340 136.387 136.435 136.483 136.532 136.580 136.630 136.680 136.730 136.781 136.832 136.883 136.935 136.987 137.039 137.092 137.146 137.199 137.253 137.307 137.362 137.417 137.472 137.528 137.584 137.640 137.696 137.753 137.810 137.867 137.924 137.982 138.040 138.098 138.157 138.215 138.274 138.334 138.393 138.453 138.512 138.572 138.633 138.693 138.754 138.815
135.657 135.696 135.736 135.776 135.817 135.858 135.900 135.943 135.985 136.029 136.073 136.117 136.162 136.208 136.253 136.300 136.347 136.394 136.442 136.490 136.538 136.587 136.637 136.687 136.737 136.788 136.839 136.890 136.942 136.995 137.047 137.100 137.154 137.207 137.261 137.316 137.370 137.425 137.481 137.536 137.592 137.649 137.705 137.762 137.819 137.876 137.934 137.992 138.050 138.108 138.167 138.226 138.285 138.345 138.404 138.464 138.524 138.584 138.645 138.706 138.767 138.828
135.662 135.702 135.741 135.782 135.823 135.864 135.906 135.948 135.991 136.035 136.079 136.123 136.168 136.214 136.260 136.306 136.353 136.401 136.448 136.497 136.545 136.595 136.644 136.694 136.745 136.795 136.847 136.898 136.950 137.002 137.055 137.108 137.162 137.216 137.270 137.324 137.379 137.434 137.490 137.545 137.601 137.658 137.714 137.771 137.829 137.886 137.944 138.002 138.060 138.119 138.178 138.237 138.296 138.356 138.416 138.476 138.536 138.597 138.657 138.718 138.780 138.841
135.668 135.707 135.747 135.787 135.828 135.870 135.912 135.954 135.998 136.041 136.085 136.130 136.175 136.221 136.267 136.313 136.360 136.408 136.456 136.504 136.553 136.602 136.652 136.702 136.752 136.803 136.854 136.906 136.958 137.011 137.063 137.117 137.170 137.224 137.278 137.333 137.388 137.443 137.499 137.554 137.611 137.667 137.724 137.781 137.838 137.896 137.954 138.012 138.071 138.129 138.188 138.248 138.307 138.367 138.427 138.487 138.548 138.609 138.670 138.731 138.793 138.855
135.673 135.713 135.753 135.793 135.834 135.876 135.918 135.961 136.004 136.047 136.092 136.136 136.182 136.227 136.273 136.320 136.367 136.415 136.463 136.511 136.560 136.609 136.659 136.709 136.760 136.811 136.862 136.914 136.966 137.019 137.072 137.125 137.179 137.233 137.287 137.342 137.397 137.452 137.508 137.564 137.620 137.677 137.734 137.791 137.848 137.906 137.964 138.023 138.081 138.140 138.199 138.259 138.319 138.379 138.439 138.499 138.560 138.621 138.683 138.744 138.806 138.868
135.679 135.718 135.758 135.799 135.840 135.882 135.924 135.967 136.010 136.054 136.098 136.143 136.188 136.234 136.280 136.327 136.374 136.422 136.470 136.519 136.568 136.617 136.667 136.717 136.768 136.819 136.870 136.922 136.975 137.027 137.080 137.134 137.187 137.242 137.296 137.351 137.406 137.461 137.517 137.573 137.630 137.687 137.744 137.801 137.859 137.916 137.975 138.033 138.092 138.151 138.210 138.270 138.330 138.390 138.451 138.511 138.572 138.634 138.695 138.757 138.819 138.882
135.685 135.724 135.764 135.805 135.846 135.888 135.930 135.973 136.017 136.060 136.105 136.150 136.195 136.241 136.287 136.334 136.382 136.429 136.478 136.526 136.575 136.625 136.675 136.725 136.776 136.827 136.879 136.931 136.983 137.036 137.089 137.143 137.196 137.251 137.305 137.360 137.415 137.471 137.527 137.583 137.640 137.696 137.754 137.811 137.869 137.927 137.985 138.044 138.103 138.162 138.222 138.282 138.342 138.402 138.463 138.524 138.585 138.646 138.708 138.770 138.833 138.895
135.690 135.730 135.770 135.811 135.852 135.894 135.937 135.980 136.023 136.067 136.112 136.157 136.202 136.248 136.295 136.342 136.389 136.437 136.485 136.534 136.583 136.633 136.683 136.733 136.784 136.836 136.887 136.939 136.992 137.045 137.098 137.152 137.206 137.260 137.315 137.370 137.425 137.481 137.537 137.593 137.650 137.707 137.764 137.822 137.879 137.938 137.996 138.055 138.114 138.173 138.233 138.293 138.353 138.414 138.475 138.536 138.597 138.659 138.721 138.783 138.846 138.909
135.696 135.736 135.776 135.817 135.859 135.901 135.943 135.986 136.030 136.074 136.119 136.164 136.209 136.256 136.302 136.349 136.397 136.445 136.493 136.542 136.591 136.641 136.691 136.742 136.793 136.844 136.896 136.948 137.001 137.054 137.107 137.161 137.215 137.269 137.324 137.379 137.435 137.490 137.547 137.603 137.660 137.717 137.774 137.832 137.890 137.948 138.007 138.066 138.125 138.185 138.245 138.305 138.365 138.426 138.487 138.548 138.610 138.672 138.734 138.797 138.860 138.923
135.702 135.742 135.782 135.823 135.865 135.907 135.950 135.993 136.037 136.081 136.126 136.171 136.217 136.263 136.310 136.357 136.405 136.453 136.501 136.550 136.600 136.649 136.700 136.750 136.801 136.853 136.905 136.957 137.010 137.063 137.116 137.170 137.224 137.279 137.334 137.389 137.445 137.501 137.557 137.613 137.670 137.727 137.785 137.843 137.901 137.959 138.018 138.077 138.137 138.196 138.256 138.317 138.377 138.438 138.499 138.561 138.623 138.685 138.747 138.810 138.873 138.936
135.708 135.748 135.789 135.830 135.872 135.914 135.957 136.000 136.044 136.088 136.133 136.178 136.224 136.271 136.317 136.365 136.412 136.461 136.509 136.558 136.608 136.658 136.708 136.759 136.810 136.862 136.914 136.966 137.019 137.072 137.126 137.180 137.234 137.289 137.344 137.399 137.455 137.511 137.567 137.624 137.681 137.738 137.796 137.854 137.912 137.971 138.030 138.089 138.148 138.208 138.268 138.329 138.389 138.450 138.512 138.573 138.635 138.698 138.760 138.823 138.886 138.950
135.714 135.754 135.795 135.836 135.878 135.921 135.963 136.007 136.051 136.095 136.140 136.186 136.232 136.278 136.325 136.373 136.421 136.469 136.518 136.567 136.617 136.667 136.717 136.768 136.819 136.871 136.923 136.976 137.029 137.082 137.136 137.190 137.244 137.299 137.354 137.409 137.465 137.521 137.578 137.634 137.692 137.749 137.807 137.865 137.923 137.982 138.041 138.100 138.160 138.220 138.280 138.341 138.402 138.463 138.524 138.586 138.648 138.711 138.773 138.837 138.900 138.964
135.720 135.761 135.801 135.843 135.885 135.927 135.970 136.014 136.058 136.103 136.148 136.193 136.240 136.286 136.333 136.381 136.429 136.477 136.526 136.575 136.625 136.675 136.726 136.777 136.829 136.880 136.933 136.985 137.038 137.092 137.145 137.199 137.254 137.309 137.364 137.420 137.475 137.532 137.588 137.645 137.702 137.760 137.818 137.876 137.935 137.993 138.053 138.112 138.172 138.232 138.292 138.353 138.414 138.475 138.537 138.599 138.661 138.724 138.787 138.850 138.914 138.977
135.726 135.767 135.808 135.849 135.892 135.934 135.977 136.021 136.065 136.110 136.155 136.201 136.247 136.294 136.341 136.389 136.437 136.486 136.535 136.584 136.634 136.684 136.735 136.786 136.838 136.890 136.942 136.995 137.048 137.102 137.155 137.210 137.264 137.319 137.374 137.430 137.486 137.542 137.599 137.656 137.713 137.771 137.829 137.887 137.946 138.005 138.064 138.124 138.184 138.244 138.304 138.365 138.426 138.488 138.550 138.612 138.674 138.737 138.800 138.863 138.927 138.991
135.733 135.773 135.814 135.856 135.898 135.941 135.985 136.028 136.073 136.118 136.163 136.209 136.255 136.302 136.350 136.398 136.446 136.494 136.544 136.593 136.643 136.694 136.745 136.796 136.847 136.899 136.952 137.005 137.058 137.112 137.166 137.220 137.275 137.330 137.385 137.441 137.497 137.553 137.610 137.667 137.725 137.782 137.841 137.899 137.958 138.017 138.076 138.136 138.196 138.256 138.317 138.378 138.439 138.500 138.562 138.625 138.687 138.750 138.813 138.877 138.941 139.005
135.739 135.780 135.821 135.863 135.905 135.948 135.992 136.036 136.080 136.126 136.171 136.217 136.264 136.311 136.358 136.406 136.454 136.503 136.553 136.602 136.652 136.703 136.754 136.805 136.857 136.909 136.962 137.015 137.068 137.122 137.176 137.230 137.285 137.340 137.396 137.452 137.508 137.564 137.621 137.679 137.736 137.794 137.852 137.911 137.969 138.029 138.088 138.148 138.208 138.268 138.329 138.390 138.451 138.513 138.575 138.637 138.700 138.763 138.826 138.890 138.954 139.018
135.745 135.786 135.828 135.870 135.912 135.956 135.999 136.043 136.088 136.133 136.179 136.225 136.272 136.319 136.367 136.415 136.463 136.512 136.562 136.612 136.662 136.713 136.764 136.815 136.867 136.919 136.972 137.025 137.078 137.132 137.186 137.241 137.296 137.351 137.407 137.463 137.519 137.576 137.633 137.690 137.748 137.806 137.864 137.922 137.981 138.041 138.100 138.160 138.220 138.281 138.342 138.403 138.464 138.526 138.588 138.650 138.713 138.776 138.840 138.903 138.968 139.032
135.752 135.793 135.835 135.877 135.920 135.963 136.007 136.051 136.096 136.141 136.187 136.234 136.280 136.328 136.376 136.424 136.472 136.522 136.571 136.621 136.671 136.722 136.773 136.825 136.877 136.929 136.982 137.035 137.089 137.143 137.197 137.252 137.307 137.362 137.418 137.474 137.530 137.587 137.644 137.702 137.759 137.817 137.876 137.934 137.993 138.053 138.112 138.172 138.233 138.293 138.354 138.415 138.477 138.539 138.601 138.663 138.726 138.789 138.853 138.917 138.981 139.046
