LISFLOOD/results/run12.totaltm
ncols         413
nrows         307
xllcorner     341179.518085
yllcorner     4516729.658735
cellsize      10.000000
NODATA_value  -9999.000000
[rows 264 to 296 of 307, columns 225 to 299 of 413]
26.166 26.204 26.243 26.282 26.321 26.360 26.400 26.441 26.484 26.529 26.578 26.628 26.680 26.733 26.784 26.834 26.882 26.929 26.973 27.019 27.064 27.107 27.148 27.188 27.227 27.263 27.298 27.332 27.365 27.396 27.425 27.453 27.479 27.505 27.528 27.551 27.571 27.590 27.607 27.623 27.638 27.651 27.662 27.672 27.680 27.686 27.236 26.693 26.580 26.700 26.667 26.773 27.193 27.343 26.848 26.717 26.679 26.721 26.747 26.752 26.729 26.706 26.708 26.708 26.707 26.707 26.712 26.713 26.644 26.523 26.428 26.389 26.323 26.237 26.261
26.154 26.193 26.231 26.270 26.309 26.348 26.387 26.428 26.471 26.515 26.562 26.612 26.663 26.716 26.767 26.817 26.866 26.913 26.960 27.004 27.047 27.089 27.128 27.168 27.207 27.244 27.280 27.314 27.347 27.378 27.407 27.435 27.462 27.487 27.511 27.532 27.553 27.572 27.589 27.606 27.620 27.633 27.644 27.654 27.662 27.658 26.811 26.482 26.482 26.677 26.630 26.750 27.137 27.319 26.836 26.700 26.611 26.694 26.738 26.738 26.702 26.688 26.689 26.689 26.692 26.695 26.702 26.704 26.630 26.489 26.403 26.363 26.293 26.227 26.218
26.142 26.180 26.219 26.257 26.296 26.334 26.374 26.414 26.456 26.499 26.546 26.594 26.645 26.697 26.748 26.798 26.847 26.894 26.941 26.985 27.028 27.071 27.112 27.151 27.189 27.226 27.259 27.293 27.326 27.358 27.387 27.416 27.442 27.467 27.491 27.513 27.533 27.552 27.569 27.586 27.600 27.613 27.624 27.633 27.640 27.606 26.696 26.402 26.449 26.657 26.603 26.732 27.172 27.294 26.826 26.656 26.552 26.662 26.727 26.720 26.684 26.673 26.671 26.671 26.676 26.680 26.686 26.687 26.607 26.467 26.381 26.337 26.261 26.217 26.185
26.128 26.166 26.205 26.243 26.282 26.321 26.359 26.399 26.441 26.483 26.528 26.575 26.625 26.676 26.727 26.777 26.826 26.874 26.920 26.964 27.008 27.051 27.091 27.131 27.168 27.205 27.241 27.274 27.307 27.338 27.367 27.394 27.421 27.446 27.469 27.492 27.512 27.531 27.548 27.564 27.578 27.591 27.602 27.611 27.616 27.430 26.547 26.267 26.414 26.636 26.611 26.716 27.216 27.268 26.814 26.594 26.523 26.642 26.715 26.703 26.660 26.656 26.652 26.652 26.659 26.663 26.668 26.667 26.591 26.444 26.356 26.308 26.229 26.189 26.168
26.113 26.152 26.190 26.228 26.267 26.305 26.344 26.383 26.424 26.466 26.509 26.555 26.603 26.654 26.704 26.755 26.804 26.852 26.898 26.943 26.986 27.028 27.069 27.108 27.146 27.183 27.218 27.252 27.284 27.315 27.344 27.372 27.399 27.424 27.447 27.468 27.488 27.508 27.525 27.541 27.554 27.567 27.577 27.585 27.589 26.837 26.358 26.249 26.370 26.587 26.583 26.697 27.194 27.241 26.803 26.569 26.489 26.623 26.704 26.681 26.640 26.636 26.634 26.636 26.645 26.652 26.652 26.653 26.588 26.421 26.329 26.276 26.201 26.165 26.151
26.096 26.135 26.173 26.212 26.251 26.289 26.327 26.366 26.406 26.447 26.489 26.534 26.581 26.631 26.681 26.731 26.780 26.828 26.874 26.919 26.962 27.004 27.045 27.084 27.123 27.159 27.194 27.228 27.260 27.291 27.320 27.348 27.374 27.399 27.423 27.444 27.465 27.483 27.501 27.515 27.529 27.541 27.550 27.557 27.556 26.752 26.244 26.253 26.336 26.498 26.502 26.658 27.153 27.211 26.789 26.538 26.428 26.603 26.693 26.659 26.609 26.593 26.614 26.618 26.624 26.640 26.639 26.639 26.590 26.396 26.303 26.246 26.165 26.143 26.132
26.084 26.122 26.159 26.197 26.232 26.270 26.308 26.347 26.386 26.427 26.468 26.512 26.557 26.605 26.654 26.704 26.754 26.802 26.848 26.893 26.937 26.979 27.020 27.059 27.097 27.134 27.169 27.202 27.234 27.265 27.294 27.322 27.348 27.373 27.396 27.418 27.438 27.457 27.473 27.488 27.502 27.513 27.522 27.527 27.488 26.595 26.258 26.277 26.320 26.447 26.415 26.619 27.089 27.176 26.772 26.467 26.391 26.600 26.680 26.624 26.567 26.569 26.586 26.593 26.603 26.626 26.619 26.619 26.560 26.372 26.266 26.156 25.969 26.116 26.109
26.069 26.107 26.144 26.182 26.220 26.258 26.295 26.333 26.371 26.409 26.448 26.487 26.531 26.577 26.626 26.676 26.725 26.773 26.820 26.865 26.909 26.952 26.992 27.032 27.070 27.106 27.142 27.175 27.207 27.238 27.267 27.294 27.321 27.345 27.368 27.389 27.409 27.428 27.444 27.459 27.472 27.483 27.491 27.496 27.139 26.306 26.209 26.237 26.256 26.291 26.266 26.585 27.012 27.136 26.761 26.445 26.371 26.611 26.665 26.572 26.517 26.543 26.563 26.578 26.593 26.613 26.603 26.598 26.526 26.322 26.189 26.083 25.924 26.077 26.081
26.053 26.092 26.129 26.167 26.204 26.241 26.278 26.315 26.352 26.390 26.429 26.469 26.512 26.556 26.603 26.650 26.697 26.742 26.788 26.834 26.878 26.921 26.962 27.002 27.040 27.077 27.112 27.146 27.178 27.208 27.237 27.265 27.291 27.315 27.338 27.359 27.379 27.397 27.413 27.427 27.440 27.451 27.458 27.461 26.727 26.106 26.126 26.168 26.188 26.162 26.164 26.528 26.912 27.092 26.757 26.424 26.410 26.616 26.652 26.533 26.474 26.513 26.539 26.562 26.586 26.597 26.578 26.566 26.494 26.262 26.102 26.039 25.924 26.006 26.030
26.037 26.075 26.112 26.150 26.187 26.223 26.260 26.297 26.333 26.371 26.409 26.448 26.489 26.531 26.576 26.622 26.668 26.716 26.763 26.808 26.852 26.894 26.934 26.974 27.012 27.048 27.080 27.114 27.146 27.177 27.206 27.233 27.259 27.283 27.306 27.327 27.347 27.364 27.380 27.394 27.406 27.416 27.422 27.416 26.569 25.806 25.839 26.134 26.152 26.119 26.124 26.427 26.776 27.052 26.768 26.405 26.377 26.576 26.631 26.505 26.319 26.404 26.512 26.548 26.574 26.583 26.561 26.546 26.468 26.224 26.057 25.991 25.942 25.919 25.939
26.019 26.057 26.095 26.132 26.169 26.205 26.242 26.278 26.314 26.351 26.388 26.426 26.466 26.506 26.548 26.593 26.639 26.686 26.732 26.777 26.821 26.863 26.903 26.942 26.979 27.016 27.050 27.084 27.116 27.146 27.175 27.202 27.226 27.249 27.272 27.293 27.312 27.329 27.345 27.358 27.369 27.378 27.383 27.332 26.302 25.672 25.732 26.098 26.116 26.076 25.968 26.251 26.684 27.012 26.856 26.467 26.477 26.539 26.608 26.481 26.281 26.371 26.483 26.534 26.563 26.568 26.541 26.524 26.422 26.167 26.013 25.978 25.943 25.906 25.911
26.001 26.038 26.076 26.113 26.150 26.186 26.222 26.258 26.294 26.330 26.367 26.404 26.442 26.481 26.521 26.564 26.608 26.654 26.700 26.744 26.788 26.829 26.870 26.908 26.946 26.982 27.017 27.050 27.082 27.112 27.140 27.167 27.192 27.216 27.238 27.259 27.278 27.292 27.307 27.320 27.331 27.338 27.343 26.969 25.926 25.613 25.697 26.069 26.083 25.879 25.723 26.039 26.569 26.953 26.911 26.554 26.494 26.510 26.583 26.458 26.234 26.333 26.456 26.521 26.553 26.548 26.518 26.498 26.342 26.117 25.972 25.959 25.868 25.862 25.889
25.982 26.017 26.055 26.092 26.129 26.166 26.202 26.237 26.273 26.309 26.344 26.381 26.417 26.455 26.494 26.535 26.577 26.621 26.666 26.710 26.753 26.794 26.835 26.873 26.911 26.947 26.981 27.014 27.046 27.076 27.104 27.130 27.155 27.179 27.201 27.221 27.239 27.255 27.270 27.282 27.292 27.299 27.303 26.646 25.538 25.456 25.805 26.041 26.048 25.824 25.688 25.818 26.376 26.811 26.879 26.658 26.479 26.401 26.539 26.434 26.168 26.301 26.431 26.513 26.541 26.528 26.494 26.473 26.279 26.073 26.016 25.984 25.697 25.824 25.862
25.963 26.001 26.038 26.074 26.110 26.146 26.179 26.215 26.251 26.286 26.322 26.357 26.393 26.429 26.467 26.505 26.546 26.588 26.631 26.674 26.717 26.758 26.798 26.837 26.874 26.909 26.944 26.977 27.008 27.038 27.066 27.092 27.117 27.140 27.162 27.182 27.199 27.214 27.228 27.240 27.249 27.256 27.248 26.412 25.081 25.113 25.773 26.012 26.014 25.781 25.668 25.692 26.113 26.670 26.841 26.734 26.466 26.466 26.492 26.379 26.119 26.284 26.409 26.502 26.529 26.507 26.470 26.432 26.246 26.028 25.993 25.861 25.802 25.801 25.864
25.944 25.981 26.018 26.054 26.089 26.125 26.161 26.196 26.230 26.264 26.297 26.332 26.367 26.402 26.438 26.476 26.513 26.553 26.594 26.636 26.678 26.719 26.759 26.798 26.835 26.871 26.905 26.938 26.968 26.998 27.026 27.052 27.076 27.099 27.121 27.140 27.157 27.172 27.186 27.197 27.205 27.211 27.138 25.967 24.766 24.833 25.730 25.980 25.979 25.776 25.635 25.636 25.826 26.485 26.782 26.751 26.558 26.447 26.458 26.306 26.084 26.257 26.391 26.492 26.517 26.482 26.440 26.374 26.213 26.001 25.946 25.179 25.753 25.779 25.877
25.923 25.961 25.997 26.033 26.068 26.104 26.138 26.173 26.207 26.241 26.276 26.309 26.343 26.377 26.409 26.444 26.480 26.517 26.553 26.602 26.642 26.678 26.718 26.757 26.794 26.829 26.863 26.896 26.927 26.956 26.983 27.009 27.034 27.057 27.077 27.096 27.113 27.127 27.141 27.151 27.159 27.164 26.603 25.157 24.451 24.585 25.607 25.945 25.954 25.824 25.572 25.570 25.579 26.193 26.668 26.725 26.676 26.428 26.413 26.219 26.055 26.215 26.371 26.479 26.504 26.459 26.400 26.304 26.181 26.034 25.811 23.493 25.621 25.753 25.860
25.902 25.939 25.975 26.011 26.047 26.082 26.116 26.151 26.184 26.218 26.251 26.284 26.318 26.351 26.384 26.418 26.453 26.488 26.526 26.565 26.602 26.641 26.680 26.718 26.755 26.790 26.824 26.856 26.883 26.912 26.939 26.965 26.989 27.012 27.032 27.051 27.067 27.081 27.094 27.104 27.112 27.103 26.241 24.036 23.593 24.416 25.435 25.906 25.931 25.898 25.537 25.512 25.437 25.783 26.428 26.691 26.676 26.482 26.315 26.076 25.962 26.161 26.349 26.467 26.486 26.432 26.367 26.260 26.160 26.004 25.517 25.179 25.384 25.723 25.834
25.879 25.917 25.953 25.988 26.024 26.059 26.093 26.127 26.161 26.194 26.227 26.259 26.292 26.324 26.357 26.391 26.424 26.458 26.493 26.529 26.564 26.601 26.638 26.676 26.712 26.747 26.780 26.811 26.841 26.870 26.897 26.922 26.946 26.964 26.984 27.003 27.019 27.033 27.045 27.054 27.061 26.922 25.639 23.592 23.599 24.535 25.377 25.859 25.907 25.877 25.714 25.468 25.396 25.457 26.053 26.559 26.660 26.611 26.280 26.011 25.724 26.101 26.333 26.456 26.463 26.409 26.339 26.229 26.132 25.907 25.035 25.077 25.273 25.771 25.808
25.856 25.892 25.929 25.965 26.000 26.035 26.069 26.103 26.136 26.169 26.202 26.234 26.266 26.298 26.331 26.363 26.395 26.427 26.460 26.493 26.527 26.561 26.597 26.632 26.667 26.702 26.734 26.765 26.794 26.823 26.850 26.875 26.898 26.918 26.938 26.956 26.972 26.986 26.994 27.003 27.008 26.471 24.516 23.641 23.756 24.528 25.267 25.807 25.879 25.849 25.824 25.421 25.174 25.156 25.688 26.269 26.625 26.611 26.437 26.003 25.912 26.066 26.353 26.443 26.434 26.390 26.315 26.203 26.085 25.652 24.733 24.994 25.475 25.754 25.782
25.834 25.870 25.906 25.939 25.974 26.009 26.043 26.077 26.111 26.144 26.176 26.208 26.240 26.272 26.303 26.334 26.366 26.397 26.428 26.459 26.490 26.523 26.556 26.589 26.622 26.655 26.687 26.718 26.747 26.776 26.802 26.827 26.849 26.868 26.888 26.906 26.922 26.935 26.944 26.953 26.958 26.156 23.591 22.889 23.553 24.503 25.204 25.742 25.819 25.827 25.810 25.379 25.112 25.107 25.292 25.872 26.403 26.595 26.563 26.267 25.990 26.023 26.332 26.421 26.403 26.375 26.325 26.187 25.998 25.274 25.198 25.187 25.678 25.728 25.751
25.810 25.846 25.882 25.917 25.952 25.987 26.021 26.054 26.087 26.119 26.149 26.181 26.212 26.243 26.274 26.305 26.336 26.366 26.396 26.425 26.455 26.485 26.516 26.547 26.578 26.609 26.639 26.669 26.698 26.726 26.752 26.776 26.798 26.818 26.837 26.854 26.869 26.882 26.889 26.898 26.853 25.603 23.009 22.970 23.589 24.648 25.139 25.696 25.784 25.804 25.794 25.472 25.065 25.054 24.814 25.513 26.004 26.539 26.551 26.494 26.084 26.102 26.268 26.388 26.378 26.363 26.319 26.151 25.819 24.839 25.076 25.171 25.673 25.702 25.717
25.786 25.822 25.857 25.893 25.928 25.962 25.996 26.028 26.061 26.093 26.124 26.156 26.187 26.218 26.248 26.278 26.307 26.337 26.365 26.392 26.420 26.448 26.477 26.506 26.534 26.563 26.592 26.620 26.648 26.674 26.700 26.723 26.745 26.765 26.784 26.801 26.815 26.827 26.834 26.841 26.557 24.779 23.073 23.182 23.991 24.697 25.168 25.702 25.749 25.781 25.776 25.576 25.157 25.004 24.506 25.067 25.669 26.228 26.521 26.508 26.244 26.159 26.181 26.307 26.357 26.348 26.288 26.094 25.538 24.889 24.941 25.193 25.648 25.673 25.683
25.761 25.797 25.832 25.868 25.902 25.936 25.969 26.002 26.034 26.066 26.098 26.129 26.159 26.190 26.219 26.249 26.278 26.306 26.333 26.361 26.388 26.415 26.442 26.469 26.493 26.519 26.546 26.572 26.598 26.623 26.647 26.670 26.691 26.711 26.729 26.745 26.758 26.769 26.777 26.781 26.199 23.801 22.789 23.082 24.268 24.661 25.154 25.661 25.692 25.752 25.758 25.573 25.121 24.968 24.628 24.764 25.387 25.853 26.365 26.492 26.402 26.138 26.132 26.211 26.332 26.332 26.257 26.047 25.397 25.312 25.274 25.418 25.624 25.641 25.649
25.735 25.771 25.807 25.842 25.876 25.909 25.943 25.976 26.008 26.039 26.071 26.102 26.132 26.162 26.191 26.219 26.247 26.274 26.302 26.328 26.355 26.381 26.406 26.431 26.456 26.481 26.505 26.529 26.549 26.573 26.595 26.616 26.636 26.655 26.672 26.687 26.699 26.709 26.717 26.702 25.684 23.133 22.740 23.003 24.111 24.596 25.114 25.608 25.622 25.722 25.737 25.509 25.069 25.027 24.624 24.633 25.007 25.579 26.154 26.472 26.444 26.117 26.100 26.117 26.288 26.308 26.227 26.017 25.281 25.271 25.299 25.649 25.648 25.612 25.617
25.708 25.744 25.779 25.814 25.849 25.882 25.916 25.948 25.980 26.012 26.043 26.073 26.103 26.132 26.161 26.189 26.217 26.243 26.270 26.296 26.322 26.347 26.371 26.394 26.418 26.441 26.464 26.486 26.507 26.528 26.548 26.568 26.582 26.599 26.615 26.629 26.641 26.649 26.656 26.487 24.871 23.249 22.874 22.958 24.045 24.555 25.078 25.564 25.633 25.701 25.718 25.490 25.092 25.047 24.724 24.513 24.437 25.260 25.936 26.451 26.437 26.097 26.058 26.028 26.257 26.282 26.185 25.969 25.925 25.897 25.881 25.829 25.742 25.643 25.587
25.680 25.716 25.752 25.787 25.821 25.854 25.887 25.919 25.952 25.983 26.014 26.044 26.074 26.103 26.131 26.159 26.186 26.212 26.238 26.263 26.288 26.312 26.336 26.359 26.381 26.403 26.424 26.445 26.464 26.484 26.503 26.520 26.535 26.551 26.566 26.573 26.584 26.592 26.597 26.116 23.821 23.376 23.449 23.429 23.964 24.510 25.036 25.514 25.635 25.664 25.689 25.616 25.303 25.253 24.871 24.494 24.260 24.929 25.769 26.426 26.421 26.158 26.003 26.002 26.237 26.249 26.073 25.861 25.872 25.882 25.866 25.809 25.737 25.647 25.564
25.654 25.689 25.722 25.757 25.791 25.825 25.858 25.891 25.922 25.953 25.984 26.014 26.043 26.072 26.100 26.128 26.154 26.180 26.206 26.231 26.255 26.278 26.301 26.323 26.345 26.366 26.386 26.406 26.424 26.442 26.459 26.475 26.489 26.503 26.516 26.525 26.535 26.542 26.529 25.636 22.909 22.621 23.634 23.701 23.966 24.492 24.973 25.455 25.613 25.624 25.646 25.624 25.458 25.361 25.087 24.655 24.347 24.835 25.634 26.385 26.402 26.230 25.979 25.995 26.217 26.183 25.828 25.769 25.818 25.857 25.830 25.774 25.707 25.627 25.543
25.625 25.660 25.695 25.730 25.764 25.797 25.829 25.859 25.891 25.922 25.953 25.983 26.012 26.041 26.068 26.096 26.122 26.148 26.173 26.197 26.221 26.244 26.267 26.288 26.309 26.329 26.349 26.367 26.385 26.402 26.418 26.433 26.446 26.459 26.471 26.478 26.487 26.493 26.410 24.986 22.310 22.183 23.275 23.871 24.231 24.478 24.887 25.378 25.591 25.590 25.577 25.598 25.490 25.403 25.301 24.859 24.462 24.763 25.521 26.323 26.384 26.257 25.976 25.995 26.197 26.093 25.240 25.535 25.777 25.821 25.787 25.736 25.657 25.584 25.514
25.597 25.631 25.666 25.701 25.734 25.767 25.799 25.831 25.862 25.893 25.924 25.953 25.982 26.011 26.038 26.065 26.091 26.117 26.142 26.166 26.187 26.209 26.232 26.253 26.273 26.293 26.312 26.329 26.347 26.363 26.378 26.392 26.405 26.417 26.427 26.435 26.443 26.447 26.197 24.323 22.360 21.941 23.057 24.007 24.337 24.472 24.837 25.329 25.568 25.555 25.527 25.569 25.473 25.393 25.351 25.037 24.536 24.487 25.470 26.280 26.366 26.221 26.000 26.023 26.175 26.013 25.326 25.413 25.748 25.768 25.731 25.685 25.625 25.557 25.491
25.568 25.602 25.637 25.671 25.704 25.736 25.768 25.800 25.832 25.862 25.892 25.922 25.951 25.978 26.006 26.033 26.058 26.084 26.108 26.132 26.154 26.177 26.198 26.219 26.239 26.258 26.277 26.292 26.309 26.324 26.339 26.352 26.364 26.376 26.385 26.393 26.399 26.403 25.988 23.622 22.499 22.527 23.115 24.169 24.380 24.456 24.808 25.285 25.539 25.516 25.491 25.535 25.458 25.398 25.359 25.151 24.615 24.421 25.446 26.254 26.346 26.169 25.944 25.980 26.129 25.256 25.251 25.376 25.693 25.696 25.666 25.626 25.571 25.508 25.456
25.538 25.572 25.607 25.641 25.673 25.706 25.738 25.769 25.801 25.831 25.861 25.890 25.918 25.946 25.973 25.999 26.025 26.050 26.074 26.097 26.119 26.142 26.163 26.184 26.203 26.222 26.240 26.256 26.273 26.288 26.302 26.315 26.327 26.337 26.344 26.351 26.356 26.358 25.634 22.767 22.631 22.982 23.593 24.197 24.398 24.499 24.803 25.215 25.497 25.481 25.458 25.476 25.427 25.389 25.352 25.129 24.678 24.532 25.429 26.237 26.327 26.142 25.906 25.914 26.032 25.182 25.208 25.363 25.601 25.614 25.592 25.556 25.507 25.455 25.419
25.513 25.547 25.579 25.612 25.642 25.674 25.707 25.738 25.769 25.799 25.828 25.857 25.886 25.913 25.940 25.966 25.991 26.016 26.039 26.062 26.085 26.107 26.128 26.148 26.167 26.186 26.203 26.219 26.235 26.249 26.263 26.276 26.287 26.297 26.304 26.311 26.315 26.317 25.111 22.655 22.298 22.966 23.639 24.232 24.477 24.588 24.871 25.156 25.455 25.457 25.426 25.382 25.387 25.354 25.318 25.032 24.701 24.618 25.508 26.238 26.306 26.043 25.436 25.401 25.103 25.128 25.183 25.397 25.511 25.517 25.507 25.478 25.439 25.404 25.383
25.489 25.522 25.554 25.586 25.617 25.648 25.679 25.709 25.739 25.767 25.796 25.824 25.852 25.879 25.906 25.932 25.957 25.981 26.004 26.027 26.049 26.071 26.092 26.112 26.131 26.149 26.166 26.182 26.197 26.212 26.225 26.237 26.248 26.257 26.263 26.268 26.272 26.264 24.708 22.827 22.617 23.136 23.820 24.298 24.553 24.648 24.903 25.161 25.423 25.435 25.395 25.332 25.346 25.295 25.273 24.992 24.671 24.627 25.605 26.242 26.283 25.853 25.200 25.168 25.059 25.087 25.200 25.363 25.430 25.421 25.416 25.399 25.378 25.359 25.346
