LISFLOOD/results/run11.totaltm
ncols         413
nrows         307
xllcorner     341179.518085
yllcorner     4516729.658735
cellsize      10.000000
NODATA_value  -9999.000000
[rows 231 to 263 of 307, columns 225 to 299 of 413]
22.231 22.522 22.833 24.323 25.846 26.254 26.316 26.371 26.428 26.488 26.547 26.605 26.661 26.717 26.770 26.819 26.867 26.912 26.956 27.002 27.048 27.092 27.134 27.174 27.213 27.251 27.287 27.322 27.355 27.387 27.418 27.447 27.475 27.502 27.527 27.551 27.574 27.596 27.616 27.635 27.653 27.669 27.686 27.701 27.714 27.726 27.737 27.747 27.756 27.763 27.769 27.773 27.777 27.778 27.778 27.778 27.778 27.777 27.773 27.763 26.796 26.782 26.781 26.776 26.766 26.761 26.755 26.749 26.727 26.696 26.671 26.652 26.638 26.628 26.617
22.281 22.509 22.982 24.584 25.939 26.266 26.317 26.373 26.432 26.492 26.551 26.610 26.667 26.722 26.776 26.828 26.878 26.927 26.973 27.016 27.057 27.097 27.139 27.181 27.219 27.257 27.293 27.328 27.362 27.393 27.424 27.453 27.481 27.508 27.533 27.557 27.579 27.601 27.621 27.641 27.658 27.674 27.689 27.703 27.717 27.729 27.739 27.749 27.757 27.764 27.769 27.774 27.777 27.778 27.778 27.778 27.777 27.775 27.771 27.748 26.783 26.776 26.773 26.767 26.758 26.755 26.751 26.739 26.705 26.676 26.662 26.653 26.641 26.629 26.614
22.333 22.508 23.348 24.998 26.088 26.267 26.319 26.376 26.434 26.495 26.555 26.614 26.672 26.727 26.781 26.833 26.884 26.933 26.981 27.027 27.072 27.113 27.152 27.189 27.226 27.263 27.299 27.334 27.368 27.399 27.430 27.459 27.487 27.513 27.538 27.562 27.585 27.606 27.626 27.645 27.663 27.679 27.694 27.708 27.721 27.732 27.742 27.751 27.759 27.766 27.771 27.774 27.777 27.778 27.778 27.778 27.777 27.774 27.770 27.695 26.774 26.769 26.766 26.758 26.754 26.751 26.741 26.712 26.678 26.663 26.656 26.647 26.637 26.626 26.611
22.336 22.551 23.709 25.317 26.171 26.267 26.320 26.377 26.437 26.498 26.558 26.617 26.675 26.731 26.786 26.838 26.889 26.939 26.987 27.033 27.077 27.121 27.162 27.202 27.239 27.274 27.308 27.341 27.373 27.406 27.436 27.465 27.493 27.519 27.544 27.568 27.590 27.611 27.631 27.649 27.667 27.683 27.698 27.712 27.724 27.735 27.744 27.753 27.761 27.767 27.772 27.775 27.777 27.778 27.778 27.778 27.777 27.774 27.768 26.788 26.767 26.763 26.758 26.754 26.750 26.739 26.717 26.686 26.671 26.662 26.652 26.642 26.632 26.621 26.604
22.296 22.633 24.037 25.551 26.212 26.277 26.326 26.378 26.437 26.499 26.561 26.619 26.678 26.734 26.789 26.842 26.893 26.943 26.992 27.038 27.083 27.127 27.168 27.208 27.247 27.284 27.319 27.353 27.384 27.413 27.442 27.471 27.498 27.525 27.549 27.573 27.595 27.616 27.636 27.654 27.671 27.687 27.702 27.715 27.727 27.738 27.747 27.756 27.763 27.768 27.773 27.777 27.778 27.778 27.778 27.778 27.777 27.773 27.762 26.774 26.760 26.757 26.753 26.749 26.743 26.721 26.691 26.677 26.669 26.659 26.649 26.639 26.629 26.617 26.597
22.261 22.778 24.417 25.817 26.232 26.283 26.339 26.396 26.452 26.508 26.562 26.621 26.679 26.737 26.792 26.845 26.897 26.947 26.996 27.043 27.088 27.132 27.173 27.214 27.253 27.290 27.326 27.360 27.393 27.424 27.453 27.480 27.506 27.531 27.555 27.578 27.601 27.621 27.641 27.658 27.675 27.691 27.705 27.718 27.730 27.740 27.749 27.757 27.764 27.769 27.774 27.777 27.778 27.778 27.778 27.777 27.775 27.772 27.753 26.763 26.753 26.751 26.748 26.742 26.727 26.693 26.678 26.672 26.664 26.656 26.646 26.636 26.626 26.611 26.586
22.228 23.009 24.808 26.048 26.233 26.285 26.341 26.399 26.460 26.523 26.582 26.639 26.693 26.744 26.794 26.848 26.899 26.949 26.999 27.047 27.092 27.136 27.178 27.219 27.258 27.295 27.331 27.366 27.398 27.429 27.459 27.488 27.514 27.539 27.563 27.584 27.606 27.626 27.644 27.663 27.679 27.694 27.708 27.721 27.733 27.743 27.752 27.759 27.766 27.771 27.774 27.777 27.778 27.778 27.778 27.777 27.774 27.771 27.744 26.757 26.747 26.746 26.742 26.727 26.699 26.681 26.673 26.666 26.659 26.651 26.642 26.633 26.620 26.603 26.568
22.220 23.358 25.151 26.139 26.233 26.285 26.341 26.401 26.462 26.524 26.584 26.642 26.701 26.758 26.812 26.864 26.914 26.961 27.007 27.050 27.096 27.139 27.182 27.223 27.263 27.300 27.336 27.371 27.404 27.435 27.465 27.493 27.520 27.546 27.569 27.592 27.613 27.633 27.651 27.667 27.683 27.698 27.712 27.724 27.736 27.746 27.754 27.761 27.767 27.772 27.775 27.777 27.778 27.778 27.778 27.777 27.773 27.769 27.728 26.748 26.740 26.738 26.732 26.709 26.686 26.677 26.669 26.661 26.654 26.646 26.637 26.629 26.616 26.594 26.550
22.297 23.770 25.422 26.168 26.232 26.284 26.341 26.401 26.463 26.524 26.585 26.644 26.703 26.759 26.814 26.867 26.918 26.969 27.018 27.065 27.110 27.152 27.192 27.231 27.267 27.304 27.341 27.375 27.409 27.440 27.470 27.498 27.525 27.551 27.574 27.597 27.618 27.637 27.656 27.673 27.688 27.703 27.716 27.728 27.738 27.748 27.756 27.763 27.769 27.773 27.777 27.778 27.778 27.778 27.777 27.775 27.772 27.767 27.719 26.743 26.733 26.729 26.711 26.692 26.679 26.672 26.664 26.657 26.649 26.641 26.632 26.623 26.609 26.579 26.538
22.476 24.203 25.648 26.181 26.235 26.283 26.339 26.400 26.462 26.524 26.586 26.646 26.703 26.760 26.815 26.868 26.921 26.971 27.020 27.067 27.112 27.157 27.199 27.241 27.280 27.317 27.351 27.384 27.416 27.445 27.474 27.503 27.529 27.555 27.579 27.601 27.622 27.642 27.660 27.677 27.692 27.707 27.720 27.732 27.742 27.751 27.758 27.765 27.770 27.774 27.777 27.778 27.778 27.778 27.777 27.773 27.771 27.766 27.725 26.738 26.727 26.717 26.692 26.683 26.677 26.669 26.662 26.654 26.645 26.635 26.624 26.616 26.598 26.567 26.533
22.729 24.524 25.821 26.193 26.243 26.296 26.349 26.404 26.461 26.523 26.585 26.645 26.703 26.760 26.816 26.869 26.922 26.972 27.022 27.069 27.114 27.159 27.202 27.243 27.282 27.320 27.356 27.391 27.424 27.455 27.484 27.512 27.537 27.561 27.584 27.606 27.627 27.646 27.664 27.681 27.696 27.710 27.723 27.734 27.744 27.753 27.761 27.767 27.772 27.775 27.777 27.778 27.778 27.778 27.777 27.772 27.768 27.762 27.733 26.733 26.719 26.703 26.681 26.677 26.671 26.664 26.658 26.651 26.641 26.630 26.619 26.608 26.584 26.551 26.519
23.019 24.785 25.953 26.193 26.243 26.296 26.354 26.416 26.476 26.534 26.589 26.644 26.702 26.758 26.815 26.869 26.922 26.973 27.022 27.070 27.116 27.161 27.204 27.245 27.285 27.323 27.359 27.394 27.427 27.459 27.488 27.517 27.543 27.568 27.592 27.613 27.633 27.652 27.669 27.684 27.699 27.713 27.726 27.737 27.747 27.755 27.763 27.768 27.773 27.777 27.778 27.778 27.778 27.778 27.774 27.770 27.764 27.758 27.729 26.730 26.711 26.687 26.672 26.669 26.663 26.658 26.652 26.645 26.635 26.627 26.618 26.602 26.570 26.533 26.502
23.604 25.097 26.057 26.192 26.242 26.296 26.354 26.416 26.477 26.539 26.601 26.659 26.715 26.767 26.818 26.868 26.921 26.972 27.022 27.071 27.117 27.162 27.205 27.247 27.287 27.325 27.362 27.397 27.431 27.462 27.492 27.521 27.547 27.572 27.596 27.617 27.637 27.657 27.674 27.690 27.704 27.717 27.729 27.739 27.749 27.757 27.764 27.769 27.774 27.777 27.778 27.778 27.778 27.777 26.747 27.693 27.754 27.752 27.727 26.734 26.701 26.672 26.664 26.662 26.657 26.651 26.646 26.638 26.628 26.622 26.613 26.593 26.559 26.522 26.494
24.118 25.456 26.114 26.189 26.240 26.294 26.353 26.414 26.477 26.539 26.600 26.658 26.716 26.772 26.827 26.879 26.928 26.974 27.021 27.070 27.117 27.162 27.206 27.247 27.288 27.327 27.363 27.399 27.433 27.464 27.495 27.523 27.551 27.576 27.599 27.621 27.641 27.660 27.677 27.693 27.707 27.721 27.732 27.742 27.751 27.759 27.766 27.771 27.774 27.777 27.778 27.778 27.778 27.775 26.742 26.741 27.741 27.746 27.730 27.362 26.687 26.661 26.657 26.654 26.649 26.645 26.639 26.629 26.623 26.616 26.602 26.577 26.549 26.517 26.492
24.499 25.736 26.132 26.187 26.237 26.292 26.351 26.412 26.475 26.537 26.598 26.657 26.715 26.772 26.827 26.879 26.931 26.981 27.028 27.072 27.116 27.161 27.205 27.247 27.288 27.327 27.364 27.400 27.434 27.467 27.497 27.526 27.553 27.579 27.602 27.624 27.645 27.663 27.681 27.696 27.711 27.723 27.734 27.744 27.753 27.761 27.767 27.772 27.775 27.777 27.778 27.778 27.778 27.768 26.736 26.734 27.731 27.738 27.724 27.336 26.677 26.653 26.649 26.646 26.642 26.638 26.630 26.623 26.617 26.609 26.589 26.560 26.539 26.515 26.488
24.936 25.999 26.136 26.183 26.234 26.288 26.347 26.409 26.472 26.535 26.596 26.656 26.714 26.771 26.826 26.879 26.931 26.982 27.031 27.079 27.124 27.167 27.207 27.247 27.288 27.327 27.365 27.401 27.435 27.468 27.499 27.528 27.556 27.581 27.605 27.627 27.648 27.667 27.684 27.699 27.713 27.726 27.737 27.747 27.756 27.763 27.768 27.773 27.777 27.778 27.778 27.778 27.778 26.733 26.727 26.723 27.697 27.729 27.714 26.723 26.662 26.644 26.642 26.638 26.634 26.629 26.622 26.616 26.610 26.600 26.572 26.545 26.526 26.506 26.484
25.409 26.067 26.134 26.178 26.228 26.283 26.342 26.404 26.468 26.531 26.593 26.653 26.712 26.768 26.824 26.878 26.931 26.981 27.031 27.078 27.124 27.169 27.213 27.254 27.292 27.329 27.364 27.401 27.436 27.468 27.499 27.529 27.557 27.583 27.607 27.630 27.651 27.669 27.687 27.702 27.716 27.728 27.739 27.749 27.757 27.764 27.769 27.774 27.777 27.778 27.778 27.778 27.774 26.726 26.719 26.714 27.674 27.719 27.702 26.704 26.647 26.638 26.634 26.631 26.626 26.621 26.615 26.609 26.602 26.587 26.549 26.525 26.510 26.490 26.469
25.749 26.083 26.137 26.184 26.234 26.286 26.341 26.397 26.462 26.526 26.588 26.649 26.708 26.766 26.822 26.876 26.928 26.980 27.029 27.077 27.124 27.169 27.212 27.254 27.294 27.333 27.370 27.404 27.437 27.468 27.499 27.529 27.558 27.584 27.609 27.632 27.653 27.672 27.689 27.705 27.719 27.731 27.742 27.751 27.759 27.766 27.771 27.774 27.777 27.778 27.778 27.778 27.773 26.721 26.711 26.709 27.666 27.706 27.686 26.684 26.636 26.631 26.627 26.621 26.616 26.613 26.608 26.602 26.588 26.563 26.527 26.506 26.494 26.478 26.455
25.988 26.088 26.134 26.181 26.231 26.286 26.345 26.406 26.465 26.524 26.582 26.643 26.703 26.761 26.818 26.873 26.926 26.977 27.027 27.076 27.122 27.167 27.211 27.253 27.294 27.333 27.370 27.406 27.441 27.473 27.503 27.531 27.558 27.584 27.609 27.633 27.654 27.674 27.691 27.707 27.721 27.733 27.744 27.753 27.761 27.767 27.772 27.775 27.777 27.778 27.778 27.778 27.774 26.715 26.704 26.706 27.668 27.692 27.637 26.662 26.626 26.624 26.619 26.611 26.606 26.605 26.601 26.594 26.573 26.542 26.512 26.496 26.482 26.468 26.437
26.028 26.084 26.129 26.178 26.228 26.283 26.342 26.403 26.465 26.528 26.589 26.646 26.701 26.755 26.812 26.867 26.922 26.974 27.024 27.073 27.120 27.165 27.209 27.252 27.292 27.332 27.369 27.406 27.440 27.472 27.504 27.534 27.561 27.587 27.611 27.633 27.654 27.674 27.693 27.709 27.723 27.736 27.746 27.755 27.762 27.768 27.773 27.777 27.778 27.778 27.778 27.778 26.712 26.700 26.693 26.701 27.656 27.676 27.238 26.639 26.618 26.614 26.612 26.605 26.599 26.596 26.592 26.584 26.560 26.533 26.505 26.489 26.472 26.454 26.418
26.036 26.079 26.125 26.173 26.224 26.278 26.337 26.399 26.462 26.525 26.586 26.646 26.706 26.762 26.816 26.868 26.919 26.968 27.019 27.069 27.116 27.162 27.206 27.249 27.290 27.329 27.368 27.404 27.438 27.472 27.503 27.533 27.561 27.587 27.613 27.636 27.657 27.676 27.694 27.709 27.724 27.737 27.748 27.757 27.764 27.769 27.774 27.777 27.778 27.778 27.778 27.742 26.699 26.688 26.688 26.963 27.643 27.654 26.678 26.622 26.612 26.607 26.604 26.599 26.593 26.587 26.582 26.574 26.552 26.526 26.496 26.481 26.463 26.440 26.407
26.029 26.073 26.119 26.167 26.218 26.273 26.331 26.393 26.457 26.520 26.582 26.642 26.701 26.758 26.813 26.867 26.921 26.972 27.019 27.066 27.111 27.157 27.202 27.244 27.286 27.326 27.364 27.401 27.436 27.470 27.502 27.532 27.560 27.587 27.612 27.635 27.657 27.677 27.695 27.711 27.726 27.738 27.749 27.758 27.765 27.771 27.774 27.777 27.778 27.778 27.778 26.693 26.689 26.682 26.684 27.517 27.628 27.584 26.654 26.612 26.606 26.601 26.597 26.592 26.586 26.579 26.572 26.565 26.547 26.522 26.493 26.474 26.452 26.426 26.387
26.022 26.066 26.112 26.161 26.211 26.265 26.324 26.386 26.449 26.513 26.576 26.636 26.695 26.753 26.809 26.863 26.917 26.968 27.018 27.068 27.116 27.161 27.205 27.247 27.288 27.326 27.363 27.398 27.432 27.466 27.498 27.529 27.558 27.585 27.610 27.634 27.656 27.676 27.694 27.711 27.726 27.739 27.751 27.759 27.767 27.772 27.775 27.777 27.778 27.778 26.691 26.682 26.679 26.678 26.680 27.583 27.610 26.693 26.629 26.604 26.599 26.594 26.590 26.584 26.578 26.573 26.566 26.557 26.544 26.521 26.498 26.471 26.441 26.408 26.368
26.013 26.058 26.104 26.152 26.203 26.257 26.315 26.377 26.441 26.504 26.567 26.628 26.688 26.746 26.802 26.858 26.911 26.963 27.014 27.063 27.111 27.156 27.201 27.243 27.283 27.323 27.361 27.398 27.432 27.465 27.496 27.526 27.554 27.581 27.607 27.631 27.653 27.674 27.693 27.709 27.725 27.738 27.750 27.760 27.768 27.774 27.777 27.778 27.778 27.778 26.681 26.675 26.673 26.675 26.742 27.571 27.582 26.657 26.607 26.595 26.592 26.588 26.583 26.578 26.572 26.566 26.559 26.551 26.538 26.512 26.492 26.461 26.422 26.385 26.340
26.004 26.048 26.094 26.142 26.193 26.246 26.304 26.366 26.430 26.494 26.557 26.619 26.679 26.737 26.794 26.850 26.904 26.956 27.007 27.057 27.104 27.150 27.194 27.237 27.278 27.318 27.356 27.393 27.428 27.461 27.493 27.523 27.552 27.579 27.604 27.628 27.649 27.670 27.689 27.707 27.722 27.736 27.748 27.757 27.765 27.771 27.775 27.777 27.778 27.776 26.673 26.669 26.669 26.672 27.483 27.554 27.357 26.632 26.592 26.588 26.585 26.581 26.576 26.570 26.565 26.559 26.553 26.545 26.529 26.497 26.472 26.437 26.398 26.360 26.317
26.003 26.047 26.091 26.137 26.184 26.234 26.291 26.352 26.416 26.482 26.545 26.607 26.668 26.727 26.784 26.841 26.894 26.947 26.999 27.048 27.096 27.142 27.187 27.230 27.271 27.312 27.350 27.387 27.422 27.456 27.488 27.518 27.547 27.574 27.599 27.623 27.646 27.666 27.685 27.702 27.717 27.731 27.743 27.753 27.761 27.767 27.772 27.775 27.777 26.676 26.666 26.663 26.666 26.668 27.511 27.533 26.658 26.606 26.583 26.580 26.577 26.573 26.568 26.562 26.557 26.552 26.547 26.538 26.518 26.479 26.451 26.414 26.378 26.344 26.293
25.996 26.039 26.084 26.132 26.181 26.234 26.289 26.349 26.409 26.471 26.529 26.592 26.653 26.713 26.772 26.828 26.883 26.937 26.988 27.038 27.086 27.133 27.178 27.221 27.263 27.303 27.342 27.379 27.414 27.448 27.481 27.511 27.540 27.567 27.593 27.617 27.639 27.660 27.679 27.696 27.712 27.726 27.737 27.747 27.756 27.762 27.767 27.771 27.772 26.666 26.658 26.658 26.662 27.266 27.492 27.496 26.632 26.581 26.575 26.572 26.568 26.565 26.560 26.554 26.549 26.544 26.539 26.529 26.506 26.454 26.429 26.403 26.359 26.323 26.277
25.987 26.031 26.076 26.123 26.172 26.224 26.279 26.339 26.402 26.466 26.529 26.590 26.649 26.706 26.761 26.813 26.869 26.922 26.975 27.026 27.074 27.121 27.167 27.211 27.253 27.293 27.332 27.369 27.405 27.439 27.472 27.502 27.531 27.559 27.584 27.609 27.631 27.652 27.671 27.688 27.704 27.718 27.729 27.740 27.748 27.756 27.761 27.766 27.748 26.654 26.649 26.651 26.657 27.426 27.472 26.906 26.598 26.567 26.567 26.564 26.561 26.556 26.551 26.546 26.541 26.535 26.531 26.521 26.484 26.418 26.404 26.373 26.331 26.298 26.251
25.976 26.021 26.067 26.113 26.162 26.213 26.268 26.328 26.391 26.454 26.517 26.578 26.638 26.696 26.754 26.810 26.863 26.915 26.965 27.013 27.059 27.107 27.153 27.197 27.241 27.282 27.321 27.358 27.394 27.428 27.461 27.492 27.521 27.549 27.574 27.599 27.621 27.642 27.661 27.679 27.694 27.708 27.721 27.731 27.740 27.748 27.754 27.758 26.665 26.632 26.625 26.643 26.652 27.424 27.444 26.631 26.563 26.556 26.558 26.556 26.552 26.547 26.541 26.536 26.531 26.526 26.523 26.513 26.468 26.401 26.378 26.347 26.311 26.261 26.204
25.969 26.012 26.054 26.101 26.149 26.200 26.254 26.314 26.376 26.440 26.503 26.564 26.624 26.684 26.741 26.797 26.851 26.903 26.954 27.004 27.052 27.099 27.143 27.186 27.228 27.267 27.307 27.345 27.381 27.416 27.449 27.480 27.509 27.537 27.563 27.587 27.609 27.631 27.650 27.667 27.683 27.697 27.709 27.721 27.730 27.738 27.744 27.741 26.642 26.584 26.580 26.631 26.882 27.401 27.401 26.595 26.539 26.542 26.548 26.548 26.544 26.537 26.531 26.525 26.521 26.516 26.515 26.504 26.452 26.381 26.352 26.317 26.279 26.211 26.155
25.961 26.005 26.049 26.094 26.140 26.188 26.238 26.296 26.358 26.422 26.486 26.548 26.609 26.669 26.726 26.782 26.836 26.889 26.941 26.990 27.038 27.085 27.129 27.173 27.216 27.256 27.295 27.332 27.368 27.401 27.434 27.466 27.496 27.523 27.549 27.574 27.596 27.617 27.637 27.654 27.670 27.684 27.697 27.708 27.718 27.726 27.732 27.643 26.593 26.533 26.554 26.613 27.152 27.377 27.299 26.572 26.523 26.528 26.536 26.539 26.536 26.525 26.519 26.513 26.508 26.506 26.507 26.496 26.444 26.364 26.324 26.278 26.255 26.193 26.133
25.952 25.995 26.039 26.084 26.131 26.180 26.232 26.287 26.346 26.406 26.465 26.528 26.590 26.651 26.709 26.765 26.820 26.873 26.924 26.974 27.023 27.069 27.114 27.158 27.201 27.241 27.280 27.317 27.353 27.388 27.421 27.451 27.481 27.507 27.534 27.558 27.581 27.602 27.622 27.639 27.656 27.670 27.683 27.694 27.703 27.711 27.713 26.636 26.499 26.501 26.517 26.589 27.183 27.352 27.053 26.534 26.503 26.514 26.524 26.530 26.524 26.506 26.505 26.498 26.494 26.492 26.497 26.487 26.434 26.344 26.303 26.255 26.219 26.133 26.112
25.941 25.984 26.028 26.073 26.119 26.167 26.218 26.273 26.332 26.394 26.456 26.517 26.576 26.633 26.687 26.744 26.800 26.854 26.907 26.957 27.005 27.052 27.098 27.142 27.184 27.224 27.263 27.301 27.337 27.371 27.403 27.434 27.464 27.492 27.518 27.542 27.565 27.586 27.605 27.623 27.639 27.654 27.667 27.678 27.687 27.694 27.676 26.579 26.462 26.482 26.474 26.562 27.193 27.326 26.633 26.512 26.476 26.498 26.513 26.521 26.508 26.482 26.486 26.482 26.480 26.477 26.481 26.478 26.417 26.321 26.260 26.209 26.135 26.035 26.068
