LISFLOOD/results/run2.mxe
ncols         138
nrows         103
xllcorner     341179.518085
yllcorner     4516709.658735
cellsize      30.000000
NODATA_value  -9999.000000
[rows 56 to 83 of 103, columns 64 to 127 of 138]
140.488 140.494 140.501 140.508 140.515 140.523 140.531 140.540 140.548 140.557 140.565 140.573 140.581 140.589 140.597 140.604 140.612 140.620 140.628 140.637 140.645 140.654 140.662 140.671 140.680 140.689 140.698 140.708 140.718 140.727 140.737 140.747 140.757 140.768 140.778 140.789 140.800 140.809 140.818 140.827 140.836 140.845 140.853 140.862 140.871 140.880 140.888 140.897 140.906 140.915 140.924 140.934 140.944 140.957 -9999.000 -9999.000 -9999.000 -9999.000 -9999.000 -9999.000 -9999.000 -9999.000 -9999.000 -9999.000
140.484 140.490 140.496 140.503 140.510 140.517 140.525 140.533 140.541 140.549 140.557 140.565 140.573 140.580 140.588 140.596 140.603 140.611 140.619 140.627 140.635 140.644 140.652 140.661 140.669 140.678 140.687 140.697 140.706 140.715 140.725 140.735 140.745 140.754 140.763 140.776 140.785 140.794 140.803 140.812 140.820 140.829 140.838 140.846 140.855 140.864 140.873 140.882 140.891 140.900 140.909 140.918 140.925 -9999.000 -9999.000 -9999.000 -9999.000 -9999.000 -9999.000 -9999.000 -9999.000 -9999.000 -9999.000 -9999.000
140.479 140.485 140.491 140.498 140.504 140.512 140.519 140.526 140.534 140.542 140.549 140.557 140.564 140.572 140.579 140.587 140.595 140.602 140.610 140.618 140.626 140.634 140.642 140.650 140.659 140.667 140.676 140.685 140.694 140.703 140.713 140.723 140.732 140.742 140.749 140.760 140.770 140.779 140.788 140.796 140.805 140.814 140.822 140.831 140.840 140.848 140.857 140.867 140.876 140.885 140.894 140.903 140.914 -9999.000 -9999.000 -9999.000 -9999.000 -9999.000 -9999.000 -9999.000 -9999.000 -9999.000 -9999.000 -9999.000
140.474 140.480 140.486 140.492 140.499 140.506 140.513 140.520 140.527 140.535 140.542 140.549 140.556 140.564 140.571 140.578 140.586 140.593 140.601 140.608 140.616 140.624 140.632 140.640 140.648 140.656 140.665 140.673 140.682 140.691 140.701 140.710 140.720 140.731 140.738 140.747 140.755 140.764 140.773 140.781 140.790 140.798 140.807 140.815 140.824 140.833 140.842 140.851 140.861 140.870 140.879 140.886 -9999.000 -9999.000 -9999.000 -9999.000 -9999.000 -9999.000 -9999.000 -9999.000 -9999.000 -9999.000 -9999.000 -9999.000
140.469 140.475 140.481 140.487 140.493 140.500 140.507 140.514 140.520 140.527 140.534 140.541 140.549 140.556 140.563 140.570 140.577 140.584 140.591 140.599 140.606 140.614 140.621 140.629 140.637 140.645 140.653 140.662 140.670 140.679 140.688 140.697 140.707 140.717 140.725 140.733 140.741 140.749 140.758 140.766 140.774 140.782 140.791 140.799 140.808 140.817 140.826 140.835 140.845 140.856 140.866 140.876 -9999.000 -9999.000 -9999.000 -9999.000 -9999.000 -9999.000 -9999.000 -9999.000 -9999.000 -9999.000 -9999.000 -9999.000
140.464 140.470 140.476 140.482 140.488 140.494 140.501 140.507 140.514 140.520 140.527 140.534 140.541 140.548 140.554 140.561 140.568 140.575 140.582 140.589 140.596 140.604 140.611 140.618 140.626 140.634 140.642 140.650 140.658 140.667 140.675 140.684 140.694 140.704 140.711 140.719 140.727 140.735 140.743 140.751 140.759 140.767 140.775 140.783 140.792 140.801 140.810 140.819 140.830 140.841 140.854 140.868 -9999.000 -9999.000 -9999.000 -9999.000 -9999.000 -9999.000 -9999.000 -9999.000 -9999.000 -9999.000 -9999.000 -9999.000
140.459 140.465 140.471 140.476 140.482 140.488 140.494 140.501 140.507 140.514 140.520 140.526 140.533 140.540 140.546 140.553 140.559 140.566 140.573 140.580 140.587 140.593 140.601 140.608 140.615 140.622 140.630 140.638 140.646 140.654 140.662 140.671 140.680 140.691 140.698 140.705 140.712 140.720 140.728 140.736 140.743 140.751 140.759 140.767 140.776 140.784 140.793 140.803 140.813 140.826 -9999.000 -9999.000 -9999.000 -9999.000 -9999.000 -9999.000 -9999.000 -9999.000 -9999.000 -9999.000 -9999.000 -9999.000 -9999.000 -9999.000
140.455 140.460 140.465 140.471 140.477 140.482 140.488 140.494 140.501 140.507 140.513 140.519 140.525 140.532 140.538 140.544 140.551 140.557 140.564 140.570 140.577 140.583 140.590 140.597 140.604 140.611 140.618 140.626 140.633 140.641 140.649 140.657 140.664 140.677 140.683 140.690 140.698 140.705 140.713 140.720 140.728 140.735 140.743 140.751 140.759 140.767 140.776 140.785 140.794 140.812 -9999.000 -9999.000 -9999.000 -9999.000 -9999.000 -9999.000 -9999.000 -9999.000 -9999.000 -9999.000 -9999.000 -9999.000 -9999.000 -9999.000
140.450 140.455 140.460 140.466 140.471 140.477 140.482 140.488 140.494 140.500 140.506 140.512 140.518 140.524 140.530 140.536 140.542 140.548 140.554 140.561 140.567 140.573 140.580 140.586 140.593 140.599 140.606 140.613 140.620 140.628 140.635 140.643 140.651 140.661 140.668 140.676 140.683 140.690 140.698 140.705 140.712 140.720 140.727 140.734 140.742 140.750 140.759 140.768 140.781 -9999.000 -9999.000 -9999.000 -9999.000 -9999.000 -9999.000 -9999.000 -9999.000 -9999.000 -9999.000 -9999.000 -9999.000 -9999.000 -9999.000 -9999.000
140.445 140.450 140.455 140.460 140.466 140.471 140.476 140.482 140.488 140.493 140.499 140.505 140.510 140.516 140.522 140.528 140.533 140.539 140.545 140.551 140.557 140.563 140.569 140.575 140.581 140.588 140.594 140.601 140.608 140.615 140.622 140.630 140.638 140.646 140.654 140.661 140.668 140.676 140.683 140.690 140.697 140.704 140.711 140.718 140.725 140.732 140.740 140.748 -9999.000 -9999.000 -9999.000 -9999.000 -9999.000 -9999.000 -9999.000 -9999.000 -9999.000 -9999.000 -9999.000 -9999.000 -9999.000 -9999.000 -9999.000 -9999.000
140.440 140.445 140.450 140.455 140.460 140.465 140.471 140.476 140.481 140.487 140.492 140.498 140.503 140.508 140.514 140.519 140.525 140.530 140.536 140.542 140.547 140.553 140.558 140.564 140.570 140.576 140.582 140.588 140.595 140.601 140.608 140.615 140.625 140.632 140.639 140.647 140.654 140.661 140.668 140.675 140.681 140.688 140.695 140.701 140.707 140.714 140.722 140.735 -9999.000 -9999.000 -9999.000 -9999.000 -9999.000 -9999.000 -9999.000 -9999.000 -9999.000 -9999.000 -9999.000 -9999.000 -9999.000 -9999.000 -9999.000 -9999.000
140.435 140.440 140.445 140.450 140.455 140.460 140.465 140.470 140.475 140.480 140.485 140.491 140.496 140.501 140.506 140.511 140.516 140.522 140.527 140.532 140.537 140.543 140.548 140.553 140.559 140.564 140.570 140.575 140.581 140.587 140.593 140.598 140.611 140.618 140.625 140.632 140.639 140.646 140.653 140.660 140.666 140.672 140.678 140.684 140.689 140.694 140.698 -9999.000 -9999.000 -9999.000 -9999.000 -9999.000 -9999.000 -9999.000 -9999.000 -9999.000 -9999.000 -9999.000 -9999.000 -9999.000 -9999.000 -9999.000 -9999.000 -9999.000
140.431 140.435 140.440 140.445 140.449 140.454 140.459 140.464 140.469 140.474 140.479 140.484 140.489 140.493 140.498 140.503 140.508 140.513 140.518 140.523 140.527 140.532 140.537 140.542 140.547 140.552 140.557 140.563 140.568 140.574 140.580 140.585 140.595 140.603 140.610 140.618 140.625 140.632 140.638 140.645 140.651 140.657 140.663 140.668 140.672 140.676 140.678 -9999.000 -9999.000 -9999.000 -9999.000 -9999.000 -9999.000 -9999.000 -9999.000 -9999.000 -9999.000 -9999.000 -9999.000 -9999.000 -9999.000 -9999.000 -9999.000 -9999.000
140.426 140.431 140.435 140.440 140.444 140.449 140.453 140.458 140.463 140.467 140.472 140.477 140.481 140.486 140.491 140.495 140.500 140.504 140.509 140.513 140.518 140.522 140.527 140.531 140.536 140.540 140.545 140.550 140.555 140.560 140.566 140.572 140.581 140.589 140.596 140.603 140.611 140.617 140.624 140.630 140.636 140.642 140.647 140.652 140.656 140.659 140.661 -9999.000 -9999.000 -9999.000 -9999.000 -9999.000 -9999.000 -9999.000 -9999.000 -9999.000 -9999.000 -9999.000 -9999.000 -9999.000 -9999.000 -9999.000 -9999.000 -9999.000
140.422 140.426 140.430 140.435 140.439 140.443 140.448 140.452 140.457 140.461 140.466 140.470 140.475 140.479 140.483 140.487 140.492 140.496 140.500 140.504 140.508 140.512 140.516 140.520 140.524 140.528 140.532 140.537 140.541 140.546 140.551 140.559 140.567 140.575 140.582 140.590 140.597 140.603 140.610 140.616 140.622 140.627 140.632 140.637 140.641 140.643 140.645 -9999.000 -9999.000 -9999.000 -9999.000 -9999.000 -9999.000 -9999.000 -9999.000 -9999.000 -9999.000 -9999.000 -9999.000 -9999.000 -9999.000 -9999.000 -9999.000 -9999.000
140.417 140.421 140.425 140.430 140.434 140.438 140.442 140.447 140.451 140.455 140.459 140.464 140.468 140.472 140.476 140.480 140.484 140.488 140.491 140.495 140.499 140.502 140.506 140.509 140.513 140.516 140.520 140.523 140.527 140.531 140.533 140.546 140.553 140.561 140.568 140.576 140.583 140.590 140.596 140.602 140.608 140.613 140.618 140.623 140.626 140.629 140.630 -9999.000 -9999.000 -9999.000 -9999.000 -9999.000 -9999.000 -9999.000 -9999.000 -9999.000 -9999.000 -9999.000 -9999.000 -9999.000 -9999.000 -9999.000 -9999.000 -9999.000
140.413 140.417 140.421 140.425 140.429 140.433 140.437 140.441 140.445 140.449 140.453 140.457 140.461 140.465 140.469 140.472 140.476 140.479 140.483 140.486 140.489 140.492 140.495 140.498 140.501 140.504 140.507 140.510 140.513 140.517 140.520 140.530 140.539 140.547 140.555 140.562 140.570 140.576 140.583 140.589 140.595 140.600 140.605 140.609 140.613 140.616 140.618 -9999.000 -9999.000 -9999.000 -9999.000 -9999.000 -9999.000 -9999.000 -9999.000 -9999.000 -9999.000 -9999.000 -9999.000 -9999.000 -9999.000 -9999.000 -9999.000 -9999.000
140.409 140.413 140.416 140.420 140.424 140.428 140.432 140.436 140.440 140.444 140.447 140.451 140.455 140.458 140.462 140.465 140.468 140.471 140.474 140.477 140.480 140.482 140.485 140.487 140.490 140.492 140.494 140.497 140.500 140.503 140.507 140.517 140.525 140.534 140.542 140.549 140.557 140.563 140.570 140.576 140.581 140.587 140.591 140.596 140.600 140.604 140.607 -9999.000 -9999.000 -9999.000 -9999.000 -9999.000 -9999.000 -9999.000 -9999.000 -9999.000 -9999.000 -9999.000 -9999.000 -9999.000 -9999.000 -9999.000 -9999.000 -9999.000
140.405 140.408 140.412 140.416 140.420 140.423 140.427 140.431 140.434 140.438 140.442 140.445 140.448 140.452 140.455 140.458 140.461 140.463 140.466 140.468 140.471 140.473 140.475 140.477 140.478 140.480 140.481 140.483 140.485 140.488 140.494 140.503 140.512 140.521 140.529 140.537 140.544 140.551 140.557 140.563 140.569 140.574 140.579 140.583 140.587 140.592 140.599 -9999.000 -9999.000 -9999.000 -9999.000 -9999.000 -9999.000 -9999.000 -9999.000 -9999.000 -9999.000 -9999.000 -9999.000 -9999.000 -9999.000 -9999.000 -9999.000 -9999.000
140.401 140.404 140.408 140.411 140.415 140.419 140.422 140.426 140.429 140.433 140.436 140.439 140.442 140.445 140.448 140.451 140.454 140.456 140.458 140.460 140.462 140.463 140.465 140.466 140.467 140.468 140.469 140.469 140.470 140.469 140.481 140.490 140.500 140.508 140.517 140.525 140.532 140.539 140.545 140.551 140.557 140.562 140.566 140.571 140.575 140.578 -9999.000 -9999.000 -9999.000 -9999.000 -9999.000 -9999.000 -9999.000 -9999.000 -9999.000 -9999.000 -9999.000 -9999.000 -9999.000 -9999.000 -9999.000 -9999.000 -9999.000 -9999.000
140.397 140.400 140.404 140.407 140.411 140.414 140.418 140.421 140.424 140.427 140.431 140.434 140.436 140.439 140.442 140.444 140.447 140.449 140.450 140.452 140.453 140.454 140.455 140.456 140.456 140.456 140.456 140.456 140.456 140.456 140.467 140.478 140.487 140.496 140.505 140.513 140.520 140.527 140.533 140.539 140.545 140.550 140.554 140.559 140.563 140.566 -9999.000 -9999.000 -9999.000 -9999.000 -9999.000 -9999.000 -9999.000 -9999.000 -9999.000 -9999.000 -9999.000 -9999.000 -9999.000 -9999.000 -9999.000 -9999.000 -9999.000 -9999.000
140.393 140.396 140.400 140.403 140.406 140.410 140.413 140.416 140.419 140.422 140.425 140.428 140.431 140.433 140.436 140.438 140.440 140.442 140.443 140.444 140.445 140.446 140.446 140.445 140.445 140.444 140.443 140.442 140.442 140.443 140.455 140.465 140.475 140.485 140.494 140.502 140.509 140.516 140.522 140.528 140.533 140.538 140.542 140.547 140.551 140.559 -9999.000 -9999.000 -9999.000 -9999.000 -9999.000 -9999.000 -9999.000 -9999.000 -9999.000 -9999.000 -9999.000 -9999.000 -9999.000 -9999.000 -9999.000 -9999.000 -9999.000 -9999.000
140.390 140.393 140.396 140.399 140.402 140.406 140.409 140.412 140.415 140.418 140.420 140.423 140.426 140.428 140.430 140.432 140.434 140.435 140.436 140.437 140.437 140.437 140.437 140.436 140.434 140.432 140.430 140.428 140.427 140.431 140.442 140.454 140.464 140.474 140.483 140.491 140.499 140.506 140.512 140.517 140.523 140.527 140.531 140.534 140.537 -9999.000 -9999.000 -9999.000 -9999.000 -9999.000 -9999.000 -9999.000 -9999.000 -9999.000 -9999.000 -9999.000 -9999.000 -9999.000 -9999.000 -9999.000 -9999.000 -9999.000 -9999.000 -9999.000
140.386 140.389 140.392 140.396 140.399 140.402 140.405 140.407 140.410 140.413 140.416 140.418 140.420 140.423 140.425 140.426 140.428 140.429 140.430 140.430 140.430 140.429 140.428 140.427 140.424 140.421 140.417 140.413 140.406 140.418 140.431 140.443 140.454 140.464 140.473 140.481 140.489 140.496 140.502 140.507 140.512 140.517 140.520 140.523 140.525 -9999.000 -9999.000 -9999.000 -9999.000 -9999.000 -9999.000 -9999.000 -9999.000 -9999.000 -9999.000 -9999.000 -9999.000 -9999.000 -9999.000 -9999.000 -9999.000 -9999.000 -9999.000 -9999.000
140.383 140.386 140.389 140.392 140.395 140.398 140.401 140.403 140.406 140.409 140.411 140.413 140.416 140.418 140.419 140.421 140.422 140.423 140.423 140.424 140.423 140.422 140.420 140.418 140.415 140.411 140.406 140.400 140.393 140.407 140.421 140.433 140.445 140.455 140.464 140.472 140.480 140.487 140.493 140.498 140.503 140.507 140.510 140.513 140.514 -9999.000 -9999.000 -9999.000 -9999.000 -9999.000 -9999.000 -9999.000 -9999.000 -9999.000 -9999.000 -9999.000 -9999.000 -9999.000 -9999.000 -9999.000 -9999.000 -9999.000 -9999.000 -9999.000
140.380 140.383 140.386 140.389 140.391 140.394 140.397 140.400 140.402 140.405 140.407 140.409 140.411 140.413 140.415 140.416 140.417 140.418 140.418 140.418 140.417 140.416 140.413 140.410 140.406 140.401 140.395 140.388 140.381 140.397 140.412 140.425 140.436 140.447 140.456 140.464 140.471 140.478 140.484 140.489 140.494 140.498 140.501 140.504 140.505 -9999.000 -9999.000 -9999.000 -9999.000 -9999.000 -9999.000 -9999.000 -9999.000 -9999.000 -9999.000 -9999.000 -9999.000 -9999.000 -9999.000 -9999.000 -9999.000 -9999.000 -9999.000 -9999.000
140.377 140.380 140.383 140.385 140.388 140.391 140.393 140.396 140.398 140.401 140.403 140.405 140.407 140.409 140.410 140.411 140.412 140.413 140.413 140.412 140.412 140.410 140.407 140.404 140.399 140.393 140.385 140.376 140.369 140.388 140.404 140.418 140.429 140.440 140.449 140.457 140.464 140.470 140.476 140.481 140.485 140.489 140.493 140.495 140.498 -9999.000 -9999.000 -9999.000 -9999.000 -9999.000 -9999.000 -9999.000 -9999.000 -9999.000 -9999.000 -9999.000 -9999.000 -9999.000 -9999.000 -9999.000 -9999.000 -9999.000 -9999.000 -9999.000
140.374 140.377 140.380 140.382 140.385 140.388 140.390 140.393 140.395 140.397 140.399 140.401 140.403 140.405 140.406 140.407 140.408 140.408 140.408 140.408 140.407 140.405 140.402 140.399 140.393 140.386 140.376 140.363 140.357 140.382 140.399 140.413 140.424 140.434 140.443 140.450 140.457 140.463 140.469 140.474 140.478 140.481 140.485 140.488 140.493 -9999.000 -9999.000 -9999.000 -9999.000 -9999.000 -9999.000 -9999.000 -9999.000 -9999.000 -9999.000 -9999.000 -9999.000 -9999.000 -9999.000 -9999.000 -9999.000 -9999.000 -9999.000 -9999.000
