LISFLOOD/results/run2.inittm
ncols         138
nrows         103
xllcorner     341179.518085
yllcorner     4516709.658735
cellsize      30.000000
NODATA_value  -9999.000000
[rows 31 to 61 of 103, columns 68 to 135 of 138]
2.642 2.552 2.461 2.396 2.222 1.701 1.433 1.379 1.474 1.506 1.403 1.371 1.268 1.264 1.242 1.029 0.968 0.944 0.918 0.893 0.765 0.731 0.616 0.596 0.577 0.533 0.499 0.259 0.218 0.199 0.179 0.158 0.138 0.118 0.101 0.084 0.069 0.052 0.038 0.030 0.023 0.002 0.001 0.001 0.001 0.014 0.022 0.036 0.056 0.084 0.163 0.188 0.203 0.213 0.177 0.176 0.181 0.186 0.247 0.393 0.413 0.543 1.171 -9999.000 -9999.000 -9999.000 -9999.000 -9999.000
2.756 2.626 2.520 2.423 2.164 1.651 1.417 1.400 1.544 1.513 1.479 1.357 1.322 1.297 1.157 0.989 0.963 0.937 0.967 0.798 0.775 0.730 0.631 0.615 0.587 0.535 0.467 0.236 0.213 0.191 0.169 0.148 0.128 0.109 0.092 0.078 0.065 0.054 0.044 0.040 0.007 0.003 0.001 0.001 0.171 0.030 0.039 0.057 0.076 0.121 0.186 0.203 0.231 0.232 0.193 0.191 0.194 0.197 0.262 0.409 0.428 0.611 1.346 -9999.000 -9999.000 -9999.000 -9999.000 -9999.000
2.732 2.566 2.522 2.459 2.203 1.583 1.430 1.479 1.604 1.531 1.474 1.384 1.480 1.441 1.077 0.993 0.936 0.909 0.880 0.806 0.779 0.742 0.644 0.628 0.590 0.544 0.374 0.227 0.204 0.181 0.159 0.138 0.118 0.100 0.083 0.069 0.056 0.044 0.031 0.018 0.009 0.003 0.001 0.001 0.021 0.051 0.027 0.044 0.068 0.151 0.196 0.225 0.257 0.258 0.209 0.206 0.208 0.210 0.277 0.425 0.447 0.718 1.581 -9999.000 -9999.000 -9999.000 -9999.000 -9999.000
2.656 2.593 2.567 2.492 2.007 1.484 1.447 1.642 1.616 1.583 1.491 2.089 2.094 1.282 1.037 0.975 0.988 1.012 0.840 0.819 0.792 0.739 0.642 0.626 0.583 0.529 0.268 0.219 0.196 0.173 0.151 0.130 0.111 0.092 0.076 0.061 0.048 0.037 0.027 0.017 0.011 0.004 0.001 0.001 0.001 0.003 0.012 0.027 0.051 0.175 0.218 0.278 0.294 0.277 0.224 0.220 0.222 0.223 0.303 0.445 0.474 0.865 2.193 -9999.000 -9999.000 -9999.000 -9999.000 -9999.000
2.683 2.623 2.594 2.506 1.790 1.491 1.477 1.741 1.657 1.609 1.671 2.353 2.082 1.107 0.983 0.955 0.969 0.874 0.855 0.836 0.816 0.720 0.639 0.623 0.593 0.431 0.234 0.208 0.186 0.163 0.142 0.122 0.103 0.085 0.068 0.053 0.040 0.028 0.019 0.012 0.007 0.003 0.001 0.001 0.001 0.002 0.009 0.021 0.057 0.197 0.249 0.307 0.313 0.293 0.239 0.235 0.237 0.237 0.328 0.460 0.542 1.031 8.019 -9999.000 -9999.000 -9999.000 -9999.000 -9999.000
2.718 2.684 2.653 2.221 1.622 1.508 1.641 1.916 1.709 1.633 2.979 2.932 1.454 0.982 0.954 0.942 0.926 0.880 0.868 0.851 0.831 0.700 0.654 0.640 0.589 0.286 0.221 0.197 0.175 0.153 0.133 0.113 0.095 0.077 0.061 0.045 0.032 0.021 0.012 0.006 0.003 0.001 0.001 0.229 0.004 0.008 0.018 0.032 0.081 0.219 0.282 0.314 0.324 0.312 0.254 0.251 0.252 0.252 0.358 0.473 0.634 1.333 -9999.000 -9999.000 -9999.000 -9999.000 -9999.000 -9999.000
2.750 2.714 2.616 1.991 1.562 1.527 1.783 1.879 1.760 2.001 3.807 2.822 1.123 0.997 1.002 1.043 0.888 0.847 0.831 0.840 0.822 0.692 0.670 0.655 0.493 0.235 0.209 0.186 0.164 0.143 0.123 0.105 0.087 0.070 0.054 0.039 0.026 0.016 0.007 0.003 0.001 0.001 0.001 0.242 0.011 0.018 0.031 0.047 0.148 0.242 0.310 0.324 0.335 0.330 0.268 0.267 0.267 0.268 0.388 0.499 0.809 1.936 -9999.000 -9999.000 -9999.000 -9999.000 -9999.000 -9999.000
2.789 2.754 2.401 1.865 1.566 1.547 1.812 1.849 1.793 4.389 5.054 1.377 1.078 1.064 1.122 1.033 1.003 0.929 0.816 0.773 0.754 0.691 0.672 0.654 0.315 0.221 0.196 0.174 0.152 0.133 0.114 0.096 0.079 0.064 0.049 0.035 0.023 0.013 0.006 0.002 0.001 0.001 0.259 0.250 0.026 0.034 0.048 0.066 0.183 0.268 0.331 0.336 0.346 0.337 0.283 0.283 0.283 0.284 0.431 0.589 0.992 -9999.000 -9999.000 -9999.000 -9999.000 -9999.000 -9999.000 -9999.000
2.880 2.789 2.206 1.758 1.585 1.574 1.887 1.868 3.115 7.466 2.900 1.142 1.128 1.184 1.259 1.126 1.098 1.068 0.997 0.869 0.733 0.683 0.666 0.549 0.233 0.207 0.184 0.162 0.141 0.121 0.103 0.086 0.071 0.056 0.043 0.029 0.017 0.008 0.003 0.001 0.001 0.001 0.269 0.260 0.055 0.057 0.071 0.088 0.202 0.297 0.350 0.353 0.357 0.319 0.299 0.299 0.299 0.304 0.477 0.739 1.386 -9999.000 -9999.000 -9999.000 -9999.000 -9999.000 -9999.000 -9999.000
2.923 2.692 2.041 1.647 1.606 1.624 1.913 2.243 8.678 8.577 1.344 1.162 1.228 1.256 1.228 1.149 1.118 1.090 1.028 0.936 0.729 0.689 0.677 0.369 0.217 0.193 0.171 0.149 0.129 0.110 0.092 0.076 0.061 0.048 0.036 0.025 0.016 0.007 0.003 0.001 0.001 0.001 0.279 0.272 0.106 0.088 0.101 0.114 0.193 0.324 0.363 0.372 0.369 0.331 0.315 0.316 0.316 0.338 0.543 0.940 12.407 -9999.000 -9999.000 -9999.000 -9999.000 -9999.000 -9999.000 -9999.000
2.943 2.365 1.929 1.648 1.626 1.706 1.988 5.534 18.136 3.183 1.271 1.254 1.303 1.261 1.236 1.156 1.124 1.093 1.028 0.931 0.694 0.671 0.571 0.231 0.203 0.179 0.157 0.136 0.116 0.098 0.081 0.066 0.052 0.039 0.028 0.018 0.009 0.003 0.001 0.001 0.001 0.001 0.302 0.283 0.153 0.132 0.183 0.154 0.189 0.342 0.376 0.391 0.382 0.347 0.333 0.332 0.332 0.417 0.694 1.423 -9999.000 -9999.000 -9999.000 -9999.000 -9999.000 -9999.000 -9999.000 -9999.000
3.015 2.619 1.762 1.670 1.722 1.958 2.546 24.537 14.302 1.381 1.327 1.341 1.313 1.258 1.230 1.178 1.133 1.089 1.036 0.877 0.690 0.648 0.278 0.213 0.189 0.166 0.144 0.123 0.104 0.087 0.071 0.056 0.042 0.031 0.021 0.012 0.006 0.002 0.001 0.001 0.001 0.023 0.069 0.124 0.158 0.177 0.265 0.243 0.224 0.352 0.390 0.402 0.387 0.362 0.352 0.350 0.358 0.569 0.947 3.148 -9999.000 -9999.000 -9999.000 -9999.000 -9999.000 -9999.000 -9999.000 -9999.000
3.049 2.266 1.729 1.711 1.944 2.342 2.504 2.468 2.251 1.426 1.395 1.359 1.324 1.286 1.251 1.214 1.143 1.089 1.054 0.827 0.701 0.469 0.226 0.199 0.176 0.153 0.132 0.112 0.093 0.077 0.061 0.047 0.034 0.023 0.013 0.006 0.002 0.001 0.001 0.001 0.001 0.332 0.326 0.142 0.142 0.169 0.302 0.277 0.246 0.342 0.407 0.414 0.392 0.377 0.372 0.368 0.451 0.756 1.391 2.859 -9999.000 -9999.000 -9999.000 -9999.000 -9999.000 -9999.000 -9999.000 -9999.000
2.889 1.822 1.775 1.967 2.105 4.874 -9999.000 6.783 1.482 1.437 1.417 1.393 1.391 1.390 1.385 1.338 1.214 1.104 1.036 0.781 0.620 0.239 0.211 0.186 0.162 0.141 0.120 0.101 0.083 0.067 0.053 0.039 0.027 0.017 0.008 0.002 0.001 0.001 0.001 0.001 0.007 0.025 0.041 0.065 0.120 0.227 0.333 0.311 0.263 0.328 0.427 0.427 0.406 0.392 0.389 0.389 0.586 1.070 13.334 3.840 -9999.000 -9999.000 -9999.000 -9999.000 -9999.000 -9999.000 -9999.000 -9999.000
2.398 1.839 1.936 2.032 3.006 -9999.000 -9999.000 2.508 1.406 1.374 1.349 1.322 1.292 1.279 1.287 1.268 1.234 1.171 1.074 0.847 0.362 0.223 0.197 0.173 0.150 0.129 0.109 0.091 0.074 0.059 0.046 0.033 0.022 0.013 0.006 0.002 0.001 0.001 0.001 0.003 0.022 0.036 0.052 0.082 0.117 0.337 0.349 0.337 0.281 0.311 0.425 0.381 0.395 0.407 0.406 0.472 0.796 3.149 -9999.000 -9999.000 -9999.000 -9999.000 -9999.000 -9999.000 -9999.000 -9999.000 -9999.000 -9999.000
2.057 1.889 2.062 2.296 9.390 -9999.000 12.296 1.461 1.380 1.349 1.317 1.287 1.261 1.226 1.198 1.164 1.137 1.097 0.901 0.674 0.239 0.208 0.183 0.160 0.138 0.118 0.099 0.082 0.066 0.051 0.038 0.027 0.017 0.008 0.002 0.001 0.001 0.001 0.001 0.009 0.018 0.029 0.048 0.081 0.315 0.400 0.378 0.349 0.301 0.312 0.345 0.358 0.377 0.397 0.431 0.661 1.396 -9999.000 -9999.000 -9999.000 -9999.000 -9999.000 -9999.000 -9999.000 -9999.000 -9999.000 -9999.000 -9999.000
1.953 1.936 2.132 4.053 -9999.000 -9999.000 1.953 1.383 1.355 1.337 1.313 1.287 1.258 1.207 1.176 1.116 1.081 1.015 0.810 0.294 0.219 0.194 0.171 0.148 0.127 0.107 0.089 0.072 0.057 0.044 0.032 0.022 0.013 0.006 0.002 0.001 0.001 0.001 0.003 0.008 0.016 0.028 0.053 0.205 0.424 0.431 0.422 0.372 0.319 0.324 0.339 0.354 0.373 0.396 0.532 0.908 -9999.000 -9999.000 -9999.000 -9999.000 -9999.000 -9999.000 -9999.000 -9999.000 -9999.000 -9999.000 -9999.000 -9999.000
1.973 2.071 2.694 16.716 -9999.000 5.933 1.388 1.367 1.333 1.307 1.280 1.252 1.217 1.188 1.149 1.102 1.065 0.950 0.603 0.235 0.207 0.182 0.158 0.136 0.116 0.097 0.079 0.063 0.049 0.037 0.025 0.016 0.008 0.002 0.001 0.001 0.001 0.001 0.002 0.008 0.017 0.038 0.213 0.434 0.456 0.451 0.448 0.385 0.333 0.338 0.352 0.367 0.385 0.526 0.787 2.443 -9999.000 -9999.000 -9999.000 -9999.000 -9999.000 -9999.000 -9999.000 -9999.000 -9999.000 -9999.000 -9999.000 -9999.000
2.012 2.268 4.632 -9999.000 -9999.000 1.558 1.365 1.342 1.316 1.288 1.264 1.236 1.196 1.169 1.116 1.086 1.043 0.855 0.284 0.229 0.198 0.174 0.147 0.125 0.105 0.087 0.070 0.055 0.042 0.030 0.020 0.011 0.005 0.002 0.001 0.001 0.001 0.002 0.006 0.013 0.046 0.444 0.487 0.500 0.504 0.511 0.461 0.398 0.351 0.354 0.366 0.380 0.448 0.682 1.143 -9999.000 -9999.000 -9999.000 -9999.000 -9999.000 -9999.000 -9999.000 -9999.000 -9999.000 -9999.000 -9999.000 -9999.000 -9999.000
2.089 2.801 15.642 -9999.000 2.997 1.378 1.356 1.329 1.303 1.268 1.243 1.212 1.182 1.157 1.107 1.064 1.008 0.718 0.279 0.246 0.217 0.195 0.135 0.114 0.095 0.077 0.062 0.047 0.034 0.023 0.013 0.006 0.002 0.001 0.001 0.001 0.001 0.002 0.008 0.019 0.208 0.457 0.482 0.509 0.519 0.541 0.477 0.396 0.373 0.372 0.382 0.394 0.553 0.817 -9999.000 -9999.000 -9999.000 -9999.000 -9999.000 -9999.000 -9999.000 -9999.000 -9999.000 -9999.000 -9999.000 -9999.000 -9999.000 -9999.000
2.393 4.178 -9999.000 15.112 1.461 1.375 1.353 1.318 1.291 1.236 1.208 1.183 1.155 1.131 1.079 1.039 0.987 0.506 0.296 0.254 0.222 0.163 0.124 0.104 0.085 0.068 0.053 0.039 0.027 0.017 0.008 0.002 0.001 0.001 0.001 0.001 0.002 0.006 0.014 0.132 0.463 0.472 0.485 0.506 0.519 0.541 0.480 0.409 0.393 0.392 0.399 0.457 0.732 1.820 -9999.000 -9999.000 -9999.000 -9999.000 -9999.000 -9999.000 -9999.000 -9999.000 -9999.000 -9999.000 -9999.000 -9999.000 -9999.000 -9999.000
2.723 9.421 -9999.000 2.630 1.407 1.382 1.354 1.304 1.276 1.236 1.186 1.153 1.121 1.102 1.070 1.050 0.893 0.364 0.322 0.291 0.262 0.139 0.115 0.095 0.077 0.061 0.046 0.033 0.022 0.013 0.006 0.002 0.001 0.001 0.001 0.002 0.005 0.011 0.051 0.472 0.489 0.485 0.496 0.520 0.533 0.544 0.443 0.426 0.412 0.412 0.438 0.615 0.927 -9999.000 -9999.000 -9999.000 -9999.000 -9999.000 -9999.000 -9999.000 -9999.000 -9999.000 -9999.000 -9999.000 -9999.000 -9999.000 -9999.000 -9999.000
3.419 17.685 12.047 1.498 1.417 1.386 1.349 1.308 1.271 1.221 1.178 1.157 1.137 1.105 1.084 1.048 0.723 0.341 0.304 0.264 0.185 0.127 0.106 0.087 0.069 0.053 0.039 0.027 0.017 0.008 0.002 0.001 0.001 0.001 0.001 0.003 0.007 0.017 0.316 0.507 0.504 0.499 0.514 0.527 0.538 0.480 0.456 0.442 0.433 0.432 0.564 0.827 1.837 2.681 2.721 16.303 -9999.000 -9999.000 -9999.000 -9999.000 -9999.000 -9999.000 -9999.000 -9999.000 -9999.000 -9999.000 -9999.000 -9999.000
4.755 17.571 3.513 1.448 1.424 1.394 1.364 1.334 1.261 1.227 1.196 1.175 1.155 1.129 1.139 0.991 0.351 0.309 0.369 0.374 0.142 0.118 0.097 0.078 0.061 0.046 0.033 0.022 0.013 0.006 0.002 0.001 0.001 0.001 0.002 0.006 0.012 0.097 0.518 0.524 0.522 0.516 0.528 0.541 0.548 0.486 0.471 0.458 0.453 0.491 0.742 1.249 -9999.000 -9999.000 3.249 3.273 3.299 3.389 3.825 -9999.000 -9999.000 -9999.000 -9999.000 -9999.000 -9999.000 -9999.000 -9999.000 -9999.000
6.578 11.279 1.693 1.464 1.443 1.398 1.369 1.337 1.279 1.238 1.213 1.188 1.168 1.150 1.132 0.879 0.272 0.278 0.316 0.194 0.131 0.109 0.089 0.071 0.054 0.040 0.027 0.017 0.008 0.002 0.001 0.001 0.001 0.001 0.002 0.007 0.024 0.336 0.537 0.543 0.539 0.532 0.546 0.551 0.517 0.500 0.486 0.476 0.471 0.648 1.108 -9999.000 -9999.000 -9999.000 -9999.000 -9999.000 -9999.000 -9999.000 -9999.000 -9999.000 -9999.000 -9999.000 -9999.000 -9999.000 -9999.000 -9999.000 -9999.000 -9999.000
6.186 5.251 1.518 1.490 1.464 1.427 1.391 1.311 1.272 1.242 1.222 1.197 1.174 1.152 1.116 0.699 0.241 0.216 0.193 0.150 0.123 0.102 0.082 0.064 0.048 0.034 0.023 0.013 0.006 0.002 0.001 0.001 0.001 0.002 0.006 0.013 0.148 0.524 0.557 0.561 0.554 0.553 0.559 0.553 0.529 0.515 0.502 0.494 0.524 0.911 -9999.000 -9999.000 -9999.000 -9999.000 -9999.000 -9999.000 -9999.000 -9999.000 -9999.000 -9999.000 -9999.000 -9999.000 -9999.000 -9999.000 -9999.000 -9999.000 -9999.000 -9999.000
2.278 1.737 1.508 1.474 1.439 1.395 1.367 1.316 1.291 1.251 1.229 1.210 1.190 1.171 1.019 0.288 0.225 0.202 0.179 0.138 0.115 0.094 0.076 0.058 0.042 0.028 0.017 0.008 0.002 0.001 0.001 0.001 0.001 0.002 0.008 0.071 0.535 0.551 0.572 0.577 0.569 0.569 0.571 0.561 0.544 0.531 0.520 0.515 0.722 -9999.000 -9999.000 -9999.000 -9999.000 -9999.000 -9999.000 -9999.000 -9999.000 -9999.000 -9999.000 -9999.000 -9999.000 -9999.000 -9999.000 -9999.000 -9999.000 -9999.000 -9999.000 -9999.000
6.805 1.687 1.514 1.478 1.445 1.405 1.368 1.327 1.289 1.264 1.249 1.233 1.217 1.201 0.866 0.235 0.207 0.182 0.156 0.131 0.108 0.088 0.069 0.052 0.038 0.026 0.014 0.006 0.002 0.001 0.001 0.001 0.002 0.006 0.029 0.345 0.477 0.568 0.591 0.592 0.599 0.585 0.584 0.574 0.560 0.548 0.539 0.614 1.081 -9999.000 -9999.000 -9999.000 -9999.000 -9999.000 -9999.000 -9999.000 -9999.000 -9999.000 -9999.000 -9999.000 -9999.000 -9999.000 -9999.000 -9999.000 -9999.000 -9999.000 -9999.000 -9999.000
5.003 1.584 1.530 1.500 1.471 1.438 1.385 1.342 1.302 1.286 1.267 1.247 1.227 1.153 0.516 0.227 0.200 0.173 0.148 0.124 0.102 0.082 0.063 0.047 0.032 0.019 0.009 0.002 0.001 0.001 0.001 0.002 0.005 0.012 0.104 0.589 0.571 0.592 0.605 0.606 0.617 0.603 0.598 0.588 0.577 0.567 0.570 0.823 -9999.000 -9999.000 -9999.000 -9999.000 -9999.000 -9999.000 -9999.000 -9999.000 -9999.000 -9999.000 -9999.000 -9999.000 -9999.000 -9999.000 -9999.000 -9999.000 -9999.000 -9999.000 -9999.000 -9999.000
2.358 1.558 1.524 1.493 1.464 1.430 1.388 1.342 1.327 1.307 1.293 1.277 1.254 1.014 0.264 0.219 0.192 0.165 0.140 0.117 0.096 0.076 0.059 0.043 0.029 0.018 0.009 0.002 0.001 0.001 0.001 0.002 0.008 0.036 0.594 0.620 0.608 0.614 0.620 0.625 0.631 0.620 0.611 0.602 0.594 0.587 0.736 1.227 -9999.000 -9999.000 -9999.000 -9999.000 -9999.000 -9999.000 -9999.000 -9999.000 -9999.000 -9999.000 -9999.000 -9999.000 -9999.000 -9999.000 -9999.000 -9999.000 -9999.000 -9999.000 -9999.000 -9999.000
1.660 1.558 1.530 1.492 1.468 1.425 1.377 1.353 1.336 1.318 1.296 1.272 1.237 0.818 0.240 0.211 0.183 0.158 0.134 0.111 0.091 0.072 0.055 0.040 0.027 0.016 0.008 0.002 0.001 0.001 0.001 0.002 0.012 0.117 0.674 0.648 0.633 0.633 0.638 0.638 0.642 0.633 0.623 0.617 0.611 0.657 1.017 21.276 -9999.000 -9999.000 -9999.000 -9999.000 -9999.000 -9999.000 -9999.000 -9999.000 -9999.000 -9999.000 -9999.000 -9999.000 -9999.000 -9999.000 -9999.000 -9999.000 -9999.000 -9999.000 -9999.000 -9999.000
