LISFLOOD/results/run2.mxe
ncols         138
nrows         103
xllcorner     341179.518085
yllcorner     4516709.658735
cellsize      30.000000
NODATA_value  -9999.000000
[rows 28 to 55 of 103, columns 64 to 127 of 138]
140.649 140.658 140.667 140.676 140.684 140.694 140.703 140.712 140.722 140.732 140.742 140.753 140.763 140.774 140.786 140.797 140.809 140.821 140.833 140.845 140.858 140.871 140.885 140.898 140.912 140.926 140.941 140.956 140.971 140.986 141.002 141.018 141.035 141.051 141.068 141.086 141.104 141.122 141.140 141.159 141.179 141.198 141.218 141.238 141.259 141.279 141.300 141.319 141.338 141.336 141.334 141.332 141.331 141.329 141.328 141.326 141.325 141.324 141.323 141.322 141.322 141.321 141.321 141.322
140.642 140.651 140.660 140.669 140.678 140.688 140.697 140.707 140.716 140.726 140.737 140.747 140.758 140.769 140.780 140.792 140.803 140.815 140.827 140.840 140.853 140.866 140.879 140.892 140.906 140.920 140.935 140.950 140.965 140.980 140.996 141.012 141.028 141.044 141.061 141.079 141.096 141.114 141.133 141.151 141.170 141.189 141.209 141.229 141.249 141.269 141.289 141.309 141.323 141.321 141.320 141.318 141.317 141.316 141.315 141.314 141.314 141.313 141.313 141.312 141.312 141.312 141.312 141.313
140.636 140.645 140.654 140.663 140.672 140.681 140.691 140.701 140.711 140.721 140.731 140.742 140.752 140.763 140.775 140.786 140.798 140.810 140.822 140.834 140.847 140.860 140.873 140.886 140.900 140.914 140.929 140.943 140.958 140.973 140.989 141.005 141.021 141.037 141.054 141.071 141.089 141.106 141.124 141.143 141.161 141.180 141.199 141.219 141.239 141.259 141.280 141.303 141.305 141.305 141.305 141.304 141.304 141.303 141.303 141.303 141.302 141.302 141.302 141.302 141.302 141.303 141.303 141.304
140.629 140.638 140.647 140.657 140.666 140.675 140.685 140.695 140.705 140.715 140.725 140.736 140.747 140.758 140.769 140.780 140.792 140.804 140.816 140.828 140.841 140.854 140.867 140.880 140.894 140.908 140.922 140.937 140.951 140.966 140.982 140.997 141.013 141.030 141.046 141.063 141.080 141.098 141.116 141.134 141.152 141.171 141.190 141.209 141.228 141.248 141.268 141.289 141.290 141.290 141.291 141.291 141.290 141.290 141.290 141.291 141.291 141.291 141.291 141.292 141.293 141.293 141.294 141.295
140.623 140.632 140.641 140.650 140.660 140.669 140.679 140.689 140.699 140.709 140.719 140.730 140.741 140.752 140.763 140.775 140.786 140.798 140.810 140.822 140.835 140.848 140.861 140.874 140.888 140.901 140.915 140.930 140.944 140.959 140.975 140.990 141.006 141.022 141.038 141.055 141.072 141.089 141.107 141.125 141.143 141.161 141.180 141.198 141.217 141.236 141.255 141.275 141.275 141.276 141.276 141.277 141.277 141.277 141.278 141.278 141.279 141.280 141.281 141.282 141.283 141.284 141.285 141.286
140.617 140.626 140.635 140.644 140.654 140.663 140.673 140.683 140.693 140.703 140.714 140.724 140.735 140.746 140.757 140.769 140.780 140.792 140.804 140.816 140.829 140.841 140.854 140.868 140.881 140.895 140.909 140.923 140.937 140.952 140.967 140.982 140.998 141.014 141.030 141.047 141.064 141.081 141.098 141.116 141.133 141.152 141.170 141.188 141.206 141.225 141.243 141.260 141.261 141.261 141.262 141.263 141.264 141.264 141.265 141.266 141.267 141.268 141.270 141.271 141.272 141.274 141.276 141.277
140.611 140.620 140.629 140.638 140.647 140.657 140.667 140.676 140.687 140.697 140.708 140.718 140.729 140.740 140.752 140.763 140.774 140.786 140.798 140.810 140.822 140.835 140.848 140.861 140.874 140.888 140.901 140.916 140.930 140.945 140.959 140.975 140.990 141.006 141.022 141.038 141.055 141.072 141.089 141.106 141.124 141.142 141.160 141.178 141.196 141.213 141.230 141.246 141.246 141.247 141.248 141.249 141.250 141.251 141.253 141.254 141.255 141.257 141.259 141.260 141.262 141.264 141.266 141.268
140.605 140.614 140.623 140.632 140.641 140.651 140.660 140.670 140.680 140.691 140.702 140.712 140.723 140.734 140.746 140.757 140.768 140.780 140.792 140.804 140.816 140.828 140.841 140.854 140.867 140.881 140.894 140.908 140.922 140.937 140.952 140.967 140.982 140.997 141.013 141.029 141.046 141.062 141.079 141.097 141.114 141.132 141.149 141.167 141.185 141.203 141.219 141.232 141.231 141.232 141.233 141.235 141.236 141.238 141.240 141.242 141.244 141.246 141.248 141.250 141.252 141.254 141.257 141.259
140.599 140.608 140.616 140.625 140.635 140.644 140.654 140.664 140.674 140.685 140.695 140.706 140.717 140.728 140.740 140.751 140.762 140.774 140.785 140.797 140.809 140.822 140.834 140.847 140.860 140.873 140.887 140.900 140.915 140.929 140.943 140.958 140.973 140.989 141.004 141.020 141.037 141.053 141.070 141.087 141.104 141.121 141.139 141.157 141.175 141.193 141.212 141.214 141.216 141.217 141.219 141.221 141.223 141.225 141.227 141.229 141.232 141.234 141.237 141.239 141.242 141.244 141.247 141.250
140.593 140.601 140.610 140.619 140.628 140.638 140.647 140.658 140.668 140.678 140.689 140.700 140.712 140.723 140.734 140.745 140.756 140.768 140.779 140.791 140.803 140.815 140.827 140.840 140.853 140.866 140.879 140.893 140.907 140.921 140.935 140.950 140.965 140.980 140.995 141.011 141.027 141.043 141.060 141.077 141.094 141.111 141.128 141.146 141.165 141.184 141.198 141.198 141.200 141.202 141.204 141.206 141.209 141.211 141.214 141.217 141.220 141.222 141.225 141.228 141.231 141.234 141.237 141.241
140.587 140.595 140.604 140.613 140.622 140.631 140.641 140.651 140.661 140.672 140.683 140.695 140.706 140.717 140.728 140.739 140.750 140.761 140.773 140.784 140.796 140.808 140.820 140.832 140.845 140.858 140.871 140.885 140.898 140.912 140.926 140.941 140.956 140.971 140.986 141.002 141.017 141.033 141.050 141.066 141.083 141.100 141.118 141.135 141.153 141.170 141.177 141.180 141.183 141.186 141.189 141.192 141.195 141.198 141.201 141.204 141.208 141.211 141.214 141.217 141.221 141.224 141.228 141.231
140.581 140.589 140.598 140.606 140.615 140.624 140.634 140.644 140.655 140.666 140.677 140.689 140.700 140.711 140.722 140.733 140.744 140.755 140.766 140.777 140.789 140.801 140.813 140.825 140.837 140.850 140.863 140.876 140.890 140.904 140.918 140.932 140.947 140.961 140.976 140.992 141.007 141.023 141.039 141.056 141.072 141.089 141.106 141.124 141.142 141.156 141.159 141.163 141.167 141.170 141.174 141.177 141.181 141.184 141.188 141.192 141.195 141.199 141.203 141.207 141.210 141.214 141.218 141.222
140.575 140.583 140.591 140.600 140.608 140.617 140.627 140.637 140.648 140.659 140.671 140.683 140.695 140.706 140.717 140.727 140.738 140.748 140.759 140.770 140.782 140.793 140.805 140.817 140.830 140.842 140.855 140.868 140.881 140.895 140.909 140.923 140.937 140.952 140.967 140.982 140.997 141.013 141.029 141.045 141.061 141.078 141.095 141.112 141.128 141.136 141.142 141.146 141.151 141.155 141.159 141.163 141.167 141.171 141.175 141.179 141.183 141.187 141.192 141.196 141.200 141.204 141.207 141.210
140.569 140.577 140.585 140.593 140.601 140.610 140.619 140.629 140.640 140.651 140.664 140.679 140.691 140.701 140.711 140.721 140.731 140.742 140.753 140.763 140.775 140.786 140.798 140.809 140.822 140.834 140.846 140.859 140.872 140.886 140.900 140.913 140.928 140.942 140.957 140.972 140.987 141.002 141.018 141.034 141.050 141.067 141.083 141.101 141.114 141.119 141.125 141.130 141.135 141.139 141.144 141.148 141.153 141.157 141.162 141.166 141.171 141.176 141.180 141.185 141.190 141.194 141.198 141.200
140.563 140.570 140.578 140.586 140.594 140.603 140.612 140.621 140.632 140.643 140.654 140.674 140.689 140.697 140.706 140.715 140.725 140.735 140.746 140.756 140.767 140.778 140.790 140.801 140.813 140.825 140.838 140.851 140.863 140.877 140.890 140.904 140.918 140.932 140.947 140.961 140.976 140.992 141.007 141.023 141.039 141.055 141.071 141.087 141.095 141.102 141.108 141.113 141.119 141.124 141.129 141.134 141.139 141.144 141.149 141.154 141.159 141.164 141.169 141.174 141.180 141.185 141.190 141.193
140.557 140.564 140.571 140.579 140.587 140.595 140.603 140.612 140.623 140.635 140.653 140.669 140.682 140.691 140.700 140.709 140.719 140.728 140.739 140.749 140.760 140.771 140.782 140.793 140.805 140.817 140.829 140.842 140.854 140.867 140.881 140.894 140.908 140.922 140.936 140.951 140.965 140.981 140.996 141.011 141.027 141.043 141.059 141.073 141.079 141.085 141.091 141.097 141.103 141.109 141.114 141.119 141.125 141.130 141.136 141.141 141.147 141.152 141.158 141.164 141.169 141.176 141.185 141.189
140.550 140.557 140.564 140.572 140.579 140.587 140.594 140.603 140.612 140.624 -9999.000 140.672 140.678 140.686 140.694 140.703 140.712 140.721 140.731 140.741 140.752 140.763 140.774 140.785 140.796 140.808 140.820 140.832 140.845 140.858 140.871 140.884 140.898 140.911 140.925 140.940 140.954 140.969 140.984 141.000 141.016 141.032 141.046 141.054 141.061 141.068 141.075 141.081 141.087 141.093 141.099 141.105 141.111 141.117 141.123 141.128 141.134 141.140 141.146 141.153 141.159 141.164 141.182 141.188
140.544 140.551 140.558 140.565 140.571 140.578 140.585 140.592 140.598 -9999.000 -9999.000 140.669 140.673 140.680 140.688 140.696 140.705 140.714 140.724 140.734 140.744 140.754 140.765 140.776 140.788 140.799 140.811 140.823 140.835 140.848 140.861 140.874 140.887 140.901 140.915 140.929 140.943 140.958 140.973 140.988 141.003 141.018 141.028 141.037 141.044 141.052 141.059 141.065 141.072 141.078 141.085 141.091 141.097 141.103 141.109 141.116 141.122 141.128 141.135 141.142 141.149 141.157 -9999.000 -9999.000
140.538 140.545 140.551 140.558 140.564 140.570 140.576 140.583 140.590 -9999.000 140.655 140.661 140.667 140.673 140.681 140.689 140.698 140.707 140.716 140.726 140.736 140.746 140.757 140.767 140.779 140.790 140.802 140.813 140.825 140.838 140.850 140.863 140.876 140.890 140.903 140.917 140.931 140.946 140.961 140.976 140.991 141.005 141.012 141.020 141.028 141.035 141.043 141.050 141.056 141.063 141.070 141.077 141.083 141.090 141.096 141.103 141.109 141.116 141.123 141.130 141.140 -9999.000 -9999.000 -9999.000
140.533 140.539 140.545 140.551 140.557 140.562 140.568 140.572 -9999.000 -9999.000 140.649 140.653 140.659 140.666 140.673 140.681 140.690 140.699 140.708 140.718 140.727 140.738 140.748 140.759 140.769 140.781 140.792 140.804 140.815 140.828 140.840 140.853 140.865 140.879 140.892 140.906 140.920 140.934 140.948 140.963 140.978 140.987 140.996 141.004 141.012 141.019 141.027 141.034 141.041 141.048 141.055 141.062 141.069 141.076 141.083 141.090 141.097 141.104 141.111 141.117 -9999.000 -9999.000 -9999.000 -9999.000
140.527 140.533 140.539 140.544 140.550 140.555 140.560 140.566 -9999.000 140.631 140.638 140.645 140.651 140.658 140.666 140.674 140.682 140.691 140.700 140.709 140.719 140.729 140.739 140.749 140.760 140.771 140.782 140.794 140.805 140.817 140.829 140.842 140.854 140.867 140.880 140.894 140.907 140.921 140.936 140.950 140.964 140.972 140.980 140.988 140.996 141.003 141.011 141.019 141.026 141.034 141.041 141.048 141.055 141.063 141.070 141.077 141.084 141.092 141.100 141.108 -9999.000 -9999.000 -9999.000 -9999.000
140.522 140.527 140.533 140.538 140.543 140.548 140.551 -9999.000 -9999.000 140.624 140.629 140.636 140.642 140.650 140.657 140.665 140.674 140.682 140.691 140.701 140.710 140.720 140.730 140.740 140.751 140.761 140.772 140.784 140.795 140.807 140.818 140.831 140.843 140.856 140.868 140.882 140.895 140.909 140.923 140.937 140.947 140.955 140.964 140.972 140.980 140.988 140.996 141.003 141.011 141.019 141.026 141.034 141.042 141.049 141.056 141.064 141.071 141.079 141.090 -9999.000 -9999.000 -9999.000 -9999.000 -9999.000
140.516 140.522 140.528 140.533 140.538 140.542 140.547 -9999.000 140.602 140.612 140.619 140.626 140.634 140.641 140.649 140.657 140.665 140.674 140.683 140.692 140.701 140.711 140.721 140.731 140.741 140.752 140.762 140.773 140.784 140.796 140.807 140.819 140.831 140.844 140.856 140.869 140.883 140.896 140.910 140.923 140.931 140.939 140.948 140.956 140.964 140.972 140.980 140.988 140.996 141.004 141.012 141.020 141.028 141.036 141.043 141.051 141.058 141.064 -9999.000 -9999.000 -9999.000 -9999.000 -9999.000 -9999.000
140.511 140.517 140.523 140.528 140.533 140.536 -9999.000 140.585 140.593 140.601 140.609 140.617 140.625 140.632 140.640 140.648 140.657 140.665 140.674 140.683 140.692 140.702 140.711 140.721 140.731 140.741 140.752 140.763 140.774 140.785 140.796 140.808 140.820 140.832 140.844 140.857 140.870 140.883 140.896 140.906 140.915 140.923 140.932 140.940 140.948 140.957 140.965 140.973 140.981 140.989 140.998 141.006 141.014 141.022 141.030 141.038 141.045 141.055 -9999.000 -9999.000 -9999.000 -9999.000 -9999.000 -9999.000
140.507 140.512 140.518 140.524 140.529 140.533 -9999.000 140.577 140.583 140.592 140.600 140.608 140.616 140.623 140.631 140.640 140.648 140.656 140.665 140.674 140.683 140.692 140.702 140.711 140.721 140.731 140.742 140.752 140.763 140.774 140.785 140.796 140.808 140.819 140.831 140.844 140.856 140.870 140.880 140.890 140.899 140.907 140.916 140.924 140.933 140.941 140.950 140.958 140.966 140.975 140.983 140.992 141.000 141.009 141.017 141.025 141.031 -9999.000 -9999.000 -9999.000 -9999.000 -9999.000 -9999.000 -9999.000
140.502 140.508 140.514 140.520 140.527 140.535 140.546 140.562 140.573 140.582 140.590 140.599 140.607 140.615 140.623 140.631 140.639 140.647 140.656 140.665 140.674 140.683 140.692 140.701 140.711 140.721 140.731 140.741 140.752 140.762 140.773 140.784 140.795 140.807 140.818 140.830 140.843 140.856 140.865 140.874 140.883 140.891 140.900 140.909 140.917 140.926 140.934 140.943 140.951 140.960 140.969 140.978 140.987 140.996 141.005 141.014 141.023 141.023 141.022 141.022 -9999.000 -9999.000 -9999.000 -9999.000
140.497 140.504 140.510 140.516 140.524 140.532 140.542 140.554 140.564 140.573 140.581 140.590 140.598 140.606 140.614 140.622 140.630 140.638 140.647 140.655 140.664 140.673 140.682 140.691 140.701 140.710 140.720 140.730 140.740 140.751 140.761 140.772 140.783 140.794 140.805 140.817 140.829 140.840 140.849 140.858 140.867 140.876 140.884 140.893 140.902 140.910 140.919 140.928 140.936 140.945 140.954 140.964 140.973 140.983 140.994 141.004 -9999.000 -9999.000 141.022 141.022 141.022 141.022 141.022 -9999.000
140.493 140.499 140.505 140.512 140.520 140.528 140.537 140.546 140.556 140.564 140.573 140.581 140.589 140.597 140.605 140.613 140.621 140.629 140.638 140.646 140.655 140.663 140.672 140.681 140.690 140.700 140.709 140.719 140.729 140.739 140.749 140.760 140.770 140.781 140.792 140.803 140.816 140.824 140.833 140.842 140.851 140.860 140.869 140.878 140.886 140.895 140.904 140.913 140.921 140.930 140.939 140.949 140.959 140.970 140.982 -9999.000 -9999.000 -9999.000 -9999.000 -9999.000 -9999.000 -9999.000 -9999.000 -9999.000
