LISFLOOD/results/run2.inittm
ncols         138
nrows         103
xllcorner     341179.518085
yllcorner     4516709.658735
cellsize      30.000000
NODATA_value  -9999.000000
[rows 62 to 92 of 103, columns 0 to 67 of 138]
-9999.000 -9999.000 -9999.000 -9999.000 -9999.000 -9999.000 -9999.000 -9999.000 -9999.000 -9999.000 -9999.000 -9999.000 -9999.000 -9999.000 -9999.000 -9999.000 -9999.000 -9999.000 -9999.000 -9999.000 -9999.000 -9999.000 -9999.000 -9999.000 -9999.000 -9999.000 24.420 23.443 23.267 22.889 17.417 17.608 16.142 13.750 13.246 12.829 12.613 12.385 12.256 10.774 9.682 8.878 8.311 7.988 7.687 7.273 6.632 6.168 5.913 5.892 6.091 7.392 8.131 8.164 8.070 7.932 7.002 5.186 4.332 3.855 3.339 3.011 2.601 2.621 2.660 2.866 3.494 3.372
-9999.000 -9999.000 -9999.000 -9999.000 -9999.000 -9999.000 -9999.000 -9999.000 -9999.000 -9999.000 -9999.000 -9999.000 -9999.000 -9999.000 -9999.000 -9999.000 -9999.000 -9999.000 -9999.000 -9999.000 -9999.000 -9999.000 -9999.000 -9999.000 -9999.000 -9999.000 24.236 23.442 23.214 21.147 16.913 16.636 16.233 16.275 16.853 13.996 12.737 11.951 10.229 9.131 8.844 8.681 8.415 8.015 7.593 7.247 6.707 6.262 6.018 5.977 6.339 7.906 8.503 8.747 8.635 8.275 6.797 4.946 4.179 3.470 3.169 2.834 2.559 2.586 2.574 2.740 3.982 2.201
-9999.000 -9999.000 -9999.000 -9999.000 -9999.000 -9999.000 -9999.000 -9999.000 -9999.000 -9999.000 -9999.000 -9999.000 -9999.000 -9999.000 -9999.000 -9999.000 -9999.000 -9999.000 -9999.000 -9999.000 -9999.000 -9999.000 -9999.000 -9999.000 -9999.000 -9999.000 23.035 21.899 21.658 21.503 23.059 21.658 18.030 14.628 13.166 11.126 10.670 10.218 9.891 9.301 8.898 8.640 8.364 8.047 7.509 7.116 6.443 6.272 6.172 6.188 6.801 8.061 8.782 9.351 9.240 8.769 6.456 4.685 3.948 3.226 3.092 2.701 2.514 2.528 2.504 2.628 3.527 1.732
-9999.000 -9999.000 -9999.000 -9999.000 -9999.000 -9999.000 -9999.000 -9999.000 -9999.000 -9999.000 -9999.000 -9999.000 -9999.000 -9999.000 -9999.000 -9999.000 -9999.000 -9999.000 -9999.000 -9999.000 -9999.000 -9999.000 -9999.000 -9999.000 -9999.000 -9999.000 -9999.000 -9999.000 -9999.000 -9999.000 -9999.000 -9999.000 19.802 15.228 13.334 11.791 10.464 10.083 10.132 9.543 9.156 8.724 8.329 7.869 7.242 6.643 6.364 6.322 6.219 6.367 7.307 8.137 8.996 9.706 9.601 8.991 6.074 4.361 3.659 3.097 3.027 2.551 2.469 2.459 2.404 2.541 2.686 1.707
-9999.000 -9999.000 -9999.000 -9999.000 -9999.000 -9999.000 -9999.000 -9999.000 -9999.000 -9999.000 -9999.000 -9999.000 -9999.000 -9999.000 -9999.000 -9999.000 -9999.000 -9999.000 -9999.000 -9999.000 -9999.000 -9999.000 -9999.000 -9999.000 -9999.000 -9999.000 -9999.000 -9999.000 -9999.000 -9999.000 -9999.000 -9999.000 22.633 15.513 13.592 12.236 11.212 10.003 9.496 9.519 9.144 8.838 8.269 7.753 6.954 6.569 6.408 6.453 6.313 6.423 7.548 8.263 9.238 10.057 9.931 8.688 5.374 3.931 3.332 3.094 2.961 2.453 2.431 2.403 2.343 2.469 2.296 1.724
-9999.000 -9999.000 -9999.000 -9999.000 -9999.000 -9999.000 -9999.000 -9999.000 -9999.000 -9999.000 -9999.000 -9999.000 -9999.000 -9999.000 -9999.000 -9999.000 -9999.000 -9999.000 -9999.000 -9999.000 -9999.000 -9999.000 -9999.000 -9999.000 -9999.000 -9999.000 -9999.000 -9999.000 -9999.000 -9999.000 -9999.000 -9999.000 18.778 16.167 14.894 12.614 11.141 9.571 8.918 9.002 9.017 8.602 8.099 7.487 6.881 6.602 6.451 6.466 6.423 6.466 7.642 8.292 9.511 10.586 10.431 7.915 4.728 3.524 3.179 3.061 2.893 2.377 2.342 2.323 2.281 2.426 1.827 1.721
-9999.000 -9999.000 -9999.000 -9999.000 -9999.000 -9999.000 -9999.000 -9999.000 -9999.000 -9999.000 -9999.000 -9999.000 -9999.000 -9999.000 -9999.000 -9999.000 -9999.000 -9999.000 -9999.000 -9999.000 -9999.000 -9999.000 -9999.000 -9999.000 -9999.000 -9999.000 -9999.000 -9999.000 -9999.000 -9999.000 -9999.000 -9999.000 18.801 17.682 16.267 13.153 11.401 9.714 8.812 8.513 8.460 8.291 8.046 7.464 6.976 6.588 6.497 6.618 6.514 6.513 7.661 8.436 9.864 10.933 10.763 6.622 4.074 3.191 3.042 2.883 2.849 2.309 2.274 2.248 2.229 2.276 1.753 1.724
-9999.000 -9999.000 -9999.000 -9999.000 -9999.000 -9999.000 -9999.000 -9999.000 -9999.000 -9999.000 -9999.000 -9999.000 -9999.000 -9999.000 -9999.000 -9999.000 -9999.000 -9999.000 -9999.000 -9999.000 -9999.000 -9999.000 -9999.000 -9999.000 -9999.000 -9999.000 -9999.000 -9999.000 -9999.000 -9999.000 -9999.000 -9999.000 25.729 17.153 14.914 13.138 11.533 9.782 8.821 8.461 8.084 7.941 7.624 7.277 6.981 6.663 6.574 6.750 6.603 6.698 7.783 8.721 10.083 11.765 11.278 5.318 3.673 3.095 2.966 2.863 2.796 2.284 2.246 2.217 2.186 2.133 1.732 1.703
-9999.000 -9999.000 -9999.000 -9999.000 -9999.000 -9999.000 -9999.000 -9999.000 -9999.000 -9999.000 -9999.000 -9999.000 -9999.000 -9999.000 -9999.000 -9999.000 -9999.000 -9999.000 -9999.000 -9999.000 -9999.000 -9999.000 -9999.000 -9999.000 -9999.000 -9999.000 -9999.000 -9999.000 -9999.000 -9999.000 -9999.000 -9999.000 -9999.000 16.353 14.596 13.115 11.552 9.979 8.951 8.488 8.147 7.701 7.526 7.392 7.164 6.783 6.677 6.804 6.668 7.157 8.062 8.889 10.483 13.250 11.776 4.936 3.473 3.062 2.957 2.913 2.727 2.341 2.379 2.350 2.318 1.906 1.726 1.698
-9999.000 -9999.000 -9999.000 -9999.000 -9999.000 -9999.000 -9999.000 -9999.000 -9999.000 -9999.000 -9999.000 -9999.000 -9999.000 -9999.000 -9999.000 -9999.000 -9999.000 -9999.000 -9999.000 -9999.000 -9999.000 -9999.000 -9999.000 -9999.000 -9999.000 -9999.000 -9999.000 -9999.000 -9999.000 -9999.000 -9999.000 -9999.000 -9999.000 15.853 13.941 12.843 11.918 10.060 9.140 8.613 8.309 7.879 7.444 7.327 7.102 6.838 6.785 6.827 6.733 7.432 8.146 9.036 10.533 12.386 10.099 5.647 3.338 2.959 2.874 2.894 2.632 2.390 2.379 2.361 2.360 1.780 1.719 1.684
-9999.000 -9999.000 -9999.000 -9999.000 -9999.000 -9999.000 -9999.000 -9999.000 -9999.000 -9999.000 -9999.000 -9999.000 -9999.000 -9999.000 -9999.000 -9999.000 -9999.000 -9999.000 -9999.000 -9999.000 -9999.000 -9999.000 -9999.000 -9999.000 -9999.000 -9999.000 -9999.000 -9999.000 -9999.000 -9999.000 -9999.000 -9999.000 -9999.000 16.255 13.549 12.889 12.346 10.083 9.228 8.649 8.269 7.962 7.607 7.139 7.017 6.899 6.887 6.877 6.896 7.640 8.104 9.067 10.355 10.185 5.679 3.813 3.123 3.024 2.854 2.782 2.494 2.378 2.347 2.314 2.268 1.753 1.731 1.692
-9999.000 -9999.000 -9999.000 -9999.000 -9999.000 -9999.000 -9999.000 -9999.000 -9999.000 -9999.000 -9999.000 -9999.000 -9999.000 -9999.000 -9999.000 -9999.000 -9999.000 -9999.000 -9999.000 -9999.000 -9999.000 -9999.000 -9999.000 -9999.000 -9999.000 -9999.000 -9999.000 -9999.000 -9999.000 -9999.000 -9999.000 -9999.000 -9999.000 15.481 13.263 12.608 11.679 10.082 9.112 8.457 8.132 7.810 7.516 6.944 7.045 6.977 6.959 6.914 6.944 7.641 7.954 8.961 8.867 7.252 4.087 3.359 3.125 3.097 3.126 2.926 2.514 2.501 2.518 2.479 2.105 1.784 1.759 1.718
-9999.000 -9999.000 -9999.000 -9999.000 -9999.000 -9999.000 -9999.000 -9999.000 -9999.000 -9999.000 -9999.000 -9999.000 -9999.000 -9999.000 -9999.000 -9999.000 -9999.000 -9999.000 -9999.000 -9999.000 -9999.000 -9999.000 -9999.000 -9999.000 -9999.000 -9999.000 -9999.000 -9999.000 -9999.000 -9999.000 -9999.000 -9999.000 27.653 14.626 12.747 11.517 10.676 9.901 9.036 8.274 7.932 7.612 7.297 6.779 6.874 7.031 7.014 6.953 7.003 7.538 7.616 7.786 7.785 5.208 3.638 3.230 3.167 3.357 3.163 2.866 2.540 2.757 2.751 2.707 1.901 1.802 1.779 1.747
-9999.000 -9999.000 -9999.000 -9999.000 -9999.000 -9999.000 -9999.000 -9999.000 -9999.000 -9999.000 -9999.000 -9999.000 -9999.000 -9999.000 -9999.000 -9999.000 -9999.000 -9999.000 -9999.000 -9999.000 -9999.000 -9999.000 -9999.000 -9999.000 -9999.000 -9999.000 -9999.000 -9999.000 -9999.000 -9999.000 -9999.000 -9999.000 17.477 14.192 12.138 10.791 9.643 8.589 8.851 8.371 8.199 8.062 7.621 6.627 6.666 6.829 6.871 6.976 7.129 7.546 7.502 7.637 6.816 4.118 3.421 3.214 3.183 3.150 3.061 2.659 2.582 2.783 2.743 2.690 1.850 1.823 1.801 1.773
-9999.000 -9999.000 -9999.000 -9999.000 -9999.000 -9999.000 -9999.000 -9999.000 -9999.000 -9999.000 -9999.000 -9999.000 -9999.000 -9999.000 -9999.000 -9999.000 -9999.000 -9999.000 -9999.000 -9999.000 -9999.000 -9999.000 -9999.000 -9999.000 -9999.000 -9999.000 -9999.000 -9999.000 -9999.000 -9999.000 -9999.000 25.957 17.089 14.488 12.399 10.754 9.250 8.346 8.289 8.322 8.290 8.144 7.596 6.491 6.575 6.681 6.852 7.089 7.249 7.482 7.415 7.264 5.230 3.672 3.339 3.211 3.175 3.105 2.949 2.679 2.783 2.894 2.856 2.381 1.872 1.856 1.831 1.763
-9999.000 -9999.000 -9999.000 -9999.000 -9999.000 -9999.000 -9999.000 -9999.000 -9999.000 -9999.000 -9999.000 -9999.000 -9999.000 -9999.000 -9999.000 -9999.000 -9999.000 -9999.000 -9999.000 -9999.000 -9999.000 -9999.000 -9999.000 -9999.000 -9999.000 -9999.000 -9999.000 -9999.000 -9999.000 -9999.000 -9999.000 -9999.000 22.223 18.060 14.504 11.768 9.497 8.363 7.871 7.541 7.272 6.829 6.395 6.447 6.639 7.021 7.172 7.162 7.582 7.778 7.702 6.689 4.376 3.492 3.291 3.203 3.157 3.116 2.777 2.759 3.011 2.985 3.029 2.043 1.873 1.833 1.786 1.748
-9999.000 -9999.000 -9999.000 -9999.000 -9999.000 -9999.000 -9999.000 -9999.000 -9999.000 -9999.000 -9999.000 -9999.000 -9999.000 -9999.000 -9999.000 -9999.000 -9999.000 -9999.000 -9999.000 -9999.000 -9999.000 -9999.000 -9999.000 -9999.000 -9999.000 -9999.000 -9999.000 -9999.000 -9999.000 -9999.000 -9999.000 -9999.000 -9999.000 22.111 16.293 12.696 10.152 8.941 8.158 7.872 7.796 7.580 6.344 6.464 6.759 7.023 7.082 7.293 7.783 7.749 6.886 5.830 4.443 3.410 3.264 3.229 3.201 2.881 2.798 3.016 2.976 2.941 2.892 1.864 1.817 1.798 1.778 1.761
-9999.000 -9999.000 -9999.000 -9999.000 -9999.000 -9999.000 -9999.000 -9999.000 -9999.000 -9999.000 -9999.000 -9999.000 -9999.000 -9999.000 -9999.000 -9999.000 -9999.000 -9999.000 -9999.000 -9999.000 -9999.000 -9999.000 -9999.000 -9999.000 -9999.000 -9999.000 -9999.000 -9999.000 -9999.000 -9999.000 -9999.000 -9999.000 -9999.000 20.073 15.783 12.979 10.799 9.148 8.361 7.683 7.646 7.387 6.262 6.470 6.872 7.006 7.068 7.545 7.693 8.013 6.133 4.266 3.560 3.335 3.289 3.263 2.992 2.896 3.065 3.249 3.208 3.171 2.455 1.858 1.841 1.824 1.804 1.792
-9999.000 -9999.000 -9999.000 -9999.000 -9999.000 -9999.000 -9999.000 -9999.000 -9999.000 -9999.000 -9999.000 -9999.000 -9999.000 -9999.000 -9999.000 -9999.000 -9999.000 -9999.000 -9999.000 -9999.000 -9999.000 -9999.000 -9999.000 -9999.000 -9999.000 -9999.000 -9999.000 -9999.000 -9999.000 -9999.000 -9999.000 -9999.000 22.004 21.495 21.165 17.769 13.044 8.619 7.685 7.153 6.723 6.493 6.210 6.587 6.906 6.968 7.101 7.473 7.573 6.914 5.009 3.793 3.488 3.427 3.316 3.082 3.006 3.026 3.293 3.247 3.219 3.185 2.015 1.874 1.856 1.841 1.833 1.832
-9999.000 -9999.000 -9999.000 -9999.000 -9999.000 -9999.000 -9999.000 -9999.000 -9999.000 -9999.000 -9999.000 -9999.000 -9999.000 -9999.000 -9999.000 -9999.000 -9999.000 -9999.000 -9999.000 -9999.000 -9999.000 -9999.000 -9999.000 -9999.000 -9999.000 -9999.000 -9999.000 -9999.000 -9999.000 -9999.000 -9999.000 20.724 21.978 22.609 22.881 18.611 13.146 8.649 7.421 6.756 6.509 6.212 6.139 6.662 6.894 6.962 7.201 7.371 7.419 6.203 4.360 3.553 3.519 3.406 3.136 3.094 3.179 3.318 3.267 3.228 3.197 2.972 1.986 1.906 1.873 1.862 1.854 1.853
-9999.000 -9999.000 -9999.000 -9999.000 -9999.000 -9999.000 -9999.000 -9999.000 -9999.000 -9999.000 -9999.000 -9999.000 -9999.000 -9999.000 -9999.000 -9999.000 -9999.000 -9999.000 -9999.000 -9999.000 -9999.000 -9999.000 -9999.000 -9999.000 -9999.000 -9999.000 -9999.000 -9999.000 -9999.000 -9999.000 22.866 19.691 19.468 21.479 20.287 16.543 11.587 8.444 7.203 6.367 6.039 5.921 6.096 6.729 6.934 6.975 7.102 7.269 6.746 5.230 3.829 3.486 3.372 3.169 3.150 3.409 3.433 3.356 3.327 3.302 3.300 2.695 1.947 1.921 1.893 1.881 1.874 1.864
-9999.000 -9999.000 -9999.000 -9999.000 -9999.000 -9999.000 -9999.000 -9999.000 -9999.000 -9999.000 -9999.000 -9999.000 -9999.000 -9999.000 -9999.000 -9999.000 -9999.000 -9999.000 -9999.000 -9999.000 -9999.000 -9999.000 -9999.000 -9999.000 -9999.000 -9999.000 -9999.000 -9999.000 -9999.000 -9999.000 22.168 21.371 19.124 16.122 13.391 11.251 9.644 7.642 6.214 5.749 5.978 5.876 6.094 6.396 6.941 6.894 7.002 7.302 5.867 4.054 3.667 3.378 3.217 3.202 3.636 3.612 3.379 3.338 3.297 3.266 3.228 2.032 1.948 1.936 1.934 1.933 1.938 1.966
-9999.000 -9999.000 -9999.000 -9999.000 -9999.000 -9999.000 -9999.000 -9999.000 -9999.000 -9999.000 -9999.000 -9999.000 -9999.000 -9999.000 -9999.000 -9999.000 -9999.000 -9999.000 -9999.000 -9999.000 -9999.000 -9999.000 -9999.000 -9999.000 -9999.000 -9999.000 -9999.000 -9999.000 -9999.000 -9999.000 -9999.000 -9999.000 23.388 20.936 13.963 11.250 9.258 6.713 5.949 5.647 5.957 5.760 5.955 6.134 6.661 6.678 6.643 6.432 5.627 4.229 3.558 3.262 3.242 3.623 3.753 3.501 3.441 3.419 3.384 3.357 2.969 2.011 1.958 1.946 1.947 1.948 2.014 2.381
-9999.000 -9999.000 -9999.000 -9999.000 -9999.000 -9999.000 -9999.000 -9999.000 -9999.000 -9999.000 -9999.000 -9999.000 -9999.000 -9999.000 -9999.000 -9999.000 -9999.000 -9999.000 -9999.000 -9999.000 -9999.000 -9999.000 -9999.000 -9999.000 -9999.000 -9999.000 -9999.000 -9999.000 -9999.000 -9999.000 -9999.000 -9999.000 25.662 25.453 15.443 10.783 8.998 6.516 5.738 5.561 5.564 5.638 5.738 5.995 6.668 6.602 6.524 5.802 5.411 4.387 3.339 3.281 3.531 3.770 3.734 3.457 3.423 3.391 3.367 3.418 2.603 2.012 1.970 1.959 1.961 1.962 2.017 2.194
-9999.000 -9999.000 -9999.000 -9999.000 -9999.000 -9999.000 -9999.000 -9999.000 -9999.000 -9999.000 -9999.000 -9999.000 -9999.000 -9999.000 -9999.000 -9999.000 -9999.000 -9999.000 -9999.000 -9999.000 -9999.000 -9999.000 -9999.000 -9999.000 -9999.000 -9999.000 -9999.000 -9999.000 -9999.000 -9999.000 -9999.000 26.784 24.627 25.817 17.013 9.829 7.990 6.050 5.477 5.391 5.346 5.536 5.672 6.377 6.858 6.553 6.197 5.564 5.056 3.768 3.355 3.373 3.816 3.838 3.664 3.428 3.394 3.360 3.333 3.260 2.328 2.011 1.984 1.976 1.979 1.983 2.005 2.052
-9999.000 -9999.000 -9999.000 -9999.000 -9999.000 -9999.000 -9999.000 -9999.000 -9999.000 -9999.000 -9999.000 -9999.000 -9999.000 -9999.000 -9999.000 -9999.000 -9999.000 -9999.000 -9999.000 -9999.000 -9999.000 -9999.000 -9999.000 -9999.000 -9999.000 -9999.000 -9999.000 -9999.000 -9999.000 -9999.000 -9999.000 22.965 21.983 15.257 10.414 8.554 7.122 5.757 5.416 5.348 5.283 5.629 6.109 6.855 6.773 6.396 5.627 4.814 4.386 3.465 3.384 3.712 3.806 3.783 3.551 3.474 3.544 3.518 3.502 2.958 2.151 2.018 2.001 2.009 2.002 2.005 2.023 2.046
-9999.000 -9999.000 -9999.000 -9999.000 -9999.000 -9999.000 -9999.000 -9999.000 -9999.000 -9999.000 -9999.000 -9999.000 -9999.000 -9999.000 -9999.000 -9999.000 -9999.000 -9999.000 -9999.000 -9999.000 -9999.000 -9999.000 -9999.000 -9999.000 -9999.000 -9999.000 -9999.000 -9999.000 -9999.000 -9999.000 -9999.000 24.984 19.086 14.118 10.777 8.959 6.744 5.655 5.381 5.312 5.256 5.596 6.053 6.168 5.849 5.515 4.929 4.091 3.962 3.470 3.453 3.805 3.781 3.717 3.568 3.543 3.515 3.489 3.465 2.618 2.084 2.034 2.017 2.031 2.030 2.027 2.043 2.069
-9999.000 -9999.000 -9999.000 -9999.000 -9999.000 -9999.000 -9999.000 -9999.000 -9999.000 -9999.000 -9999.000 -9999.000 -9999.000 -9999.000 -9999.000 -9999.000 -9999.000 -9999.000 -9999.000 -9999.000 -9999.000 -9999.000 -9999.000 -9999.000 -9999.000 -9999.000 -9999.000 -9999.000 -9999.000 -9999.000 -9999.000 -9999.000 16.488 12.108 9.863 7.904 6.271 5.689 5.372 5.286 5.231 5.456 5.506 5.522 5.456 5.149 4.611 4.147 3.934 3.492 3.553 3.815 3.792 3.669 3.565 3.529 3.489 3.459 3.116 2.291 2.088 2.055 2.039 2.077 2.057 2.051 2.064 2.139
-9999.000 -9999.000 -9999.000 -9999.000 -9999.000 -9999.000 -9999.000 -9999.000 -9999.000 -9999.000 -9999.000 -9999.000 -9999.000 -9999.000 -9999.000 -9999.000 -9999.000 -9999.000 -9999.000 -9999.000 -9999.000 -9999.000 -9999.000 -9999.000 -9999.000 -9999.000 -9999.000 -9999.000 -9999.000 -9999.000 -9999.000 21.424 12.417 9.933 8.326 7.075 6.179 5.755 5.387 5.239 5.149 5.126 5.033 4.984 5.003 4.611 4.103 3.937 3.872 3.524 3.582 3.787 3.778 3.632 3.600 3.569 3.549 3.552 2.707 2.207 2.099 2.076 2.067 2.156 2.082 2.077 2.088 2.204
-9999.000 -9999.000 -9999.000 -9999.000 -9999.000 -9999.000 -9999.000 -9999.000 -9999.000 -9999.000 -9999.000 -9999.000 -9999.000 -9999.000 -9999.000 -9999.000 -9999.000 -9999.000 -9999.000 -9999.000 -9999.000 -9999.000 -9999.000 -9999.000 -9999.000 -9999.000 -9999.000 -9999.000 -9999.000 -9999.000 -9999.000 15.890 11.754 9.874 8.427 6.920 6.136 5.831 5.453 5.397 5.334 5.109 5.043 4.949 4.921 4.092 4.066 4.026 3.938 3.572 3.589 3.748 3.731 3.618 3.582 3.544 3.517 3.417 2.437 2.191 2.121 2.099 2.097 2.297 2.138 2.104 2.129 2.206
-9999.000 -9999.000 -9999.000 -9999.000 -9999.000 -9999.000 -9999.000 -9999.000 -9999.000 -9999.000 -9999.000 -9999.000 -9999.000 -9999.000 -9999.000 -9999.000 -9999.000 -9999.000 -9999.000 -9999.000 -9999.000 -9999.000 -9999.000 -9999.000 -9999.000 -9999.000 -9999.000 -9999.000 -9999.000 -9999.000 -9999.000 15.348 11.511 9.566 7.959 6.741 6.143 5.887 5.569 5.739 5.893 5.832 5.552 5.346 4.664 4.152 4.178 4.057 3.955 3.591 3.627 3.773 3.746 3.739 3.972 4.176 4.113 3.091 2.346 2.177 2.144 2.127 2.127 2.252 2.201 2.159 2.225 2.203
