LISFLOOD/results/run2.totaltm
ncols         138
nrows         103
xllcorner     341179.518085
yllcorner     4516709.658735
cellsize      30.000000
NODATA_value  -9999.000000
[rows 33 to 65 of 103, columns 0 to 72 of 138]
0.000 0.000 0.000 0.000 0.000 0.000 0.000 0.000 0.000 0.000 0.000 0.000 0.000 0.000 0.000 0.000 0.000 0.000 0.000 0.000 0.000 0.000 0.000 0.000 0.000 0.000 0.000 0.000 0.000 0.000 0.000 0.000 0.000 0.000 0.000 0.000 0.000 0.000 0.000 0.000 0.000 0.000 16.087 18.512 18.708 19.771 20.985 20.968 21.027 20.742 20.681 20.766 20.697 20.412 20.199 20.264 21.130 21.568 21.884 21.981 22.187 22.857 23.415 24.127 24.617 24.835 24.895 24.979 25.047 25.213 25.256 25.319 25.575
0.000 0.000 0.000 0.000 0.000 0.000 0.000 0.000 0.000 0.000 0.000 0.000 0.000 0.000 0.000 0.000 0.000 0.000 0.000 0.000 0.000 0.000 0.000 0.000 0.000 0.000 0.000 0.000 0.000 0.000 0.000 0.000 0.000 0.000 0.000 0.000 0.000 0.000 0.000 0.000 0.000 0.000 16.104 18.327 18.679 19.724 21.046 21.096 21.215 21.233 21.312 21.279 20.917 20.759 20.770 21.052 21.306 21.607 21.878 21.993 22.564 23.029 23.512 24.427 24.754 24.836 24.877 25.036 25.123 25.185 25.211 25.287 25.771
0.000 0.000 0.000 0.000 0.000 0.000 0.000 0.000 0.000 0.000 0.000 0.000 0.000 0.000 0.000 0.000 0.000 0.000 0.000 0.000 0.000 0.000 0.000 0.000 0.000 0.000 0.000 0.000 0.000 0.000 0.000 0.000 0.000 0.000 0.000 0.000 0.000 0.000 0.000 0.000 0.000 0.000 15.673 18.689 19.089 19.898 21.099 21.207 21.457 21.569 21.686 21.569 21.401 21.199 21.143 21.421 21.504 21.801 22.133 22.333 22.633 23.242 23.873 24.566 24.711 24.776 24.770 24.816 25.096 25.155 25.184 25.273 25.988
0.000 0.000 0.000 0.000 0.000 0.000 0.000 0.000 0.000 0.000 0.000 0.000 0.000 0.000 0.000 0.000 0.000 0.000 0.000 0.000 0.000 0.000 0.000 0.000 0.000 0.000 0.000 0.000 0.000 0.000 0.000 0.000 0.000 0.000 0.000 0.000 0.000 0.000 0.000 0.000 0.000 0.000 11.331 15.776 18.549 20.178 21.211 21.477 21.726 21.815 21.956 21.839 21.818 21.757 21.927 21.792 21.791 21.889 22.409 22.462 22.823 23.530 24.029 24.521 24.630 24.742 24.528 24.761 25.060 25.094 25.126 25.558 26.157
0.000 0.000 0.000 0.000 0.000 0.000 0.000 0.000 0.000 0.000 0.000 0.000 0.000 0.000 0.000 0.000 0.000 0.000 0.000 0.000 0.000 0.000 0.000 0.000 0.000 0.000 0.000 0.000 0.000 0.000 0.000 0.000 0.000 0.000 0.000 0.000 0.000 0.000 0.000 0.000 0.000 4.963 12.126 15.171 19.208 20.159 20.997 21.529 21.820 21.961 22.058 22.104 22.151 22.287 22.333 22.059 22.054 22.303 22.697 22.913 23.238 23.937 24.351 24.503 24.631 24.699 24.695 24.854 25.028 25.064 25.163 25.788 26.216
0.000 0.000 0.000 0.000 0.000 0.000 0.000 0.000 0.000 0.000 0.000 0.000 0.000 0.000 0.000 0.000 0.000 0.000 0.000 0.000 0.000 0.000 0.000 0.000 0.000 0.000 0.000 0.000 0.000 0.000 0.000 0.000 0.000 0.000 0.000 0.000 0.000 0.000 0.000 0.000 0.000 5.926 13.131 15.998 19.221 20.009 20.791 21.427 21.792 21.875 21.883 22.106 22.181 22.346 22.400 22.309 22.433 22.931 23.174 23.313 23.662 24.221 24.383 24.473 24.591 24.611 24.707 24.804 24.989 25.024 25.377 25.913 26.212
0.000 0.000 0.000 0.000 0.000 0.000 0.000 0.000 0.000 0.000 0.000 0.000 0.000 0.000 0.000 0.000 0.000 0.000 0.000 0.000 0.000 0.000 0.000 0.000 0.000 0.000 0.000 0.000 0.000 0.000 0.000 0.000 0.000 0.000 0.000 0.000 0.000 0.000 0.000 0.000 0.000 8.599 14.482 17.036 18.936 19.474 20.630 21.229 21.558 21.595 21.547 21.797 21.892 22.308 22.464 22.539 22.732 23.106 23.388 23.492 24.153 24.254 24.378 24.479 24.532 24.546 24.617 24.747 24.898 24.989 25.572 26.020 26.193
0.000 0.000 0.000 0.000 0.000 0.000 0.000 0.000 0.000 0.000 0.000 0.000 0.000 0.000 0.000 0.000 0.000 0.000 0.000 0.000 0.000 0.000 0.000 0.000 0.000 0.000 0.000 0.000 0.000 0.000 0.000 0.000 0.000 0.000 0.000 0.000 0.000 0.000 0.000 0.000 4.833 12.434 15.919 16.831 18.833 19.392 20.526 21.043 21.297 21.099 21.131 21.147 21.268 21.306 22.127 22.567 22.947 23.124 23.389 23.621 24.233 24.307 24.361 24.408 24.499 24.548 24.648 24.732 24.856 25.086 25.738 26.132 26.173
0.000 0.000 0.000 0.000 0.000 0.000 0.000 0.000 0.000 0.000 0.000 0.000 0.000 0.000 0.000 0.000 0.000 0.000 0.000 0.000 0.000 0.000 0.000 0.000 0.000 0.000 0.000 0.000 0.000 0.000 0.000 0.000 0.000 0.000 0.000 0.000 0.000 0.000 0.000 0.000 9.691 13.795 16.597 17.639 19.118 19.370 20.164 20.742 20.580 20.525 20.631 20.658 20.930 21.153 22.062 22.520 23.110 23.405 23.502 23.567 23.885 24.218 24.241 24.359 24.462 24.561 24.603 24.693 24.835 25.413 25.849 26.131 26.152
0.000 0.000 0.000 0.000 0.000 0.000 0.000 0.000 0.000 0.000 0.000 0.000 0.000 0.000 0.000 0.000 0.000 0.000 0.000 0.000 0.000 0.000 0.000 0.000 0.000 0.000 0.000 0.000 0.000 0.000 0.000 0.000 0.000 0.000 0.000 0.000 0.000 0.000 0.129 9.653 13.952 15.406 17.359 18.346 19.229 19.321 19.813 20.658 20.463 20.366 20.493 20.682 21.158 21.662 22.059 22.427 22.626 23.392 23.761 23.947 24.081 24.172 24.186 24.357 24.451 24.527 24.469 24.600 24.763 25.159 26.017 26.108 26.056
0.000 0.000 0.000 0.000 0.000 0.000 0.000 0.000 0.000 0.000 0.000 0.000 0.000 0.000 0.000 0.000 0.000 0.000 0.000 0.000 0.000 0.000 0.000 0.000 0.000 0.000 0.000 0.000 5.142 0.000 0.000 0.000 0.000 0.000 0.000 0.000 0.000 0.000 9.068 11.952 16.048 16.744 18.142 18.588 19.296 19.175 19.707 20.469 20.413 20.430 20.745 21.001 21.245 21.902 22.165 23.261 23.459 23.671 23.747 23.790 23.699 23.901 24.122 24.340 24.426 24.446 24.482 24.554 24.729 25.513 26.049 26.068 25.834
0.000 0.000 0.000 0.000 0.000 0.000 0.000 0.000 0.000 0.000 0.000 0.000 0.000 0.000 0.000 0.000 0.000 0.000 0.000 0.000 0.000 0.000 0.000 0.000 0.000 0.000 0.000 1.937 7.796 6.460 4.295 0.000 0.000 0.000 0.000 0.000 8.941 12.412 14.558 15.444 17.308 17.784 18.766 18.903 19.465 19.520 19.703 20.297 20.550 20.719 20.991 21.279 21.721 21.961 22.577 23.379 23.550 23.588 23.411 23.329 23.269 23.837 24.078 24.328 24.402 24.422 24.442 24.456 24.889 25.957 26.003 25.812 25.673
0.000 0.000 0.000 0.000 0.000 0.000 0.000 0.000 0.000 0.000 0.000 0.000 0.000 0.000 0.000 0.000 0.000 0.000 0.000 0.000 0.000 0.000 0.000 0.000 0.000 0.000 0.000 1.860 9.426 9.818 8.412 7.295 6.411 5.800 7.853 10.108 14.019 14.833 16.100 17.056 18.529 18.533 19.158 19.262 19.822 19.758 19.847 20.231 20.818 21.200 21.492 21.734 22.090 22.261 22.824 23.421 23.491 23.329 23.243 22.956 23.157 23.701 24.139 24.291 24.403 24.499 24.598 24.624 25.381 25.939 25.842 25.747 24.773
0.000 0.000 0.000 0.000 0.000 0.000 0.000 0.000 0.000 0.000 0.000 0.000 0.000 0.000 0.000 0.000 0.000 0.000 0.000 0.000 0.000 0.000 0.000 0.000 0.000 0.000 0.000 3.292 9.887 10.795 9.997 11.182 11.808 11.916 12.981 14.326 16.211 16.089 17.090 17.916 19.058 18.834 19.404 19.354 19.975 20.002 20.152 20.600 21.114 21.336 21.885 22.104 22.356 22.726 23.098 23.389 23.403 23.136 22.767 22.181 23.001 23.653 24.059 24.257 24.338 24.461 24.692 24.946 25.721 25.889 25.716 25.482 18.388
0.000 0.000 0.000 0.000 0.000 0.000 0.000 0.000 0.000 0.000 0.000 0.000 0.000 0.000 0.000 0.000 0.000 0.000 0.000 0.000 0.000 0.000 0.000 0.000 0.000 0.000 0.000 0.447 9.501 11.123 11.273 11.576 14.323 13.807 14.756 14.383 17.233 17.281 18.054 18.760 19.389 19.271 19.733 19.489 20.212 20.403 20.641 20.729 20.938 21.544 22.103 22.322 22.484 22.954 23.235 23.273 23.269 22.741 22.023 22.088 22.899 23.728 24.037 24.214 24.295 24.387 24.597 24.984 25.825 25.843 25.646 23.726 0.000
0.000 0.000 0.000 0.000 0.000 0.000 0.000 0.000 0.000 0.000 0.000 0.000 0.000 0.000 0.000 0.000 0.000 0.000 0.000 0.000 0.000 0.000 0.000 0.000 0.000 0.000 0.000 0.000 3.252 10.818 12.760 13.698 15.273 16.509 16.730 17.607 18.169 18.412 18.548 19.073 19.465 19.688 19.931 20.016 20.432 20.865 21.432 21.304 21.280 21.839 22.271 22.600 22.793 23.086 23.151 23.174 23.087 21.986 21.834 21.932 22.954 23.746 24.009 24.168 24.277 24.428 24.640 25.302 25.806 25.708 25.084 11.063 0.000
0.000 0.000 0.000 0.000 0.000 0.000 0.000 0.000 0.000 0.000 0.000 0.000 0.000 0.000 0.000 0.000 0.000 0.000 0.000 0.000 0.000 0.000 0.000 0.000 0.000 0.000 0.000 0.000 0.000 0.000 4.580 9.532 11.536 14.202 13.308 16.950 16.656 15.797 17.392 17.299 19.119 19.481 19.741 20.429 21.386 21.299 21.859 22.102 21.963 22.065 22.446 22.727 22.881 23.061 23.094 22.937 22.352 21.407 21.484 21.628 23.298 23.734 23.972 24.129 24.287 24.413 24.565 25.657 25.767 25.511 23.146 0.000 0.000
0.000 0.000 0.000 0.000 0.000 0.000 0.000 0.000 0.000 0.000 0.000 0.000 0.000 0.000 0.000 0.000 0.000 0.000 0.000 0.000 0.000 0.000 0.000 0.000 0.000 0.000 0.000 0.000 0.000 0.000 0.000 0.000 6.453 8.043 10.783 13.722 14.567 14.305 15.977 13.722 17.967 18.835 19.414 20.117 21.671 21.773 21.884 22.181 22.294 22.164 22.548 22.777 22.934 23.017 22.920 22.316 21.367 20.704 20.651 21.679 23.324 23.734 23.959 24.093 24.256 24.423 24.916 25.672 25.689 24.978 12.136 0.000 24.782
0.000 0.000 0.000 0.000 0.000 0.000 0.000 0.000 0.000 0.000 0.000 0.000 0.000 0.000 0.000 0.000 0.000 0.000 0.000 0.000 0.000 0.000 0.000 0.000 0.000 0.000 0.000 0.000 0.000 0.000 0.000 0.000 0.000 0.000 5.774 9.936 12.503 14.139 15.311 15.672 17.753 18.731 19.376 19.824 20.761 21.613 21.791 22.037 22.423 22.573 22.634 22.800 22.879 22.945 22.676 21.342 20.639 20.720 20.800 21.911 23.278 23.711 23.878 24.066 24.306 24.584 25.559 25.635 25.386 23.600 0.000 12.666 26.318
0.000 0.000 0.000 0.000 0.000 0.000 0.000 0.000 0.000 0.000 0.000 0.000 0.000 0.000 0.000 0.000 0.000 0.000 0.000 0.000 0.000 0.000 0.000 0.000 0.000 0.000 0.000 0.000 0.000 0.000 0.000 0.000 0.000 0.000 0.000 6.976 10.859 13.364 15.314 15.974 17.518 18.726 19.498 19.837 20.276 20.822 21.426 21.696 22.210 22.381 22.537 22.632 22.803 22.776 22.181 20.989 20.524 20.503 20.963 22.415 23.444 23.726 23.896 24.082 24.418 24.944 25.550 25.563 25.055 18.357 0.000 25.148 26.372
0.000 0.000 0.000 0.000 0.000 0.000 0.000 0.000 0.000 0.000 0.000 0.000 0.000 0.000 0.000 0.000 0.000 0.000 0.000 0.000 0.000 0.000 0.000 0.000 0.000 0.000 0.000 0.000 0.000 0.000 0.000 0.000 0.000 0.000 0.000 8.070 11.283 14.352 16.329 17.220 17.836 18.649 19.434 19.801 20.142 20.513 20.956 21.246 22.103 22.414 22.477 22.562 22.717 22.477 21.748 21.118 20.683 20.931 21.458 22.789 23.443 23.777 23.917 24.162 24.596 25.414 25.531 25.348 24.359 10.093 15.732 26.281 26.362
0.000 0.000 0.000 0.000 0.000 0.000 0.000 0.000 0.000 0.000 0.000 0.000 0.000 0.000 0.000 0.000 0.000 0.000 0.000 0.000 0.000 0.000 0.000 0.000 0.000 0.000 0.000 0.000 0.000 0.000 0.000 0.000 0.000 0.000 0.000 6.709 8.202 12.687 15.801 16.973 17.581 18.408 18.986 19.305 19.766 20.115 20.844 22.116 22.297 22.351 22.401 22.564 22.673 22.271 21.154 21.203 21.266 21.487 21.942 22.997 23.496 23.767 23.968 24.283 24.859 25.477 25.492 25.353 23.023 10.208 24.265 26.330 26.354
0.000 0.000 0.000 0.000 0.000 0.000 0.000 0.000 0.000 0.000 0.000 0.000 0.000 0.000 0.000 0.000 0.000 0.000 0.000 0.000 0.000 0.000 0.000 0.000 0.000 0.000 0.000 0.000 0.000 0.000 0.000 0.000 0.000 0.000 0.000 0.737 10.431 13.649 15.893 16.693 17.115 17.974 18.891 19.219 19.749 20.222 21.073 22.008 22.104 22.172 22.372 22.540 22.584 21.155 20.921 20.993 21.077 21.518 22.172 23.113 23.561 23.789 24.014 24.267 25.075 25.459 25.383 25.402 21.200 16.499 26.086 26.314 26.335
0.000 0.000 0.000 0.000 0.000 0.000 0.000 0.000 0.000 0.000 0.000 0.000 0.000 0.000 0.000 0.000 0.000 0.000 0.000 0.000 0.000 0.000 0.000 0.000 0.000 0.000 0.000 0.000 0.000 0.000 0.000 0.000 0.000 0.000 0.000 5.888 12.563 15.225 16.367 16.934 17.553 18.023 18.889 19.487 20.171 20.680 21.464 21.863 21.957 21.972 22.115 22.358 22.208 20.644 20.664 20.737 20.833 21.327 22.356 23.132 23.577 23.808 24.071 24.432 25.350 25.437 25.416 25.438 21.593 22.528 26.260 26.288 26.314
0.000 0.000 0.000 0.000 0.000 0.000 0.000 0.000 0.000 0.000 0.000 0.000 0.000 0.000 0.000 0.000 0.000 0.000 0.000 0.000 0.000 0.000 0.000 0.000 0.000 0.000 0.000 0.000 0.000 0.000 0.000 0.000 0.000 0.000 3.097 10.934 14.903 16.053 16.327 16.584 17.448 17.403 18.252 19.183 20.018 21.143 21.681 21.769 21.889 22.204 22.261 22.314 21.540 20.518 20.587 20.673 20.976 21.401 22.475 23.184 23.625 23.842 24.327 24.929 25.378 25.413 25.443 25.470 25.501 26.041 26.270 26.304 26.339
0.000 0.000 0.000 0.000 0.000 0.000 0.000 0.000 0.000 0.000 0.000 0.000 0.000 0.000 0.000 0.000 0.000 0.000 0.000 0.000 0.000 0.000 0.000 0.000 0.000 0.000 0.000 0.000 0.000 0.000 0.000 0.000 0.000 0.000 11.167 14.534 15.280 15.409 15.448 15.165 15.721 16.762 18.219 19.084 19.804 21.232 21.471 21.653 22.085 22.148 22.188 22.263 21.413 20.111 20.163 20.267 20.724 21.580 22.773 23.343 23.656 23.921 24.637 25.235 25.351 25.104 24.877 22.856 20.973 26.091 26.264 26.301 26.333
0.000 0.000 0.000 0.000 0.000 0.000 0.000 0.000 0.000 0.000 0.000 0.000 0.000 0.000 0.000 0.000 0.000 0.000 0.000 0.000 0.000 0.000 0.000 0.000 0.000 0.000 0.000 0.000 0.000 0.000 0.000 0.000 0.000 2.662 14.578 15.000 15.088 15.106 15.087 15.088 15.272 15.499 17.964 19.162 19.919 20.747 20.812 21.689 22.059 22.110 22.160 22.202 20.912 19.886 19.952 20.057 20.922 21.649 22.749 23.384 23.736 24.184 24.695 25.283 25.299 24.893 24.562 22.448 22.775 26.194 26.248 26.278 26.308
0.000 0.000 0.000 0.000 0.000 0.000 0.000 0.000 0.000 0.000 0.000 0.000 0.000 0.000 0.000 0.000 0.000 0.000 0.000 0.000 0.000 0.000 0.000 0.000 0.000 0.000 0.000 0.000 0.000 0.000 0.000 0.000 0.000 13.049 14.606 14.727 14.893 15.064 15.134 15.233 15.312 15.614 18.504 19.457 19.680 20.567 21.239 21.873 22.009 22.017 22.081 22.142 20.776 19.903 19.987 20.125 20.880 21.836 23.004 23.352 23.937 24.431 24.979 25.262 25.141 24.909 24.244 22.099 25.421 26.220 26.254 26.285 26.314
0.000 0.000 0.000 0.000 0.000 0.000 0.000 0.000 0.000 0.000 0.000 0.000 0.000 0.000 0.000 0.000 0.000 0.000 0.000 0.000 0.000 0.000 0.000 0.000 0.000 0.000 0.000 1.286 1.298 0.526 3.603 0.000 8.770 14.250 14.549 14.653 14.781 15.234 15.445 15.684 16.638 17.733 18.703 19.341 20.191 20.733 21.400 21.756 21.905 21.971 22.007 21.351 20.235 19.588 19.663 19.777 20.732 22.362 23.199 23.496 24.198 24.534 25.186 25.226 24.993 24.851 24.200 22.620 26.118 26.221 26.248 26.287 26.311
0.000 0.000 0.000 0.000 0.000 0.000 0.000 0.000 0.000 0.000 0.000 0.000 0.000 0.000 0.000 0.000 0.000 0.000 0.000 0.000 0.000 0.000 0.000 0.000 0.000 0.000 3.358 4.335 4.511 4.889 10.362 10.171 11.637 14.028 14.533 14.949 15.166 15.393 15.523 17.004 18.096 18.900 19.468 19.790 20.092 20.506 21.147 21.611 21.866 21.886 21.687 20.386 19.648 19.614 19.708 19.846 20.777 22.593 23.447 23.923 24.439 24.767 25.177 25.158 25.118 24.912 24.284 24.406 26.172 26.197 26.237 26.287 26.312
0.000 0.000 0.000 0.000 0.000 0.000 0.000 0.000 0.000 0.000 0.000 0.000 0.000 0.000 0.000 0.000 0.000 0.000 0.000 0.000 0.000 0.000 0.000 0.000 0.000 0.000 3.543 4.336 4.564 6.632 10.865 11.142 11.545 11.503 10.926 13.783 15.041 15.827 17.549 18.648 18.934 19.098 19.363 19.763 20.186 20.532 21.072 21.516 21.761 21.801 21.439 19.873 19.275 19.031 19.143 19.503 20.981 22.832 23.599 24.308 24.609 24.944 25.219 25.193 25.204 25.038 23.797 25.577 26.141 26.164 26.188 26.285 26.329
0.000 0.000 0.000 0.000 0.000 0.000 0.000 0.000 0.000 0.000 0.000 0.000 0.000 0.000 0.000 0.000 0.000 0.000 0.000 0.000 0.000 0.000 0.000 0.000 0.000 0.000 4.743 5.879 6.121 6.275 4.719 6.120 9.748 13.151 14.612 16.652 17.108 17.560 17.888 18.478 18.880 19.138 19.414 19.731 20.269 20.662 21.335 21.506 21.607 21.591 20.977 19.717 18.997 18.428 18.538 19.009 21.322 23.093 23.831 24.553 24.686 25.077 25.264 25.250 25.274 25.151 24.252 26.047 26.106 26.132 26.171 26.282 26.321
0.000 0.000 0.000 0.000 0.000 0.000 0.000 0.000 0.000 0.000 0.000 0.000 0.000 0.000 0.000 0.000 0.000 0.000 0.000 0.000 0.000 0.000 0.000 0.000 0.000 0.000 0.000 0.000 0.000 0.000 0.000 0.000 7.976 12.550 14.444 15.988 17.314 17.695 17.646 18.235 18.622 19.054 19.449 19.909 20.536 21.136 21.414 21.457 21.559 21.412 20.471 19.641 18.782 18.072 18.177 18.787 21.704 23.418 24.119 24.681 24.752 25.228 25.309 25.319 25.374 25.238 25.092 26.071 26.103 26.134 26.208 26.277 26.306
