LISFLOOD/results/run2.mxe
ncols         138
nrows         103
xllcorner     341179.518085
yllcorner     4516709.658735
cellsize      30.000000
NODATA_value  -9999.000000
[rows 56 to 83 of 103, columns 0 to 63 of 138]
-9999.000 -9999.000 -9999.000 -9999.000 -9999.000 -9999.000 -9999.000 -9999.000 -9999.000 -9999.000 -9999.000 -9999.000 -9999.000 -9999.000 -9999.000 -9999.000 -9999.000 -9999.000 -9999.000 -9999.000 -9999.000 -9999.000 -9999.000 -9999.000 -9999.000 -9999.000 -9999.000 -9999.000 -9999.000 -9999.000 -9999.000 -9999.000 -9999.000 -9999.000 -9999.000 140.379 140.382 140.384 140.386 140.388 140.390 140.392 140.394 140.397 140.400 140.403 140.406 140.409 140.412 140.416 140.420 140.424 140.428 140.432 140.436 140.441 140.446 140.450 140.455 140.460 140.466 140.471 140.477 140.482
-9999.000 -9999.000 -9999.000 -9999.000 -9999.000 -9999.000 -9999.000 -9999.000 -9999.000 -9999.000 -9999.000 -9999.000 -9999.000 -9999.000 -9999.000 -9999.000 -9999.000 -9999.000 -9999.000 -9999.000 -9999.000 -9999.000 -9999.000 -9999.000 -9999.000 -9999.000 -9999.000 -9999.000 -9999.000 -9999.000 -9999.000 -9999.000 -9999.000 -9999.000 140.373 140.376 140.378 140.380 140.382 140.384 140.386 140.389 140.391 140.393 140.396 140.399 140.402 140.405 140.409 140.412 140.416 140.420 140.424 140.428 140.432 140.437 140.441 140.446 140.451 140.456 140.461 140.467 140.472 140.478
-9999.000 -9999.000 -9999.000 -9999.000 -9999.000 -9999.000 -9999.000 -9999.000 -9999.000 -9999.000 -9999.000 -9999.000 -9999.000 -9999.000 -9999.000 -9999.000 -9999.000 -9999.000 -9999.000 -9999.000 -9999.000 -9999.000 -9999.000 -9999.000 -9999.000 -9999.000 -9999.000 -9999.000 -9999.000 -9999.000 -9999.000 -9999.000 -9999.000 -9999.000 140.371 140.373 140.375 140.377 140.379 140.381 140.383 140.385 140.387 140.390 140.393 140.396 140.399 140.402 140.405 140.409 140.412 140.416 140.420 140.424 140.428 140.433 140.437 140.442 140.447 140.452 140.457 140.462 140.467 140.473
-9999.000 -9999.000 -9999.000 -9999.000 -9999.000 -9999.000 -9999.000 -9999.000 -9999.000 -9999.000 -9999.000 -9999.000 -9999.000 -9999.000 -9999.000 -9999.000 -9999.000 -9999.000 -9999.000 -9999.000 -9999.000 -9999.000 -9999.000 -9999.000 -9999.000 -9999.000 -9999.000 -9999.000 -9999.000 -9999.000 -9999.000 -9999.000 -9999.000 140.365 140.368 140.370 140.372 140.373 140.375 140.377 140.380 140.382 140.384 140.387 140.389 140.392 140.395 140.398 140.401 140.405 140.408 140.412 140.416 140.420 140.424 140.428 140.433 140.438 140.442 140.447 140.452 140.457 140.463 140.468
-9999.000 -9999.000 -9999.000 -9999.000 -9999.000 -9999.000 -9999.000 -9999.000 -9999.000 -9999.000 -9999.000 -9999.000 -9999.000 -9999.000 -9999.000 -9999.000 -9999.000 -9999.000 -9999.000 -9999.000 -9999.000 -9999.000 -9999.000 -9999.000 -9999.000 -9999.000 -9999.000 -9999.000 -9999.000 -9999.000 -9999.000 -9999.000 -9999.000 140.362 140.365 140.366 140.368 140.370 140.372 140.374 140.376 140.378 140.381 140.383 140.386 140.389 140.392 140.395 140.398 140.401 140.405 140.408 140.412 140.416 140.420 140.424 140.429 140.433 140.438 140.443 140.448 140.453 140.458 140.464
-9999.000 -9999.000 -9999.000 -9999.000 -9999.000 -9999.000 -9999.000 -9999.000 -9999.000 -9999.000 -9999.000 -9999.000 -9999.000 -9999.000 -9999.000 -9999.000 -9999.000 -9999.000 -9999.000 -9999.000 -9999.000 -9999.000 -9999.000 -9999.000 -9999.000 -9999.000 -9999.000 140.347 140.347 140.347 140.350 -9999.000 140.357 140.360 140.362 140.364 140.365 140.367 140.369 140.371 140.373 140.375 140.378 140.380 140.383 140.385 140.388 140.391 140.394 140.398 140.401 140.405 140.408 140.412 140.416 140.420 140.425 140.429 140.434 140.438 140.443 140.448 140.454 140.459
-9999.000 -9999.000 -9999.000 -9999.000 -9999.000 -9999.000 -9999.000 -9999.000 -9999.000 -9999.000 -9999.000 -9999.000 -9999.000 -9999.000 -9999.000 -9999.000 -9999.000 -9999.000 -9999.000 -9999.000 -9999.000 -9999.000 -9999.000 -9999.000 -9999.000 -9999.000 140.348 140.349 140.349 140.350 140.351 140.353 140.355 140.357 140.359 140.361 140.363 140.364 140.366 140.368 140.370 140.372 140.374 140.377 140.379 140.382 140.385 140.388 140.391 140.394 140.397 140.401 140.405 140.408 140.412 140.416 140.421 140.425 140.430 140.434 140.439 140.444 140.449 140.454
-9999.000 -9999.000 -9999.000 -9999.000 -9999.000 -9999.000 -9999.000 -9999.000 -9999.000 -9999.000 -9999.000 -9999.000 -9999.000 -9999.000 -9999.000 -9999.000 -9999.000 -9999.000 -9999.000 -9999.000 -9999.000 -9999.000 -9999.000 -9999.000 -9999.000 -9999.000 140.348 140.349 140.349 140.350 140.351 140.352 140.354 140.355 140.357 140.358 140.360 140.362 140.363 140.365 140.367 140.369 140.371 140.374 140.376 140.379 140.381 140.384 140.387 140.391 140.394 140.397 140.401 140.405 140.409 140.413 140.417 140.421 140.425 140.430 140.435 140.439 140.444 140.449
-9999.000 -9999.000 -9999.000 -9999.000 -9999.000 -9999.000 -9999.000 -9999.000 -9999.000 -9999.000 -9999.000 -9999.000 -9999.000 -9999.000 -9999.000 -9999.000 -9999.000 -9999.000 -9999.000 -9999.000 -9999.000 -9999.000 -9999.000 -9999.000 -9999.000 -9999.000 140.348 140.349 140.349 140.350 140.351 140.352 140.353 140.354 140.355 140.356 140.357 140.359 140.361 140.362 140.364 140.366 140.368 140.371 140.373 140.376 140.378 140.381 140.384 140.387 140.390 140.394 140.397 140.401 140.405 140.409 140.413 140.417 140.421 140.426 140.430 140.435 140.440 140.445
-9999.000 -9999.000 -9999.000 -9999.000 -9999.000 -9999.000 -9999.000 -9999.000 -9999.000 -9999.000 -9999.000 -9999.000 -9999.000 -9999.000 -9999.000 -9999.000 -9999.000 -9999.000 -9999.000 -9999.000 -9999.000 -9999.000 -9999.000 -9999.000 -9999.000 -9999.000 -9999.000 -9999.000 -9999.000 -9999.000 -9999.000 -9999.000 140.352 140.352 140.353 140.354 140.355 140.356 140.358 140.360 140.361 140.363 140.365 140.368 140.370 140.372 140.375 140.378 140.381 140.384 140.387 140.390 140.394 140.397 140.401 140.405 140.409 140.413 140.417 140.421 140.426 140.430 140.435 140.440
-9999.000 -9999.000 -9999.000 -9999.000 -9999.000 -9999.000 -9999.000 -9999.000 -9999.000 -9999.000 -9999.000 -9999.000 -9999.000 -9999.000 -9999.000 -9999.000 -9999.000 -9999.000 -9999.000 -9999.000 -9999.000 -9999.000 -9999.000 -9999.000 -9999.000 -9999.000 -9999.000 -9999.000 -9999.000 -9999.000 -9999.000 -9999.000 140.350 140.350 140.351 140.352 140.353 140.354 140.355 140.357 140.359 140.360 140.362 140.365 140.367 140.369 140.372 140.375 140.377 140.380 140.384 140.387 140.390 140.394 140.397 140.401 140.405 140.409 140.413 140.417 140.422 140.426 140.431 140.435
-9999.000 -9999.000 -9999.000 -9999.000 -9999.000 -9999.000 -9999.000 -9999.000 -9999.000 -9999.000 -9999.000 -9999.000 -9999.000 -9999.000 -9999.000 -9999.000 -9999.000 -9999.000 -9999.000 -9999.000 -9999.000 -9999.000 -9999.000 -9999.000 -9999.000 -9999.000 -9999.000 -9999.000 -9999.000 -9999.000 -9999.000 -9999.000 140.349 140.349 140.349 140.350 140.350 140.352 140.353 140.354 140.356 140.358 140.360 140.362 140.364 140.366 140.369 140.371 140.374 140.377 140.380 140.383 140.387 140.390 140.394 140.397 140.401 140.405 140.409 140.413 140.417 140.422 140.426 140.431
-9999.000 -9999.000 -9999.000 -9999.000 -9999.000 -9999.000 -9999.000 -9999.000 -9999.000 -9999.000 -9999.000 -9999.000 -9999.000 -9999.000 -9999.000 -9999.000 -9999.000 -9999.000 -9999.000 -9999.000 -9999.000 -9999.000 -9999.000 -9999.000 -9999.000 -9999.000 -9999.000 -9999.000 -9999.000 -9999.000 -9999.000 -9999.000 140.347 140.347 140.347 140.347 140.348 140.349 140.350 140.352 140.353 140.355 140.357 140.359 140.361 140.363 140.366 140.368 140.371 140.374 140.377 140.380 140.383 140.387 140.390 140.394 140.397 140.401 140.405 140.409 140.413 140.418 140.422 140.426
-9999.000 -9999.000 -9999.000 -9999.000 -9999.000 -9999.000 -9999.000 -9999.000 -9999.000 -9999.000 -9999.000 -9999.000 -9999.000 -9999.000 -9999.000 -9999.000 -9999.000 -9999.000 -9999.000 -9999.000 -9999.000 -9999.000 -9999.000 -9999.000 -9999.000 -9999.000 -9999.000 -9999.000 -9999.000 -9999.000 -9999.000 -9999.000 140.346 140.345 140.345 140.345 140.346 140.347 140.348 140.349 140.351 140.352 140.354 140.356 140.358 140.360 140.363 140.365 140.368 140.371 140.374 140.377 140.380 140.383 140.387 140.390 140.394 140.397 140.401 140.405 140.409 140.413 140.418 140.422
-9999.000 -9999.000 -9999.000 -9999.000 -9999.000 -9999.000 -9999.000 -9999.000 -9999.000 -9999.000 -9999.000 -9999.000 -9999.000 -9999.000 -9999.000 -9999.000 -9999.000 -9999.000 -9999.000 -9999.000 -9999.000 -9999.000 -9999.000 -9999.000 -9999.000 -9999.000 -9999.000 -9999.000 -9999.000 -9999.000 -9999.000 -9999.000 -9999.000 140.342 140.342 140.343 140.343 140.344 140.345 140.347 140.348 140.350 140.351 140.353 140.355 140.358 140.360 140.362 140.365 140.368 140.371 140.374 140.377 140.380 140.383 140.387 140.390 140.394 140.398 140.401 140.405 140.409 140.413 140.417
-9999.000 -9999.000 -9999.000 -9999.000 -9999.000 -9999.000 -9999.000 -9999.000 -9999.000 -9999.000 -9999.000 -9999.000 -9999.000 -9999.000 -9999.000 -9999.000 -9999.000 -9999.000 -9999.000 -9999.000 -9999.000 -9999.000 -9999.000 -9999.000 -9999.000 -9999.000 -9999.000 -9999.000 -9999.000 -9999.000 -9999.000 -9999.000 -9999.000 140.340 140.340 140.340 140.341 140.342 140.343 140.344 140.346 140.347 140.349 140.351 140.353 140.355 140.357 140.360 140.362 140.365 140.368 140.370 140.374 140.377 140.380 140.383 140.387 140.390 140.394 140.398 140.401 140.405 140.409 140.413
-9999.000 -9999.000 -9999.000 -9999.000 -9999.000 -9999.000 -9999.000 -9999.000 -9999.000 -9999.000 -9999.000 -9999.000 -9999.000 -9999.000 -9999.000 -9999.000 -9999.000 -9999.000 -9999.000 -9999.000 -9999.000 -9999.000 -9999.000 -9999.000 -9999.000 -9999.000 -9999.000 -9999.000 -9999.000 -9999.000 -9999.000 -9999.000 -9999.000 140.337 140.337 140.338 140.339 140.339 140.340 140.342 140.343 140.345 140.346 140.348 140.350 140.352 140.354 140.357 140.359 140.362 140.365 140.367 140.370 140.373 140.377 140.380 140.383 140.387 140.390 140.394 140.398 140.401 140.405 140.409
-9999.000 -9999.000 -9999.000 -9999.000 -9999.000 -9999.000 -9999.000 -9999.000 -9999.000 -9999.000 -9999.000 -9999.000 -9999.000 -9999.000 -9999.000 -9999.000 -9999.000 -9999.000 -9999.000 -9999.000 -9999.000 -9999.000 -9999.000 -9999.000 -9999.000 -9999.000 -9999.000 -9999.000 -9999.000 -9999.000 -9999.000 -9999.000 -9999.000 140.335 140.335 140.336 140.336 140.337 140.338 140.339 140.341 140.342 140.344 140.346 140.347 140.350 140.352 140.354 140.356 140.359 140.362 140.364 140.367 140.370 140.373 140.377 140.380 140.383 140.387 140.390 140.394 140.397 140.401 140.405
-9999.000 -9999.000 -9999.000 -9999.000 -9999.000 -9999.000 -9999.000 -9999.000 -9999.000 -9999.000 -9999.000 -9999.000 -9999.000 -9999.000 -9999.000 -9999.000 -9999.000 -9999.000 -9999.000 -9999.000 -9999.000 -9999.000 -9999.000 -9999.000 -9999.000 -9999.000 -9999.000 -9999.000 -9999.000 -9999.000 -9999.000 -9999.000 140.318 140.332 140.333 140.333 140.334 140.335 140.336 140.337 140.338 140.340 140.341 140.343 140.345 140.347 140.349 140.351 140.354 140.356 140.359 140.362 140.364 140.367 140.370 140.373 140.377 140.380 140.383 140.387 140.390 140.394 140.397 140.401
-9999.000 -9999.000 -9999.000 -9999.000 -9999.000 -9999.000 -9999.000 -9999.000 -9999.000 -9999.000 -9999.000 -9999.000 -9999.000 -9999.000 -9999.000 -9999.000 -9999.000 -9999.000 -9999.000 -9999.000 -9999.000 -9999.000 -9999.000 -9999.000 -9999.000 -9999.000 -9999.000 -9999.000 -9999.000 -9999.000 -9999.000 -9999.000 140.328 140.330 140.330 140.331 140.332 140.332 140.333 140.335 140.336 140.337 140.339 140.341 140.342 140.344 140.347 140.349 140.351 140.354 140.356 140.359 140.362 140.364 140.367 140.370 140.373 140.377 140.380 140.383 140.387 140.390 140.394 140.397
-9999.000 -9999.000 -9999.000 -9999.000 -9999.000 -9999.000 -9999.000 -9999.000 -9999.000 -9999.000 -9999.000 -9999.000 -9999.000 -9999.000 -9999.000 -9999.000 -9999.000 -9999.000 -9999.000 -9999.000 -9999.000 -9999.000 -9999.000 -9999.000 -9999.000 -9999.000 -9999.000 -9999.000 -9999.000 -9999.000 -9999.000 140.326 140.327 140.328 140.328 140.329 140.329 140.330 140.331 140.332 140.334 140.335 140.337 140.338 140.340 140.342 140.344 140.346 140.349 140.351 140.353 140.356 140.359 140.362 140.364 140.367 140.370 140.374 140.377 140.380 140.383 140.387 140.390 140.393
-9999.000 -9999.000 -9999.000 -9999.000 -9999.000 -9999.000 -9999.000 -9999.000 -9999.000 -9999.000 -9999.000 -9999.000 -9999.000 -9999.000 -9999.000 -9999.000 -9999.000 -9999.000 -9999.000 -9999.000 -9999.000 -9999.000 -9999.000 -9999.000 -9999.000 -9999.000 -9999.000 -9999.000 -9999.000 -9999.000 -9999.000 -9999.000 140.327 140.326 140.326 140.327 140.327 140.328 140.329 140.330 140.331 140.333 140.334 140.336 140.338 140.340 140.342 140.344 140.346 140.348 140.351 140.353 140.356 140.359 140.362 140.365 140.367 140.371 140.374 140.377 140.380 140.383 140.387 140.390
-9999.000 -9999.000 -9999.000 -9999.000 -9999.000 -9999.000 -9999.000 -9999.000 -9999.000 -9999.000 -9999.000 -9999.000 -9999.000 -9999.000 -9999.000 -9999.000 -9999.000 -9999.000 -9999.000 -9999.000 -9999.000 -9999.000 -9999.000 -9999.000 -9999.000 -9999.000 -9999.000 -9999.000 -9999.000 -9999.000 -9999.000 -9999.000 -9999.000 140.324 140.324 140.325 140.325 140.326 140.327 140.328 140.329 140.331 140.332 140.334 140.336 140.337 140.339 140.342 140.344 140.346 140.348 140.351 140.354 140.356 140.359 140.362 140.365 140.368 140.371 140.374 140.377 140.380 140.383 140.386
-9999.000 -9999.000 -9999.000 -9999.000 -9999.000 -9999.000 -9999.000 -9999.000 -9999.000 -9999.000 -9999.000 -9999.000 -9999.000 -9999.000 -9999.000 -9999.000 -9999.000 -9999.000 -9999.000 -9999.000 -9999.000 -9999.000 -9999.000 -9999.000 -9999.000 -9999.000 -9999.000 -9999.000 -9999.000 -9999.000 -9999.000 -9999.000 -9999.000 140.321 140.322 140.322 140.323 140.324 140.325 140.326 140.327 140.329 140.330 140.332 140.333 140.335 140.337 140.339 140.341 140.344 140.346 140.348 140.351 140.354 140.356 140.359 140.362 140.365 140.368 140.371 140.374 140.377 140.380 140.383
-9999.000 -9999.000 -9999.000 -9999.000 -9999.000 -9999.000 -9999.000 -9999.000 -9999.000 -9999.000 -9999.000 -9999.000 -9999.000 -9999.000 -9999.000 -9999.000 -9999.000 -9999.000 -9999.000 -9999.000 -9999.000 -9999.000 -9999.000 -9999.000 -9999.000 -9999.000 -9999.000 -9999.000 -9999.000 -9999.000 -9999.000 -9999.000 140.318 140.319 140.320 140.320 140.321 140.322 140.323 140.324 140.325 140.327 140.328 140.330 140.331 140.333 140.335 140.337 140.339 140.341 140.344 140.346 140.349 140.351 140.354 140.357 140.359 140.362 140.365 140.368 140.371 140.374 140.377 140.380
-9999.000 -9999.000 -9999.000 -9999.000 -9999.000 -9999.000 -9999.000 -9999.000 -9999.000 -9999.000 -9999.000 -9999.000 -9999.000 -9999.000 -9999.000 -9999.000 -9999.000 -9999.000 -9999.000 -9999.000 -9999.000 -9999.000 -9999.000 -9999.000 -9999.000 -9999.000 -9999.000 -9999.000 -9999.000 -9999.000 -9999.000 140.316 140.316 140.317 140.318 140.319 140.319 140.320 140.321 140.322 140.323 140.325 140.326 140.328 140.329 140.331 140.333 140.335 140.337 140.339 140.342 140.344 140.346 140.349 140.351 140.354 140.357 140.360 140.362 140.365 140.368 140.371 140.374 140.377
-9999.000 -9999.000 -9999.000 -9999.000 -9999.000 -9999.000 -9999.000 -9999.000 -9999.000 -9999.000 -9999.000 -9999.000 -9999.000 -9999.000 -9999.000 -9999.000 -9999.000 -9999.000 -9999.000 -9999.000 -9999.000 -9999.000 -9999.000 -9999.000 -9999.000 -9999.000 -9999.000 -9999.000 -9999.000 -9999.000 140.315 140.315 140.315 140.316 140.316 140.317 140.318 140.318 140.319 140.320 140.322 140.323 140.324 140.326 140.328 140.329 140.331 140.333 140.335 140.337 140.340 140.342 140.344 140.347 140.349 140.352 140.354 140.357 140.360 140.363 140.365 140.368 140.371 140.374
-9999.000 -9999.000 -9999.000 -9999.000 -9999.000 -9999.000 -9999.000 -9999.000 -9999.000 -9999.000 -9999.000 -9999.000 -9999.000 -9999.000 -9999.000 -9999.000 -9999.000 -9999.000 -9999.000 -9999.000 -9999.000 -9999.000 -9999.000 -9999.000 -9999.000 -9999.000 -9999.000 -9999.000 -9999.000 -9999.000 140.315 140.315 140.315 140.315 140.315 140.315 140.316 140.317 140.318 140.319 140.320 140.321 140.323 140.324 140.326 140.328 140.329 140.331 140.333 140.335 140.338 140.340 140.342 140.345 140.347 140.350 140.352 140.355 140.358 140.360 140.363 140.366 140.369 140.371
