LISFLOOD/results/run2.totaltm
ncols         138
nrows         103
xllcorner     341179.518085
yllcorner     4516709.658735
cellsize      30.000000
NODATA_value  -9999.000000
[rows 66 to 98 of 103, columns 0 to 72 of 138]
0.000 0.000 0.000 0.000 0.000 0.000 0.000 0.000 0.000 0.000 0.000 0.000 0.000 0.000 0.000 0.000 0.000 0.000 0.000 0.000 0.000 0.000 0.000 0.000 0.000 0.000 0.000 0.000 0.000 0.000 0.000 0.000 5.145 12.266 14.186 15.542 16.567 17.775 18.283 18.259 18.634 18.941 19.509 20.026 20.824 21.209 21.371 21.326 21.466 21.356 20.230 19.516 18.540 17.721 17.848 19.091 22.404 23.848 24.446 24.684 24.817 25.326 25.347 25.375 25.436 25.309 25.483 26.054 26.094 26.132 26.226 26.267 26.287
0.000 0.000 0.000 0.000 0.000 0.000 0.000 0.000 0.000 0.000 0.000 0.000 0.000 0.000 0.000 0.000 0.000 0.000 0.000 0.000 0.000 0.000 0.000 0.000 0.000 0.000 0.000 0.000 0.000 0.000 0.000 0.000 9.000 11.612 12.884 15.164 16.637 18.208 18.860 18.776 18.761 19.177 19.679 20.291 20.898 21.177 21.328 21.313 21.356 21.313 20.137 19.486 18.267 17.192 17.348 19.863 23.051 24.254 24.599 24.718 24.885 25.402 25.437 25.455 25.497 25.352 25.951 26.058 26.093 26.144 26.218 26.250 26.270
0.000 0.000 0.000 0.000 0.000 0.000 0.000 0.000 0.000 0.000 0.000 0.000 0.000 0.000 0.000 0.000 0.000 0.000 0.000 0.000 0.000 0.000 0.000 0.000 0.000 0.000 0.000 0.000 0.000 0.000 0.000 0.000 8.977 10.097 11.512 14.626 16.377 18.064 18.967 19.266 19.318 19.488 19.733 20.314 20.803 21.191 21.281 21.160 21.264 21.265 20.117 19.342 17.914 16.845 17.016 21.157 23.704 24.587 24.736 24.896 24.929 25.469 25.504 25.530 25.549 25.502 26.025 26.054 26.118 26.167 26.217 26.238 26.254
0.000 0.000 0.000 0.000 0.000 0.000 0.000 0.000 0.000 0.000 0.000 0.000 0.000 0.000 0.000 0.000 0.000 0.000 0.000 0.000 0.000 0.000 0.000 0.000 0.000 0.000 0.000 0.000 0.000 0.000 0.000 0.000 2.049 10.625 12.864 14.640 16.245 17.996 18.957 19.318 19.694 19.838 20.154 20.502 20.798 21.116 21.204 21.028 21.175 21.081 19.996 19.057 17.695 16.013 16.500 22.460 24.105 24.683 24.812 24.915 24.983 25.494 25.532 25.562 25.592 25.646 26.047 26.075 26.157 26.183 26.203 26.221 26.237
0.000 0.000 0.000 0.000 0.000 0.000 0.000 0.000 0.000 0.000 0.000 0.000 0.000 0.000 0.000 0.000 0.000 0.000 0.000 0.000 0.000 0.000 0.000 0.000 0.000 0.000 0.000 0.000 0.000 0.000 0.000 0.000 0.000 11.425 13.183 14.663 16.226 17.799 18.827 19.291 19.632 20.078 20.252 20.386 20.614 20.996 21.102 20.974 21.110 20.621 19.717 18.889 17.296 14.528 16.002 22.842 24.306 24.717 24.821 24.865 25.051 25.437 25.399 25.428 25.461 25.872 26.052 26.080 26.148 26.166 26.183 26.191 26.220
0.000 0.000 0.000 0.000 0.000 0.000 0.000 0.000 0.000 0.000 0.000 0.000 0.000 0.000 0.000 0.000 0.000 0.000 0.000 0.000 0.000 0.000 0.000 0.000 0.000 0.000 0.000 0.000 0.000 0.000 0.000 0.000 0.000 11.925 13.838 14.936 15.861 17.718 18.638 19.166 19.469 19.899 20.334 20.452 20.676 20.940 20.993 20.951 21.045 20.346 19.632 18.743 17.245 15.393 17.679 22.132 24.440 24.819 24.904 24.884 25.146 25.388 25.399 25.418 25.418 25.998 26.059 26.094 26.129 26.142 26.159 26.167 26.211
0.000 0.000 0.000 0.000 0.000 0.000 0.000 0.000 0.000 0.000 0.000 0.000 0.000 0.000 0.000 0.000 0.000 0.000 0.000 0.000 0.000 0.000 0.000 0.000 0.000 0.000 0.000 0.000 0.000 0.000 0.000 0.000 0.000 11.523 14.229 14.889 15.433 17.695 18.551 19.129 19.509 19.817 20.171 20.639 20.762 20.879 20.892 20.902 20.883 20.138 19.674 18.712 17.423 17.593 22.099 23.966 24.656 24.754 24.924 24.996 25.284 25.400 25.432 25.464 25.510 26.026 26.048 26.087 26.104 26.119 26.133 26.163 26.199
0.000 0.000 0.000 0.000 0.000 0.000 0.000 0.000 0.000 0.000 0.000 0.000 0.000 0.000 0.000 0.000 0.000 0.000 0.000 0.000 0.000 0.000 0.000 0.000 0.000 0.000 0.000 0.000 0.000 0.000 0.000 0.000 0.000 12.297 14.516 15.171 16.099 17.696 18.666 19.321 19.647 19.968 20.262 20.834 20.733 20.802 20.819 20.864 20.834 20.138 19.824 18.818 18.911 20.526 23.691 24.419 24.653 24.681 24.652 24.853 25.264 25.278 25.260 25.299 25.673 25.994 26.019 26.061 26.076 26.099 26.132 26.168 26.182
0.000 0.000 0.000 0.000 0.000 0.000 0.000 0.000 0.000 0.000 0.000 0.000 0.000 0.000 0.000 0.000 0.000 0.000 0.000 0.000 0.000 0.000 0.000 0.000 0.000 0.000 0.000 0.000 0.000 0.000 0.000 0.000 0.125 13.153 15.032 16.262 17.102 17.878 18.743 19.504 19.846 20.166 20.482 20.999 20.904 20.747 20.764 20.826 20.776 20.241 20.163 19.993 19.993 22.570 24.141 24.548 24.612 24.421 24.615 24.912 25.238 25.022 25.027 25.072 25.877 25.977 25.999 26.031 26.052 26.091 26.131 26.153 26.156
0.000 0.000 0.000 0.000 0.000 0.000 0.000 0.000 0.000 0.000 0.000 0.000 0.000 0.000 0.000 0.000 0.000 0.000 0.000 0.000 0.000 0.000 0.000 0.000 0.000 0.000 0.000 0.000 0.000 0.000 0.000 0.000 10.301 13.586 15.641 16.987 18.135 19.189 18.927 19.408 19.579 19.716 20.158 21.152 21.113 20.949 20.908 20.802 20.649 20.233 20.276 20.142 20.963 23.660 24.358 24.564 24.595 24.628 24.717 25.119 25.197 24.995 25.035 25.088 25.928 25.955 25.977 26.006 26.052 26.096 26.119 26.132 26.126
0.000 0.000 0.000 0.000 0.000 0.000 0.000 0.000 0.000 0.000 0.000 0.000 0.000 0.000 0.000 0.000 0.000 0.000 0.000 0.000 0.000 0.000 0.000 0.000 0.000 0.000 0.000 0.000 0.000 0.000 0.000 1.821 10.689 13.290 15.379 17.024 18.528 19.433 19.489 19.456 19.488 19.634 20.183 21.288 21.203 21.097 20.927 20.689 20.529 20.297 20.363 20.514 22.548 24.106 24.439 24.567 24.603 24.673 24.829 25.099 24.995 24.884 24.923 25.397 25.907 25.923 25.947 26.016 26.065 26.082 26.094 26.093 26.114
0.000 0.000 0.000 0.000 0.000 0.000 0.000 0.000 0.000 0.000 0.000 0.000 0.000 0.000 0.000 0.000 0.000 0.000 0.000 0.000 0.000 0.000 0.000 0.000 0.000 0.000 0.000 0.000 0.000 0.000 0.000 0.000 5.555 9.718 13.274 16.010 18.281 19.416 19.907 20.237 20.507 20.949 21.383 21.332 21.139 20.757 20.606 20.616 20.196 20.001 20.076 21.089 23.402 24.287 24.487 24.576 24.622 24.662 25.001 25.019 24.768 24.793 24.749 25.736 25.905 25.945 25.992 26.031 26.050 26.051 26.027 26.052 26.077
0.000 0.000 0.000 0.000 0.000 0.000 0.000 0.000 0.000 0.000 0.000 0.000 0.000 0.000 0.000 0.000 0.000 0.000 0.000 0.000 0.000 0.000 0.000 0.000 0.000 0.000 0.000 0.000 0.000 0.000 0.000 0.000 0.000 5.668 11.485 15.082 17.627 18.838 19.620 19.907 19.983 20.198 21.434 21.314 21.019 20.756 20.696 20.485 19.996 20.029 20.893 21.948 23.335 24.368 24.514 24.549 24.578 24.898 24.981 24.763 24.802 24.837 24.887 25.914 25.962 25.981 26.001 26.018 26.031 26.013 25.996 26.018 26.062
0.000 0.000 0.000 0.000 0.000 0.000 0.000 0.000 0.000 0.000 0.000 0.000 0.000 0.000 0.000 0.000 0.000 0.000 0.000 0.000 0.000 0.000 0.000 0.000 0.000 0.000 0.000 0.000 0.000 0.000 0.000 0.000 0.000 7.706 11.996 14.799 16.979 18.631 19.417 20.095 20.132 20.392 21.516 21.308 20.907 20.773 20.711 20.233 20.085 19.765 21.646 23.513 24.218 24.443 24.489 24.515 24.786 24.882 24.713 24.529 24.571 24.608 25.323 25.920 25.938 25.954 25.974 25.987 25.995 25.988 25.974 25.995 26.061
0.000 0.000 0.000 0.000 0.000 0.000 0.000 0.000 0.000 0.000 0.000 0.000 0.000 0.000 0.000 0.000 0.000 0.000 0.000 0.000 0.000 0.000 0.000 0.000 0.000 0.000 0.000 0.000 0.000 0.000 0.000 0.000 5.774 6.283 6.613 10.009 14.734 19.159 20.093 20.625 21.056 21.286 21.568 21.192 20.872 20.811 20.678 20.305 20.205 20.864 22.769 23.986 24.291 24.351 24.462 24.697 24.772 24.753 24.486 24.532 24.559 24.593 25.763 25.904 25.923 25.938 25.945 25.946 25.942 25.944 25.976 26.021 26.041
0.000 0.000 0.000 0.000 0.000 0.000 0.000 0.000 0.000 0.000 0.000 0.000 0.000 0.000 0.000 0.000 0.000 0.000 0.000 0.000 0.000 0.000 0.000 0.000 0.000 0.000 0.000 0.000 0.000 0.000 0.000 7.054 5.800 5.169 4.897 9.167 14.632 19.129 20.358 21.022 21.269 21.567 21.639 21.116 20.884 20.816 20.578 20.408 20.359 21.575 23.418 24.225 24.259 24.373 24.642 24.684 24.599 24.461 24.512 24.551 24.582 24.807 25.793 25.873 25.905 25.917 25.924 25.925 25.944 25.970 25.987 26.004 26.018
0.000 0.000 0.000 0.000 0.000 0.000 0.000 0.000 0.000 0.000 0.000 0.000 0.000 0.000 0.000 0.000 0.000 0.000 0.000 0.000 0.000 0.000 0.000 0.000 0.000 0.000 0.000 0.000 0.000 0.000 4.913 8.087 8.311 6.299 7.491 11.235 16.192 19.334 20.575 21.412 21.739 21.858 21.683 21.049 20.844 20.803 20.677 20.509 21.032 22.548 23.949 24.292 24.407 24.609 24.628 24.369 24.345 24.422 24.452 24.476 24.478 25.083 25.831 25.858 25.886 25.897 25.904 25.914 25.930 25.934 25.918 25.921 25.944
0.000 0.000 0.000 0.000 0.000 0.000 0.000 0.000 0.000 0.000 0.000 0.000 0.000 0.000 0.000 0.000 0.000 0.000 0.000 0.000 0.000 0.000 0.000 0.000 0.000 0.000 0.000 0.000 0.000 0.000 5.610 6.408 8.654 11.656 14.387 16.528 18.134 20.137 21.564 22.029 21.800 21.903 21.684 21.383 20.838 20.884 20.777 20.476 21.911 23.724 24.112 24.400 24.562 24.577 24.143 24.166 24.399 24.440 24.481 24.512 24.551 25.747 25.831 25.842 25.844 25.846 25.841 25.813 25.803 25.757 25.706 25.746 25.794
0.000 0.000 0.000 0.000 0.000 0.000 0.000 0.000 0.000 0.000 0.000 0.000 0.000 0.000 0.000 0.000 0.000 0.000 0.000 0.000 0.000 0.000 0.000 0.000 0.000 0.000 0.000 0.000 0.000 0.000 0.000 0.000 4.390 6.843 13.816 16.528 18.520 21.065 21.829 22.131 21.822 22.018 21.823 21.644 21.117 21.100 21.136 21.347 22.152 23.549 24.220 24.517 24.536 24.156 24.025 24.277 24.337 24.359 24.394 24.422 24.809 25.768 25.820 25.832 25.831 25.831 25.764 25.398 25.481 25.606 25.649 25.716 25.757
0.000 0.000 0.000 0.000 0.000 0.000 0.000 0.000 0.000 0.000 0.000 0.000 0.000 0.000 0.000 0.000 0.000 0.000 0.000 0.000 0.000 0.000 0.000 0.000 0.000 0.000 0.000 0.000 0.000 0.000 0.000 0.000 2.116 2.326 12.336 16.995 18.781 21.262 22.041 22.218 22.214 22.140 22.041 21.783 21.110 21.176 21.254 21.977 22.368 23.391 24.439 24.497 24.248 24.008 24.044 24.321 24.356 24.387 24.412 24.361 25.175 25.767 25.808 25.819 25.817 25.817 25.762 25.584 25.618 25.649 25.682 25.720 25.759
0.000 0.000 0.000 0.000 0.000 0.000 0.000 0.000 0.000 0.000 0.000 0.000 0.000 0.000 0.000 0.000 0.000 0.000 0.000 0.000 0.000 0.000 0.000 0.000 0.000 0.000 0.000 0.000 0.000 0.000 0.000 0.994 3.151 1.962 10.765 17.949 19.788 21.728 22.301 22.388 22.432 22.242 22.107 21.401 20.920 21.225 21.581 22.214 22.723 24.011 24.423 24.406 23.963 23.940 24.114 24.351 24.384 24.418 24.445 24.518 25.450 25.767 25.794 25.803 25.799 25.796 25.773 25.727 25.648 25.669 25.690 25.720 25.756
0.000 0.000 0.000 0.000 0.000 0.000 0.000 0.000 0.000 0.000 0.000 0.000 0.000 0.000 0.000 0.000 0.000 0.000 0.000 0.000 0.000 0.000 0.000 0.000 0.000 0.000 0.000 0.000 0.000 0.000 0.000 4.813 5.795 12.521 17.364 19.224 20.657 22.022 22.363 22.431 22.495 22.149 21.669 20.923 21.006 21.383 22.152 22.964 23.392 24.313 24.394 24.066 23.972 23.995 24.228 24.304 24.234 24.261 24.277 24.820 25.627 25.760 25.778 25.769 25.776 25.773 25.755 25.732 25.626 25.652 25.676 25.709 25.773
0.000 0.000 0.000 0.000 0.000 0.000 0.000 0.000 0.000 0.000 0.000 0.000 0.000 0.000 0.000 0.000 0.000 0.000 0.000 0.000 0.000 0.000 0.000 0.000 0.000 0.000 0.000 0.000 0.000 0.000 0.000 2.794 8.693 13.661 17.001 18.819 21.034 22.123 22.398 22.466 22.523 22.182 21.726 21.611 21.929 22.263 22.849 23.687 23.816 24.308 24.326 23.973 23.998 24.061 24.211 24.235 24.263 24.289 24.313 25.160 25.694 25.744 25.761 25.748 25.748 25.751 25.735 25.709 25.620 25.638 25.640 25.673 25.813
0.000 0.000 0.000 0.000 0.000 0.000 0.000 0.000 0.000 0.000 0.000 0.000 0.000 0.000 0.000 0.000 0.000 0.000 0.000 0.000 0.000 0.000 0.000 0.000 0.000 0.000 0.000 0.000 0.000 0.000 0.000 0.000 11.291 15.670 17.915 19.874 21.508 22.089 22.407 22.492 22.548 22.323 22.273 22.257 22.323 22.629 23.168 23.632 23.844 24.286 24.225 23.963 23.986 24.109 24.213 24.249 24.289 24.319 24.663 25.487 25.691 25.723 25.739 25.701 25.722 25.727 25.714 25.639 25.645 25.668 25.693 25.728 25.842
0.000 0.000 0.000 0.000 0.000 0.000 0.000 0.000 0.000 0.000 0.000 0.000 0.000 0.000 0.000 0.000 0.000 0.000 0.000 0.000 0.000 0.000 0.000 0.000 0.000 0.000 0.000 0.000 0.000 0.000 0.000 6.354 15.361 17.845 19.453 20.703 21.599 22.023 22.391 22.539 22.629 22.652 22.745 22.794 22.775 23.167 23.675 23.842 23.907 24.254 24.196 23.991 24.001 24.146 24.178 24.209 24.229 24.226 25.072 25.572 25.679 25.702 25.711 25.623 25.696 25.701 25.691 25.574 25.599 25.623 25.649 25.687 25.888
0.000 0.000 0.000 0.000 0.000 0.000 0.000 0.000 0.000 0.000 0.000 0.000 0.000 0.000 0.000 0.000 0.000 0.000 0.000 0.000 0.000 0.000 0.000 0.000 0.000 0.000 0.000 0.000 0.000 0.000 0.000 11.888 16.024 17.904 19.352 20.858 21.642 21.948 22.326 22.381 22.444 22.669 22.735 22.829 22.857 23.686 23.713 23.752 23.841 24.206 24.189 24.030 24.047 24.161 24.196 24.234 24.262 24.361 25.341 25.588 25.657 25.679 25.681 25.481 25.640 25.674 25.649 25.573 25.599 25.622 25.649 25.707 26.009
0.000 0.000 0.000 0.000 0.000 0.000 0.000 0.000 0.000 0.000 0.000 0.000 0.000 0.000 0.000 0.000 0.000 0.000 0.000 0.000 0.000 0.000 0.000 0.000 0.000 0.000 0.000 0.000 0.000 0.000 0.000 12.430 16.268 18.213 19.819 21.038 21.636 21.892 22.209 22.039 21.886 21.946 22.227 22.433 23.114 23.626 23.600 23.722 23.823 24.187 24.152 24.006 24.032 24.039 23.807 23.602 23.665 24.688 25.432 25.601 25.634 25.652 25.652 25.527 25.578 25.619 25.553 25.576 25.600 25.623 25.652 25.718 26.134
0.000 0.000 0.000 0.000 0.000 0.000 0.000 0.000 0.000 0.000 0.000 0.000 0.000 0.000 0.000 0.000 0.000 0.000 0.000 0.000 0.000 0.000 0.000 0.000 0.000 0.000 0.000 0.000 0.000 0.000 0.000 11.609 16.014 18.045 19.580 20.889 21.543 21.834 22.076 21.956 21.931 21.982 22.178 22.471 23.379 23.589 23.590 23.703 23.799 24.159 24.131 23.986 23.999 23.699 23.437 23.089 23.186 25.036 25.533 25.586 25.610 25.620 25.622 25.587 25.558 25.569 25.432 25.452 25.483 25.512 25.618 25.753 26.352
0.000 0.000 0.000 0.000 0.000 0.000 0.000 0.000 0.000 0.000 0.000 0.000 0.000 0.000 0.000 0.000 0.000 0.000 0.000 0.000 0.000 0.000 0.000 0.000 0.000 0.000 0.000 0.000 0.000 0.000 0.000 11.986 16.094 18.343 19.363 20.025 20.425 21.311 21.914 22.009 22.059 22.109 22.310 22.552 23.483 23.559 23.579 23.693 23.794 24.128 24.107 23.959 23.874 23.542 22.888 22.079 23.602 25.317 25.533 25.561 25.584 25.589 25.589 25.561 25.537 25.548 25.406 25.407 25.378 25.402 25.625 25.868 26.784
0.000 0.000 0.000 0.000 0.000 0.000 0.000 0.000 0.000 0.000 0.000 0.000 0.000 0.000 0.000 0.000 0.000 0.000 0.000 0.000 0.000 0.000 0.000 0.000 0.000 0.000 0.000 0.000 0.000 0.000 6.779 12.187 15.822 17.746 19.407 20.364 20.886 20.960 20.807 21.980 22.032 22.097 22.443 22.778 23.518 23.540 23.567 23.686 23.787 24.097 24.079 23.768 23.604 23.246 21.598 21.298 24.454 25.441 25.508 25.534 25.552 25.556 25.555 25.531 25.513 25.518 25.453 25.423 25.449 25.472 25.542 25.936 27.163
0.000 0.000 0.000 0.000 0.000 0.000 0.000 0.000 0.000 0.000 0.000 0.000 0.000 0.000 0.000 0.000 0.000 0.000 0.000 0.000 0.000 0.000 0.000 0.000 0.000 0.000 0.000 0.000 0.000 0.000 8.967 13.963 17.203 19.628 20.444 20.656 20.824 20.918 20.937 20.986 22.014 22.338 22.531 23.007 23.516 23.544 23.574 23.698 23.803 24.071 23.994 23.658 23.482 22.413 20.451 20.692 24.853 25.400 25.477 25.503 25.517 25.519 25.518 25.499 25.488 25.481 25.453 25.402 25.421 25.422 25.527 26.042 27.207
0.000 0.000 0.000 0.000 0.000 0.000 0.000 0.000 0.000 0.000 0.000 0.000 0.000 0.000 0.000 0.000 0.000 0.000 0.000 0.000 0.000 0.000 0.000 0.000 0.000 0.000 0.000 0.000 0.000 0.000 11.128 17.268 19.669 20.286 20.510 20.647 20.758 20.929 21.054 20.932 22.028 22.488 22.625 23.186 23.517 23.544 23.574 23.712 23.849 24.045 23.867 23.595 23.029 20.758 18.626 21.392 24.988 25.016 25.274 25.382 25.392 25.437 25.478 25.468 25.461 25.451 25.410 25.382 25.408 25.434 25.664 26.229 27.187
0.000 0.000 0.000 0.000 0.000 0.000 0.000 0.000 0.000 0.000 0.000 0.000 0.000 0.000 0.000 0.000 0.000 0.000 0.000 0.000 0.000 0.000 0.000 0.000 0.000 0.000 0.000 0.000 0.000 0.000 14.349 19.308 19.768 20.151 20.445 20.617 20.774 21.048 21.120 21.164 22.197 22.542 22.740 23.403 23.526 23.551 23.580 23.725 23.938 24.006 23.716 23.433 21.984 19.585 16.776 23.799 24.914 24.989 25.064 25.087 25.092 25.277 25.442 25.437 25.421 25.092 24.764 25.337 25.373 25.413 25.714 26.612 27.163
