LISFLOOD/results/run2.mxe
ncols         138
nrows         103
xllcorner     341179.518085
yllcorner     4516709.658735
cellsize      30.000000
NODATA_value  -9999.000000
[rows 0 to 27 of 103, columns 64 to 127 of 138]
-9999.000 -9999.000 -9999.000 -9999.000 -9999.000 -9999.000 -9999.000 -9999.000 -9999.000 -9999.000 -9999.000 -9999.000 -9999.000 -9999.000 -9999.000 -9999.000 -9999.000 -9999.000 -9999.000 -9999.000 -9999.000 -9999.000 -9999.000 -9999.000 -9999.000 -9999.000 -9999.000 -9999.000 -9999.000 -9999.000 -9999.000 -9999.000 -9999.000 -9999.000 -9999.000 -9999.000 -9999.000 -9999.000 -9999.000 -9999.000 -9999.000 -9999.000 -9999.000 -9999.000 -9999.000 -9999.000 -9999.000 -9999.000 -9999.000 -9999.000 -9999.000 -9999.000 -9999.000 -9999.000 -9999.000 -9999.000 -9999.000 -9999.000 -9999.000 -9999.000 -9999.000 -9999.000 -9999.000 -9999.000
-9999.000 -9999.000 -9999.000 -9999.000 -9999.000 -9999.000 -9999.000 -9999.000 -9999.000 -9999.000 -9999.000 -9999.000 -9999.000 -9999.000 -9999.000 -9999.000 -9999.000 -9999.000 -9999.000 -9999.000 -9999.000 -9999.000 -9999.000 -9999.000 -9999.000 -9999.000 -9999.000 -9999.000 -9999.000 -9999.000 -9999.000 -9999.000 -9999.000 -9999.000 -9999.000 -9999.000 -9999.000 -9999.000 -9999.000 -9999.000 -9999.000 -9999.000 -9999.000 -9999.000 -9999.000 -9999.000 -9999.000 -9999.000 -9999.000 -9999.000 -9999.000 -9999.000 -9999.000 -9999.000 -9999.000 -9999.000 -9999.000 -9999.000 -9999.000 -9999.000 -9999.000 -9999.000 -9999.000 -9999.000
-9999.000 -9999.000 -9999.000 -9999.000 -9999.000 -9999.000 -9999.000 -9999.000 -9999.000 -9999.000 -9999.000 -9999.000 -9999.000 -9999.000 -9999.000 -9999.000 -9999.000 -9999.000 -9999.000 -9999.000 -9999.000 -9999.000 -9999.000 -9999.000 -9999.000 -9999.000 -9999.000 -9999.000 -9999.000 -9999.000 -9999.000 -9999.000 -9999.000 -9999.000 -9999.000 -9999.000 -9999.000 -9999.000 -9999.000 -9999.000 -9999.000 -9999.000 -9999.000 -9999.000 -9999.000 -9999.000 -9999.000 -9999.000 -9999.000 -9999.000 -9999.000 -9999.000 -9999.000 -9999.000 -9999.000 -9999.000 -9999.000 -9999.000 -9999.000 -9999.000 -9999.000 -9999.000 -9999.000 -9999.000
140.695 140.710 140.723 140.735 140.747 140.758 140.768 140.779 140.789 140.799 140.810 140.820 140.831 140.842 140.853 140.865 140.877 140.889 140.901 140.914 140.927 140.940 140.954 140.968 140.982 140.996 141.011 141.026 141.041 141.056 141.072 141.087 141.103 141.119 141.135 141.151 141.167 141.183 141.199 141.213 141.227 141.236 -9999.000 -9999.000 -9999.000 -9999.000 -9999.000 -9999.000 -9999.000 -9999.000 -9999.000 -9999.000 -9999.000 -9999.000 -9999.000 -9999.000 -9999.000 -9999.000 -9999.000 -9999.000 -9999.000 -9999.000 -9999.000 -9999.000
140.696 140.711 140.724 140.736 140.747 140.758 140.768 140.779 140.789 140.799 140.810 140.820 140.831 140.842 140.853 140.865 140.877 140.889 140.901 140.914 140.927 140.940 140.954 140.967 140.981 140.996 141.011 141.025 141.041 141.056 141.072 141.087 141.103 141.119 141.135 141.152 141.168 141.184 141.200 141.215 141.230 141.246 141.267 141.285 141.303 141.319 141.334 141.348 141.360 141.371 141.380 141.388 141.395 141.399 141.403 141.406 141.407 141.408 141.408 141.408 141.408 141.407 141.406 141.405
140.697 140.713 140.726 140.738 140.749 140.759 140.769 140.779 140.789 140.799 140.809 140.820 140.831 140.842 140.853 140.864 140.876 140.888 140.901 140.913 140.926 140.940 140.953 140.967 140.981 140.996 141.010 141.025 141.040 141.056 141.071 141.087 141.103 141.119 141.136 141.152 141.168 141.185 141.201 141.217 141.233 141.250 141.269 141.287 141.304 141.320 141.335 141.349 141.362 141.373 141.382 141.390 141.396 141.401 141.404 141.407 141.408 141.409 141.409 141.408 141.408 141.407 141.406 141.405
140.699 140.717 140.730 140.741 140.751 140.761 140.770 140.780 140.789 140.799 140.809 140.820 140.830 140.841 140.852 140.864 140.876 140.888 140.900 140.913 140.926 140.939 140.953 140.966 140.981 140.995 141.010 141.025 141.040 141.055 141.071 141.087 141.103 141.119 141.136 141.152 141.169 141.185 141.202 141.219 141.236 141.253 141.271 141.289 141.306 141.322 141.338 141.352 141.365 141.376 141.385 141.393 141.399 141.403 141.407 141.408 141.409 141.410 141.410 141.409 141.408 141.407 141.406 141.405
-9999.000 140.727 140.737 140.745 140.754 140.762 140.771 140.780 140.789 140.799 140.809 140.819 140.830 140.841 140.852 140.863 140.875 140.887 140.899 140.912 140.925 140.938 140.952 140.966 140.980 140.994 141.009 141.024 141.039 141.055 141.070 141.086 141.103 141.119 141.136 141.152 141.169 141.186 141.203 141.221 141.238 141.256 141.274 141.292 141.309 141.326 141.342 141.356 141.369 141.381 141.390 141.398 141.403 141.407 141.410 141.411 141.412 141.412 141.411 141.410 141.409 141.408 141.406 141.405
-9999.000 140.734 140.745 140.750 140.756 140.764 140.772 140.780 140.790 140.799 140.809 140.819 140.829 140.840 140.851 140.862 140.874 140.886 140.898 140.911 140.924 140.937 140.951 140.965 140.979 140.993 141.008 141.023 141.038 141.054 141.070 141.086 141.102 141.119 141.136 141.152 141.170 141.187 141.204 141.222 141.240 141.258 141.277 141.295 141.313 141.330 141.347 141.362 141.376 141.387 141.397 141.404 141.410 141.413 141.415 141.415 141.415 141.414 141.412 141.411 141.409 141.408 141.406 141.405
140.746 140.747 140.748 140.752 140.758 140.765 140.772 140.781 140.789 140.798 140.808 140.818 140.828 140.839 140.850 140.861 140.873 140.885 140.897 140.910 140.923 140.936 140.950 140.964 140.978 140.992 141.007 141.022 141.038 141.053 141.069 141.085 141.102 141.118 141.135 141.152 141.170 141.188 141.205 141.224 141.242 141.261 141.280 141.298 141.317 141.335 141.353 141.369 141.384 141.396 141.406 141.413 141.418 141.420 141.420 141.420 141.418 141.416 141.414 141.412 141.410 141.408 141.406 141.405
140.744 140.746 140.749 140.753 140.759 140.765 140.772 140.780 140.789 140.798 140.807 140.817 140.827 140.838 140.849 140.860 140.872 140.884 140.896 140.909 140.922 140.935 140.948 140.962 140.977 140.991 141.006 141.021 141.036 141.052 141.068 141.084 141.101 141.118 141.135 141.152 141.170 141.188 141.206 141.225 141.244 141.263 141.283 141.302 141.322 141.342 141.361 141.379 141.395 141.408 141.416 141.425 141.429 141.429 141.427 141.425 141.422 141.419 141.416 141.413 141.411 141.408 141.406 141.405
140.743 140.745 140.749 140.753 140.759 140.765 140.772 140.780 140.788 140.797 140.806 140.816 140.826 140.836 140.847 140.859 140.870 140.882 140.894 140.907 140.920 140.933 140.947 140.961 140.975 140.990 141.004 141.020 141.035 141.051 141.067 141.083 141.100 141.117 141.134 141.152 141.170 141.188 141.207 141.226 141.245 141.265 141.285 141.306 141.327 141.348 141.369 141.390 141.409 141.423 141.427 141.442 141.444 141.440 141.435 141.430 141.426 141.421 141.417 141.414 141.411 141.408 141.406 141.404
140.741 140.744 140.748 140.752 140.758 140.764 140.771 140.778 140.787 140.795 140.805 140.814 140.824 140.835 140.846 140.857 140.868 140.880 140.893 140.905 140.918 140.931 140.945 140.959 140.973 140.988 141.003 141.018 141.033 141.049 141.065 141.082 141.099 141.116 141.133 141.151 141.169 141.188 141.207 141.226 141.246 141.267 141.288 141.309 141.332 141.355 141.378 141.403 141.427 141.449 141.597 141.473 141.463 141.453 141.444 141.436 141.429 141.424 141.419 141.414 141.411 141.408 141.405 141.403
140.739 140.742 140.746 140.751 140.756 140.762 140.769 140.777 140.785 140.794 140.803 140.812 140.822 140.833 140.844 140.855 140.866 140.878 140.891 140.903 140.916 140.929 140.943 140.957 140.971 140.986 141.001 141.016 141.032 141.047 141.064 141.080 141.097 141.114 141.132 141.150 141.169 141.187 141.207 141.227 141.247 141.268 141.290 141.312 141.336 141.361 141.387 141.416 141.450 141.495 141.578 141.513 141.483 141.464 141.450 141.440 141.432 141.425 141.419 141.414 141.410 141.407 141.404 141.402
140.736 140.739 140.744 140.748 140.754 140.760 140.767 140.775 140.783 140.792 140.801 140.810 140.820 140.831 140.841 140.853 140.864 140.876 140.888 140.901 140.914 140.927 140.941 140.955 140.969 140.984 140.999 141.014 141.029 141.045 141.062 141.078 141.095 141.113 141.131 141.149 141.167 141.187 141.206 141.226 141.247 141.269 141.291 141.314 141.339 141.365 141.393 141.424 141.460 141.504 141.561 141.520 141.490 141.469 141.454 141.442 141.433 141.425 141.419 141.414 141.409 141.405 141.402 141.400
140.732 140.736 140.740 140.746 140.751 140.758 140.765 140.772 140.780 140.789 140.798 140.808 140.818 140.828 140.839 140.850 140.862 140.874 140.886 140.898 140.911 140.925 140.938 140.952 140.967 140.981 140.996 141.011 141.027 141.043 141.059 141.076 141.093 141.111 141.129 141.147 141.166 141.185 141.205 141.225 141.247 141.268 141.291 141.315 141.340 141.367 141.396 141.427 141.462 141.501 141.544 141.515 141.490 141.470 141.454 141.442 141.432 141.424 141.417 141.412 141.407 141.403 141.400 141.398
140.728 140.732 140.737 140.742 140.748 140.755 140.762 140.769 140.778 140.786 140.795 140.805 140.815 140.825 140.836 140.847 140.859 140.871 140.883 140.896 140.909 140.922 140.936 140.950 140.964 140.978 140.993 141.009 141.024 141.040 141.057 141.074 141.091 141.108 141.126 141.145 141.164 141.183 141.203 141.224 141.245 141.267 141.290 141.315 141.340 141.367 141.396 141.427 141.460 141.495 141.529 141.504 141.483 141.466 141.451 141.439 141.430 141.422 141.415 141.409 141.405 141.401 141.398 141.395
140.724 140.728 140.733 140.738 140.745 140.751 140.758 140.766 140.774 140.783 140.792 140.802 140.812 140.822 140.833 140.844 140.856 140.868 140.880 140.893 140.906 140.919 140.933 140.947 140.961 140.976 140.991 141.006 141.022 141.038 141.054 141.071 141.088 141.106 141.124 141.142 141.161 141.181 141.201 141.222 141.243 141.265 141.289 141.313 141.338 141.365 141.394 141.424 141.456 141.489 141.512 141.491 141.474 141.459 141.446 141.435 141.426 141.418 141.411 141.406 141.401 141.397 141.394 141.392
140.719 140.723 140.728 140.734 140.740 140.747 140.755 140.763 140.771 140.780 140.789 140.799 140.809 140.819 140.830 140.841 140.853 140.865 140.877 140.890 140.903 140.916 140.929 140.943 140.958 140.972 140.987 141.003 141.018 141.034 141.051 141.068 141.085 141.103 141.121 141.139 141.158 141.178 141.198 141.219 141.240 141.263 141.286 141.310 141.335 141.362 141.390 141.420 141.453 141.491 141.487 141.475 141.462 141.449 141.438 141.429 141.420 141.413 141.406 141.401 141.397 141.393 141.390 141.388
140.713 140.718 140.723 140.729 140.736 140.743 140.751 140.759 140.767 140.776 140.785 140.795 140.805 140.816 140.827 140.838 140.849 140.861 140.874 140.886 140.899 140.912 140.926 140.940 140.954 140.969 140.984 140.999 141.015 141.031 141.047 141.064 141.081 141.099 141.117 141.136 141.155 141.174 141.195 141.215 141.237 141.259 141.282 141.306 141.331 141.357 141.384 141.413 141.443 141.476 141.469 141.460 141.449 141.439 141.429 141.421 141.413 141.407 141.401 141.396 141.392 141.388 141.386 141.383
140.707 140.712 140.718 140.724 140.731 140.738 140.746 140.754 140.763 140.772 140.781 140.791 140.801 140.812 140.823 140.834 140.846 140.858 140.870 140.882 140.895 140.909 140.922 140.936 140.951 140.965 140.980 140.995 141.011 141.027 141.044 141.060 141.078 141.095 141.113 141.132 141.151 141.170 141.190 141.211 141.232 141.254 141.277 141.301 141.325 141.351 141.377 141.404 141.432 141.461 141.453 141.445 141.437 141.428 141.420 141.412 141.405 141.399 141.394 141.390 141.386 141.383 141.380 141.378
140.700 140.706 140.712 140.719 140.726 140.733 140.741 140.750 140.759 140.768 140.777 140.787 140.797 140.808 140.819 140.830 140.842 140.854 140.866 140.879 140.892 140.905 140.918 140.932 140.947 140.961 140.976 140.991 141.007 141.023 141.039 141.056 141.073 141.091 141.109 141.127 141.146 141.166 141.186 141.206 141.228 141.249 141.272 141.295 141.319 141.344 141.369 141.395 141.420 141.446 141.439 141.431 141.424 141.416 141.409 141.403 141.397 141.392 141.387 141.383 141.380 141.377 141.375 141.373
140.693 140.699 140.706 140.713 140.720 140.728 140.736 140.745 140.754 140.763 140.773 140.783 140.793 140.804 140.815 140.826 140.838 140.850 140.862 140.874 140.887 140.901 140.914 140.928 140.942 140.957 140.972 140.987 141.003 141.019 141.035 141.052 141.069 141.086 141.104 141.123 141.142 141.161 141.181 141.201 141.222 141.243 141.266 141.288 141.312 141.336 141.360 141.385 141.409 141.431 141.424 141.417 141.411 141.404 141.398 141.393 141.388 141.383 141.379 141.376 141.373 141.370 141.368 141.367
140.686 140.693 140.700 140.707 140.715 140.723 140.731 140.740 140.749 140.758 140.768 140.778 140.789 140.799 140.810 140.822 140.833 140.845 140.858 140.870 140.883 140.896 140.910 140.924 140.938 140.952 140.967 140.983 140.998 141.014 141.030 141.047 141.064 141.081 141.099 141.117 141.136 141.155 141.175 141.195 141.216 141.237 141.259 141.281 141.304 141.328 141.352 141.376 141.399 141.416 141.409 141.403 141.398 141.392 141.387 141.382 141.378 141.374 141.371 141.368 141.365 141.363 141.361 141.360
140.678 140.686 140.693 140.701 140.709 140.717 140.726 140.735 140.744 140.753 140.763 140.773 140.784 140.795 140.806 140.817 140.829 140.841 140.853 140.866 140.878 140.892 140.905 140.919 140.933 140.948 140.963 140.978 140.993 141.009 141.025 141.042 141.059 141.076 141.094 141.112 141.130 141.149 141.169 141.189 141.209 141.230 141.252 141.273 141.296 141.319 141.343 141.368 141.396 141.396 141.393 141.389 141.384 141.380 141.376 141.372 141.368 141.365 141.362 141.359 141.357 141.355 141.354 141.353
140.671 140.679 140.687 140.695 140.703 140.711 140.720 140.729 140.739 140.748 140.758 140.768 140.779 140.790 140.801 140.812 140.824 140.836 140.848 140.861 140.874 140.887 140.900 140.914 140.928 140.943 140.957 140.973 140.988 141.004 141.020 141.036 141.053 141.070 141.088 141.106 141.124 141.143 141.162 141.182 141.202 141.223 141.244 141.265 141.287 141.310 141.333 141.356 141.381 141.380 141.377 141.374 141.371 141.367 141.364 141.361 141.358 141.355 141.353 141.350 141.349 141.347 141.346 141.346
140.663 140.672 140.680 140.688 140.697 140.706 140.715 140.724 140.733 140.743 140.753 140.763 140.774 140.785 140.796 140.807 140.819 140.831 140.843 140.856 140.869 140.882 140.895 140.909 140.923 140.937 140.952 140.967 140.982 140.998 141.014 141.031 141.047 141.064 141.082 141.100 141.118 141.136 141.155 141.175 141.195 141.215 141.236 141.257 141.278 141.300 141.322 141.344 141.367 141.365 141.363 141.360 141.357 141.355 141.352 141.349 141.347 141.345 141.343 141.341 141.340 141.339 141.338 141.338
140.656 140.665 140.673 140.682 140.691 140.700 140.709 140.718 140.728 140.738 140.748 140.758 140.769 140.780 140.791 140.802 140.814 140.826 140.838 140.851 140.864 140.877 140.890 140.904 140.918 140.932 140.947 140.962 140.977 140.992 141.008 141.024 141.041 141.058 141.075 141.093 141.111 141.129 141.148 141.167 141.187 141.207 141.227 141.247 141.268 141.289 141.311 141.332 141.352 141.350 141.348 141.346 141.344 141.342 141.340 141.338 141.336 141.334 141.333 141.332 141.331 141.330 141.330 141.330
