LISFLOOD/results/run2.inittm
ncols         138
nrows         103
xllcorner     341179.518085
yllcorner     4516709.658735
cellsize      30.000000
NODATA_value  -9999.000000
[rows 62 to 92 of 103, columns 68 to 135 of 138]
1.607 1.581 1.542 1.491 1.466 1.422 1.384 1.369 1.356 1.342 1.321 1.306 1.157 0.304 0.232 0.203 0.176 0.151 0.127 0.106 0.086 0.067 0.051 0.037 0.025 0.014 0.006 0.002 0.001 0.001 0.001 0.002 0.041 0.650 0.696 0.672 0.654 0.578 0.659 0.653 0.656 0.646 0.636 0.632 0.636 0.915 -9999.000 -9999.000 -9999.000 -9999.000 -9999.000 -9999.000 -9999.000 -9999.000 -9999.000 -9999.000 -9999.000 -9999.000 -9999.000 -9999.000 -9999.000 -9999.000 -9999.000 -9999.000 -9999.000 -9999.000 -9999.000 -9999.000
1.637 1.614 1.591 1.493 1.449 1.426 1.406 1.389 1.373 1.369 1.349 1.325 1.009 0.253 0.223 0.195 0.169 0.144 0.121 0.100 0.081 0.063 0.047 0.032 0.019 0.009 0.002 0.001 0.001 0.001 0.001 0.002 0.104 0.707 0.716 0.693 0.496 0.536 0.591 0.624 0.667 0.658 0.652 0.647 0.787 9.679 -9999.000 -9999.000 -9999.000 -9999.000 -9999.000 -9999.000 -9999.000 -9999.000 -9999.000 -9999.000 -9999.000 -9999.000 -9999.000 -9999.000 -9999.000 -9999.000 -9999.000 -9999.000 -9999.000 -9999.000 -9999.000 -9999.000
1.672 1.647 1.608 1.496 1.457 1.440 1.425 1.412 1.391 1.366 1.334 1.304 0.578 0.244 0.215 0.188 0.162 0.138 0.116 0.094 0.076 0.058 0.043 0.029 0.018 0.009 0.002 0.001 0.001 0.001 0.002 0.007 0.187 0.729 0.734 0.418 0.450 0.629 0.632 0.662 0.680 0.672 0.667 0.711 1.643 -9999.000 -9999.000 -9999.000 -9999.000 -9999.000 -9999.000 -9999.000 -9999.000 -9999.000 -9999.000 -9999.000 -9999.000 -9999.000 -9999.000 -9999.000 -9999.000 -9999.000 -9999.000 -9999.000 -9999.000 -9999.000 -9999.000 -9999.000
1.676 1.644 1.571 1.502 1.472 1.455 1.441 1.427 1.414 1.392 1.378 1.188 0.283 0.236 0.207 0.181 0.155 0.132 0.110 0.090 0.071 0.054 0.040 0.027 0.016 0.008 0.002 0.001 0.001 0.001 0.002 0.043 0.734 0.748 0.754 0.340 0.461 0.515 0.554 0.625 0.692 0.687 0.684 0.917 -9999.000 -9999.000 -9999.000 -9999.000 -9999.000 -9999.000 -9999.000 -9999.000 -9999.000 -9999.000 -9999.000 -9999.000 -9999.000 -9999.000 -9999.000 -9999.000 -9999.000 -9999.000 -9999.000 -9999.000 -9999.000 -9999.000 -9999.000 -9999.000
1.684 1.647 1.552 1.511 1.492 1.473 1.460 1.452 1.432 1.414 1.396 1.046 0.257 0.227 0.199 0.173 0.149 0.126 0.104 0.085 0.067 0.051 0.037 0.025 0.014 0.006 0.002 0.001 0.001 0.001 0.002 0.080 0.154 0.239 0.286 0.308 0.563 0.565 0.597 0.689 0.705 0.702 0.732 1.526 -9999.000 -9999.000 -9999.000 -9999.000 -9999.000 -9999.000 -9999.000 -9999.000 -9999.000 -9999.000 -9999.000 -9999.000 -9999.000 -9999.000 -9999.000 -9999.000 -9999.000 -9999.000 -9999.000 -9999.000 -9999.000 -9999.000 -9999.000 -9999.000
1.686 1.634 1.560 1.528 1.508 1.490 1.477 1.462 1.434 1.409 1.378 0.688 0.249 0.221 0.193 0.167 0.143 0.120 0.099 0.080 0.062 0.046 0.032 0.019 0.009 0.002 0.001 0.001 0.001 0.001 0.003 0.073 0.102 0.448 0.205 0.294 0.416 0.461 0.532 0.681 0.719 0.717 0.861 -9999.000 -9999.000 -9999.000 -9999.000 -9999.000 -9999.000 -9999.000 -9999.000 -9999.000 -9999.000 -9999.000 -9999.000 -9999.000 -9999.000 -9999.000 -9999.000 -9999.000 -9999.000 -9999.000 -9999.000 -9999.000 -9999.000 -9999.000 -9999.000 -9999.000
1.661 1.611 1.561 1.540 1.524 1.509 1.489 1.464 1.439 1.415 1.259 0.296 0.241 0.213 0.187 0.161 0.137 0.115 0.094 0.076 0.058 0.043 0.029 0.018 0.009 0.002 0.001 0.001 0.001 0.002 0.008 0.063 0.083 0.113 0.165 0.571 0.483 0.508 0.608 0.733 0.734 0.733 0.994 -9999.000 -9999.000 -9999.000 -9999.000 -9999.000 -9999.000 -9999.000 -9999.000 -9999.000 -9999.000 -9999.000 -9999.000 -9999.000 -9999.000 -9999.000 -9999.000 -9999.000 -9999.000 -9999.000 -9999.000 -9999.000 -9999.000 -9999.000 -9999.000 -9999.000
1.621 1.595 1.575 1.558 1.541 1.524 1.503 1.485 1.458 1.434 1.095 0.263 0.232 0.205 0.179 0.154 0.131 0.110 0.089 0.071 0.055 0.040 0.027 0.016 0.008 0.002 0.001 0.001 0.001 0.003 0.047 0.072 0.098 0.124 0.194 0.844 0.568 0.596 0.710 0.751 0.749 0.753 1.126 -9999.000 -9999.000 -9999.000 -9999.000 -9999.000 -9999.000 -9999.000 -9999.000 -9999.000 -9999.000 -9999.000 -9999.000 -9999.000 -9999.000 -9999.000 -9999.000 -9999.000 -9999.000 -9999.000 -9999.000 -9999.000 -9999.000 -9999.000 -9999.000 -9999.000
1.630 1.612 1.596 1.588 1.558 1.526 1.502 1.480 1.453 1.425 0.794 0.253 0.224 0.198 0.172 0.148 0.126 0.104 0.085 0.067 0.051 0.037 0.025 0.014 0.006 0.002 0.001 0.001 0.001 0.003 0.036 0.046 0.062 0.115 0.243 0.379 0.422 0.506 0.718 0.768 0.766 0.783 1.402 -9999.000 -9999.000 -9999.000 -9999.000 -9999.000 -9999.000 -9999.000 -9999.000 -9999.000 -9999.000 -9999.000 -9999.000 -9999.000 -9999.000 -9999.000 -9999.000 -9999.000 -9999.000 -9999.000 -9999.000 -9999.000 -9999.000 -9999.000 -9999.000 -9999.000
1.649 1.636 1.619 1.612 1.568 1.546 1.538 1.516 1.488 1.324 0.308 0.244 0.216 0.190 0.166 0.142 0.120 0.099 0.080 0.062 0.046 0.032 0.019 0.009 0.002 0.001 0.001 0.001 0.001 0.006 0.015 0.031 0.056 0.164 0.853 0.488 0.488 0.599 0.784 0.784 0.783 0.843 1.808 -9999.000 -9999.000 -9999.000 -9999.000 -9999.000 -9999.000 -9999.000 -9999.000 -9999.000 -9999.000 -9999.000 -9999.000 -9999.000 -9999.000 -9999.000 -9999.000 -9999.000 -9999.000 -9999.000 -9999.000 -9999.000 -9999.000 -9999.000 -9999.000 -9999.000
1.674 1.659 1.646 1.616 1.579 1.567 1.545 1.522 1.475 1.148 0.263 0.234 0.207 0.182 0.158 0.136 0.114 0.094 0.076 0.058 0.043 0.029 0.018 0.009 0.002 0.001 0.001 0.001 0.002 0.012 0.021 0.037 0.097 0.190 0.877 0.874 0.612 0.768 0.805 0.802 0.801 0.937 2.424 -9999.000 -9999.000 -9999.000 -9999.000 -9999.000 -9999.000 -9999.000 -9999.000 -9999.000 -9999.000 -9999.000 -9999.000 -9999.000 -9999.000 -9999.000 -9999.000 -9999.000 -9999.000 -9999.000 -9999.000 -9999.000 -9999.000 -9999.000 -9999.000 -9999.000
1.703 1.679 1.647 1.611 1.597 1.584 1.557 1.533 1.459 0.743 0.254 0.226 0.199 0.174 0.151 0.129 0.108 0.089 0.071 0.054 0.040 0.027 0.016 0.008 0.002 0.001 0.001 0.001 0.003 0.019 0.026 0.057 0.103 0.125 0.905 0.898 0.830 0.824 0.823 0.821 0.819 1.036 2.603 -9999.000 -9999.000 -9999.000 -9999.000 -9999.000 -9999.000 -9999.000 -9999.000 -9999.000 -9999.000 -9999.000 -9999.000 -9999.000 -9999.000 -9999.000 -9999.000 -9999.000 -9999.000 -9999.000 -9999.000 -9999.000 -9999.000 -9999.000 -9999.000 -9999.000
1.727 1.688 1.647 1.625 1.623 1.623 1.580 1.562 1.401 0.314 0.245 0.217 0.191 0.167 0.144 0.122 0.103 0.084 0.067 0.051 0.037 0.025 0.014 0.006 0.002 0.001 0.001 0.001 0.003 0.010 0.029 0.060 0.076 0.141 0.912 0.917 0.854 0.844 0.842 0.839 0.842 1.158 1.709 -9999.000 -9999.000 -9999.000 -9999.000 -9999.000 -9999.000 -9999.000 -9999.000 -9999.000 -9999.000 -9999.000 -9999.000 -9999.000 -9999.000 -9999.000 -9999.000 -9999.000 -9999.000 -9999.000 -9999.000 -9999.000 -9999.000 -9999.000 -9999.000 -9999.000
1.726 1.683 1.659 1.647 1.653 1.606 1.575 1.549 1.270 0.268 0.236 0.208 0.182 0.159 0.137 0.116 0.097 0.079 0.062 0.046 0.032 0.019 0.009 0.002 0.001 0.001 0.001 0.001 0.003 0.011 0.032 0.053 0.143 0.912 0.934 0.898 0.871 0.864 0.861 0.859 0.869 1.354 -9999.000 -9999.000 -9999.000 -9999.000 -9999.000 -9999.000 -9999.000 -9999.000 -9999.000 -9999.000 -9999.000 -9999.000 -9999.000 -9999.000 -9999.000 -9999.000 -9999.000 -9999.000 -9999.000 -9999.000 -9999.000 -9999.000 -9999.000 -9999.000 -9999.000 -9999.000
1.713 1.696 1.684 1.685 1.664 1.618 1.592 1.568 1.114 0.257 0.227 0.199 0.174 0.150 0.129 0.109 0.091 0.074 0.058 0.043 0.029 0.018 0.009 0.002 0.001 0.001 0.001 0.002 0.007 0.022 0.047 0.119 0.192 0.958 0.956 0.903 0.887 0.883 0.881 0.878 0.925 1.696 -9999.000 -9999.000 -9999.000 -9999.000 -9999.000 -9999.000 -9999.000 -9999.000 -9999.000 -9999.000 -9999.000 -9999.000 -9999.000 -9999.000 -9999.000 -9999.000 -9999.000 -9999.000 -9999.000 -9999.000 -9999.000 -9999.000 -9999.000 -9999.000 -9999.000 -9999.000
1.728 1.727 1.751 1.727 1.701 1.644 1.657 1.549 0.583 0.248 0.218 0.191 0.166 0.142 0.122 0.102 0.085 0.069 0.054 0.040 0.027 0.016 0.008 0.002 0.001 0.001 0.001 0.003 0.012 0.024 0.088 0.119 0.220 1.009 0.979 0.919 0.903 0.902 0.900 0.898 1.038 3.166 -9999.000 -9999.000 -9999.000 -9999.000 -9999.000 -9999.000 -9999.000 -9999.000 -9999.000 -9999.000 -9999.000 -9999.000 -9999.000 -9999.000 -9999.000 -9999.000 -9999.000 -9999.000 -9999.000 -9999.000 -9999.000 -9999.000 -9999.000 -9999.000 -9999.000 -9999.000
1.747 1.765 1.782 1.760 1.716 1.671 1.664 1.482 0.327 0.241 0.211 0.183 0.157 0.134 0.113 0.095 0.078 0.063 0.049 0.037 0.025 0.014 0.006 0.002 0.001 0.001 0.001 0.003 0.011 0.063 0.086 0.117 0.971 1.023 1.006 0.937 0.923 0.921 0.919 0.918 1.163 -9999.000 -9999.000 -9999.000 -9999.000 -9999.000 -9999.000 -9999.000 -9999.000 -9999.000 -9999.000 -9999.000 -9999.000 -9999.000 -9999.000 -9999.000 -9999.000 -9999.000 -9999.000 -9999.000 -9999.000 -9999.000 -9999.000 -9999.000 -9999.000 -9999.000 -9999.000 -9999.000
1.783 1.791 1.804 1.783 1.718 1.697 1.670 1.381 0.273 0.234 0.203 0.176 0.150 0.127 0.106 0.087 0.071 0.057 0.044 0.032 0.020 0.009 0.002 0.001 0.001 0.001 0.001 0.003 0.042 0.066 0.087 0.156 1.011 1.038 1.033 0.953 0.944 0.940 0.938 0.939 1.306 -9999.000 -9999.000 -9999.000 -9999.000 -9999.000 -9999.000 -9999.000 -9999.000 -9999.000 -9999.000 -9999.000 -9999.000 -9999.000 -9999.000 -9999.000 -9999.000 -9999.000 -9999.000 -9999.000 -9999.000 -9999.000 -9999.000 -9999.000 -9999.000 -9999.000 -9999.000 -9999.000
1.836 1.834 1.802 1.758 1.738 1.729 1.700 1.254 0.262 0.229 0.198 0.169 0.143 0.119 0.098 0.080 0.064 0.050 0.038 0.028 0.018 0.009 0.002 0.001 0.001 0.001 0.002 0.008 0.044 0.064 0.096 0.184 1.034 1.054 1.054 0.969 0.965 0.961 0.959 0.965 1.504 -9999.000 -9999.000 -9999.000 -9999.000 -9999.000 -9999.000 -9999.000 -9999.000 -9999.000 -9999.000 -9999.000 -9999.000 -9999.000 -9999.000 -9999.000 -9999.000 -9999.000 -9999.000 -9999.000 -9999.000 -9999.000 -9999.000 -9999.000 -9999.000 -9999.000 -9999.000 -9999.000
1.834 1.808 1.792 1.774 1.761 1.743 1.669 0.871 0.259 0.224 0.193 0.164 0.138 0.114 0.092 0.073 0.057 0.044 0.033 0.023 0.016 0.009 0.002 0.001 0.001 0.001 0.002 0.033 0.051 0.070 0.100 0.204 1.045 1.063 1.013 0.986 0.984 0.982 0.979 1.004 1.821 -9999.000 -9999.000 -9999.000 -9999.000 -9999.000 -9999.000 -9999.000 -9999.000 -9999.000 -9999.000 -9999.000 -9999.000 -9999.000 -9999.000 -9999.000 -9999.000 -9999.000 -9999.000 -9999.000 -9999.000 -9999.000 -9999.000 -9999.000 -9999.000 -9999.000 -9999.000 -9999.000
1.848 1.844 1.861 1.857 1.834 1.808 1.564 0.348 0.258 0.223 0.191 0.161 0.134 0.109 0.087 0.068 0.052 0.038 0.027 0.019 0.012 0.007 0.002 0.001 0.001 0.001 0.002 0.067 0.072 0.087 0.143 0.245 1.078 1.082 1.023 1.004 1.003 1.002 1.001 1.104 2.553 -9999.000 -9999.000 -9999.000 -9999.000 -9999.000 -9999.000 -9999.000 -9999.000 -9999.000 -9999.000 -9999.000 -9999.000 -9999.000 -9999.000 -9999.000 -9999.000 -9999.000 -9999.000 -9999.000 -9999.000 -9999.000 -9999.000 -9999.000 -9999.000 -9999.000 -9999.000 -9999.000
1.975 2.021 2.073 2.032 1.984 1.872 1.403 0.295 0.256 0.222 0.190 0.160 0.132 0.107 0.084 0.064 0.048 0.033 0.022 0.014 0.008 0.004 0.001 0.001 0.001 0.001 0.003 0.077 0.091 0.108 0.189 0.322 1.124 1.100 1.040 1.023 1.022 1.021 1.021 1.214 9.439 -9999.000 -9999.000 -9999.000 -9999.000 -9999.000 -9999.000 -9999.000 -9999.000 -9999.000 -9999.000 -9999.000 -9999.000 -9999.000 -9999.000 -9999.000 -9999.000 -9999.000 -9999.000 -9999.000 -9999.000 -9999.000 -9999.000 -9999.000 -9999.000 -9999.000 -9999.000 -9999.000
2.298 2.173 2.129 2.063 2.022 1.890 1.211 0.294 0.257 0.222 0.189 0.159 0.131 0.106 0.083 0.063 0.046 0.031 0.019 0.010 0.004 0.001 0.001 0.001 0.001 0.002 0.007 0.076 0.093 0.120 0.189 1.079 1.159 1.121 1.058 1.045 1.042 1.041 1.041 1.328 -9999.000 -9999.000 -9999.000 -9999.000 -9999.000 -9999.000 -9999.000 -9999.000 -9999.000 -9999.000 -9999.000 -9999.000 -9999.000 -9999.000 -9999.000 -9999.000 -9999.000 -9999.000 -9999.000 -9999.000 -9999.000 -9999.000 -9999.000 -9999.000 -9999.000 -9999.000 -9999.000 -9999.000
2.161 2.129 2.097 2.058 2.019 1.817 0.606 0.295 0.258 0.223 0.191 0.160 0.132 0.107 0.084 0.064 0.047 0.032 0.021 0.012 0.007 0.003 0.001 0.001 0.002 0.006 0.072 0.088 0.110 0.136 0.260 1.124 1.162 1.141 1.076 1.067 1.063 1.062 1.064 1.484 -9999.000 -9999.000 -9999.000 -9999.000 -9999.000 -9999.000 -9999.000 -9999.000 -9999.000 -9999.000 -9999.000 -9999.000 -9999.000 -9999.000 -9999.000 -9999.000 -9999.000 -9999.000 -9999.000 -9999.000 -9999.000 -9999.000 -9999.000 -9999.000 -9999.000 -9999.000 -9999.000 -9999.000
2.131 2.109 2.088 2.058 2.023 1.713 0.387 0.298 0.260 0.225 0.193 0.163 0.135 0.110 0.087 0.068 0.051 0.037 0.025 0.017 0.011 0.006 0.003 0.008 0.006 0.026 0.090 0.110 0.136 0.159 1.108 1.164 1.181 1.129 1.093 1.089 1.085 1.083 1.103 2.020 -9999.000 -9999.000 -9999.000 -9999.000 -9999.000 -9999.000 -9999.000 -9999.000 -9999.000 -9999.000 -9999.000 -9999.000 -9999.000 -9999.000 -9999.000 -9999.000 -9999.000 -9999.000 -9999.000 -9999.000 -9999.000 -9999.000 -9999.000 -9999.000 -9999.000 -9999.000 -9999.000 -9999.000
2.152 2.126 2.102 2.069 2.006 1.599 0.351 0.302 0.266 0.231 0.199 0.168 0.141 0.116 0.093 0.074 0.057 0.043 0.032 0.023 0.016 0.011 0.009 1.197 0.013 0.105 0.123 0.150 0.171 0.182 1.147 1.212 1.203 1.138 1.112 1.109 1.107 1.105 1.198 7.426 -9999.000 -9999.000 -9999.000 -9999.000 -9999.000 -9999.000 -9999.000 -9999.000 -9999.000 -9999.000 -9999.000 -9999.000 -9999.000 -9999.000 -9999.000 -9999.000 -9999.000 -9999.000 -9999.000 -9999.000 -9999.000 -9999.000 -9999.000 -9999.000 -9999.000 -9999.000 -9999.000 -9999.000
2.158 2.141 2.138 2.106 1.966 1.490 0.349 0.310 0.273 0.238 0.206 0.177 0.149 0.125 0.103 0.084 0.067 0.053 0.041 0.032 0.024 0.018 0.244 1.217 0.026 0.194 0.211 0.261 0.211 0.209 1.191 1.243 1.228 1.151 1.131 1.129 1.127 1.126 1.342 -9999.000 -9999.000 -9999.000 -9999.000 -9999.000 -9999.000 -9999.000 -9999.000 -9999.000 -9999.000 -9999.000 -9999.000 -9999.000 -9999.000 -9999.000 -9999.000 -9999.000 -9999.000 -9999.000 -9999.000 -9999.000 -9999.000 -9999.000 -9999.000 -9999.000 -9999.000 -9999.000 -9999.000 -9999.000
2.133 2.110 2.086 2.051 1.937 1.343 0.360 0.321 0.284 0.249 0.217 0.188 0.161 0.136 0.114 0.095 0.078 0.064 0.052 0.042 0.033 0.027 1.190 1.231 0.041 0.235 0.386 0.332 0.249 0.243 1.214 1.260 1.253 1.168 1.151 1.149 1.148 1.149 1.576 -9999.000 -9999.000 -9999.000 -9999.000 -9999.000 -9999.000 -9999.000 -9999.000 -9999.000 -9999.000 -9999.000 -9999.000 -9999.000 -9999.000 -9999.000 -9999.000 -9999.000 -9999.000 -9999.000 -9999.000 -9999.000 -9999.000 -9999.000 -9999.000 -9999.000 -9999.000 -9999.000 -9999.000 -9999.000
2.179 2.156 2.129 2.092 1.890 0.965 0.371 0.332 0.296 0.262 0.231 0.202 0.174 0.151 0.128 0.109 0.092 0.078 0.065 0.054 0.046 0.043 1.266 1.254 0.072 0.276 0.456 0.418 0.284 0.282 1.249 1.271 1.271 1.186 1.173 1.170 1.168 1.227 2.321 -9999.000 -9999.000 -9999.000 -9999.000 -9999.000 -9999.000 -9999.000 -9999.000 -9999.000 -9999.000 -9999.000 -9999.000 -9999.000 -9999.000 -9999.000 -9999.000 -9999.000 -9999.000 -9999.000 -9999.000 -9999.000 -9999.000 -9999.000 -9999.000 -9999.000 -9999.000 -9999.000 -9999.000 -9999.000
2.179 2.157 2.129 2.072 1.769 0.474 0.387 0.348 0.312 0.278 0.246 0.217 0.191 0.166 0.144 0.125 0.108 0.093 0.080 0.069 0.061 0.099 1.308 1.285 0.114 0.159 1.186 1.176 0.312 0.323 1.271 1.286 1.223 1.203 1.196 1.192 1.189 1.430 11.404 -9999.000 -9999.000 -9999.000 -9999.000 -9999.000 -9999.000 -9999.000 -9999.000 -9999.000 -9999.000 -9999.000 -9999.000 -9999.000 -9999.000 -9999.000 -9999.000 -9999.000 -9999.000 -9999.000 -9999.000 -9999.000 -9999.000 -9999.000 -9999.000 -9999.000 -9999.000 -9999.000 -9999.000 -9999.000
2.178 2.155 2.126 2.060 1.644 0.452 0.403 0.366 0.329 0.296 0.265 0.236 0.209 0.185 0.163 0.143 0.126 0.111 0.098 0.087 0.079 1.083 1.333 1.298 0.427 0.174 1.215 1.168 0.342 0.372 1.286 1.299 1.212 1.219 1.217 1.213 1.221 1.684 -9999.000 -9999.000 -9999.000 -9999.000 -9999.000 -9999.000 -9999.000 -9999.000 -9999.000 -9999.000 -9999.000 -9999.000 -9999.000 -9999.000 -9999.000 -9999.000 -9999.000 -9999.000 -9999.000 -9999.000 -9999.000 -9999.000 -9999.000 -9999.000 -9999.000 -9999.000 -9999.000 -9999.000 -9999.000 -9999.000
