LISFLOOD/results/run2.inittm
ncols         138
nrows         103
xllcorner     341179.518085
yllcorner     4516709.658735
cellsize      30.000000
NODATA_value  -9999.000000
[rows 0 to 30 of 103, columns 68 to 135 of 138]
-9999.000 -9999.000 -9999.000 -9999.000 -9999.000 -9999.000 -9999.000 -9999.000 -9999.000 -9999.000 -9999.000 -9999.000 -9999.000 -9999.000 -9999.000 -9999.000 -9999.000 -9999.000 -9999.000 -9999.000 -9999.000 -9999.000 -9999.000 -9999.000 -9999.000 -9999.000 -9999.000 -9999.000 -9999.000 -9999.000 -9999.000 -9999.000 -9999.000 -9999.000 -9999.000 -9999.000 -9999.000 -9999.000 -9999.000 -9999.000 -9999.000 -9999.000 -9999.000 -9999.000 -9999.000 -9999.000 -9999.000 -9999.000 -9999.000 -9999.000 -9999.000 -9999.000 -9999.000 -9999.000 -9999.000 -9999.000 -9999.000 -9999.000 -9999.000 -9999.000 -9999.000 -9999.000 -9999.000 -9999.000 -9999.000 -9999.000 -9999.000 -9999.000
-9999.000 -9999.000 -9999.000 -9999.000 -9999.000 -9999.000 -9999.000 -9999.000 -9999.000 -9999.000 -9999.000 -9999.000 -9999.000 -9999.000 -9999.000 -9999.000 -9999.000 -9999.000 -9999.000 -9999.000 -9999.000 -9999.000 -9999.000 -9999.000 -9999.000 -9999.000 -9999.000 -9999.000 -9999.000 -9999.000 -9999.000 -9999.000 -9999.000 -9999.000 -9999.000 -9999.000 -9999.000 -9999.000 -9999.000 -9999.000 -9999.000 -9999.000 -9999.000 -9999.000 -9999.000 -9999.000 -9999.000 -9999.000 -9999.000 -9999.000 -9999.000 -9999.000 -9999.000 -9999.000 -9999.000 -9999.000 -9999.000 -9999.000 -9999.000 -9999.000 -9999.000 -9999.000 -9999.000 -9999.000 -9999.000 -9999.000 -9999.000 -9999.000
-9999.000 -9999.000 -9999.000 -9999.000 -9999.000 -9999.000 -9999.000 -9999.000 -9999.000 -9999.000 -9999.000 -9999.000 -9999.000 -9999.000 -9999.000 -9999.000 -9999.000 -9999.000 -9999.000 -9999.000 -9999.000 -9999.000 -9999.000 -9999.000 -9999.000 -9999.000 -9999.000 -9999.000 -9999.000 -9999.000 -9999.000 -9999.000 -9999.000 -9999.000 -9999.000 -9999.000 -9999.000 -9999.000 -9999.000 -9999.000 -9999.000 -9999.000 -9999.000 -9999.000 -9999.000 -9999.000 -9999.000 -9999.000 -9999.000 -9999.000 -9999.000 -9999.000 -9999.000 -9999.000 -9999.000 -9999.000 -9999.000 -9999.000 -9999.000 -9999.000 -9999.000 -9999.000 -9999.000 -9999.000 -9999.000 -9999.000 -9999.000 -9999.000
2.926 3.533 3.685 2.535 1.726 1.671 1.644 1.606 1.563 1.526 1.511 1.435 1.422 1.682 1.332 1.279 1.242 1.248 1.332 1.462 1.459 1.176 1.042 0.944 0.887 0.866 0.843 0.636 0.622 0.609 0.601 0.538 0.519 0.498 0.463 0.158 0.139 0.129 -9999.000 -9999.000 -9999.000 -9999.000 -9999.000 -9999.000 -9999.000 -9999.000 -9999.000 -9999.000 -9999.000 -9999.000 -9999.000 -9999.000 -9999.000 -9999.000 -9999.000 -9999.000 -9999.000 -9999.000 -9999.000 -9999.000 -9999.000 -9999.000 -9999.000 -9999.000 -9999.000 -9999.000 -9999.000 -9999.000
2.777 2.872 2.821 2.089 2.057 1.812 1.693 1.626 1.621 1.512 1.472 1.433 1.346 1.330 1.305 1.247 1.209 1.179 1.196 1.365 1.319 1.086 1.009 0.922 0.878 0.860 0.839 0.628 0.611 0.598 0.562 0.543 0.529 0.513 0.326 0.140 0.128 0.117 0.107 0.097 0.089 0.082 0.077 0.073 0.072 0.071 0.070 0.083 0.227 0.350 0.367 0.327 0.333 0.214 0.098 0.107 0.119 0.132 0.146 0.161 0.178 0.195 0.212 0.229 0.245 0.304 0.772 0.857
2.715 2.708 2.276 2.246 2.573 2.676 1.759 1.649 2.303 1.927 1.534 1.468 1.325 1.302 1.282 1.219 1.192 1.157 1.125 1.145 1.116 1.030 0.936 0.882 0.861 0.847 0.829 0.631 0.614 0.668 0.527 0.526 0.509 0.466 0.167 0.130 0.117 0.106 0.095 0.086 0.077 0.069 0.064 0.060 0.059 0.059 0.059 0.083 0.279 0.319 0.285 0.293 0.179 0.081 0.087 0.097 0.108 0.122 0.139 0.158 0.176 0.193 0.211 0.227 0.244 0.506 0.817 0.840
2.518 2.394 2.309 2.561 2.531 2.234 1.766 1.743 2.914 2.719 2.337 1.629 1.321 1.288 1.272 1.214 1.186 1.160 1.094 1.074 1.058 0.979 0.914 0.863 0.844 0.831 0.813 0.614 0.598 0.583 0.509 0.497 0.473 0.248 0.161 0.125 0.106 0.094 0.083 0.074 0.066 0.058 0.052 0.048 0.046 0.049 0.048 0.098 0.254 0.236 0.221 0.116 0.063 0.068 0.078 0.088 0.100 0.116 0.136 0.156 0.174 0.191 0.207 0.232 0.325 0.741 0.838 0.864
2.643 2.478 2.551 2.535 2.331 1.839 1.818 2.517 2.849 2.617 2.262 1.722 1.342 1.288 1.272 1.214 1.183 1.153 1.094 1.018 0.994 0.944 0.896 0.852 0.831 0.816 0.796 0.615 0.692 0.509 0.488 0.472 0.342 0.223 0.211 0.116 0.095 0.084 0.073 0.064 0.055 0.048 0.042 0.037 0.034 0.041 0.039 0.084 0.177 0.133 0.089 0.046 0.052 0.062 0.086 0.098 0.111 0.126 0.143 0.158 0.173 0.187 0.204 0.288 0.483 0.818 0.821 1.102
3.066 2.670 2.529 2.422 1.976 1.947 2.476 2.735 2.678 2.513 2.159 1.630 1.331 1.296 1.279 1.199 1.167 1.136 1.079 0.993 0.969 0.929 0.888 0.862 0.833 0.816 0.747 0.597 0.712 0.489 0.472 0.391 0.222 0.218 0.198 0.102 0.086 0.074 0.064 0.054 0.046 0.039 0.033 0.028 0.025 0.027 0.031 0.072 0.087 0.068 0.034 0.037 0.047 0.077 0.097 0.107 0.119 0.133 0.144 0.156 0.168 0.182 0.198 0.404 0.589 0.753 0.791 1.379
3.223 2.999 2.687 2.376 2.277 2.345 2.467 2.598 2.546 2.377 2.038 1.527 1.306 1.284 1.266 1.188 1.156 1.124 1.059 1.004 0.975 0.954 0.943 0.877 0.856 0.837 0.610 0.582 0.564 0.475 0.518 0.243 0.201 0.212 0.162 0.091 0.078 0.066 0.056 0.047 0.039 0.032 0.026 0.021 0.017 0.016 0.022 0.048 0.049 0.024 0.026 0.032 0.056 0.078 0.089 0.100 0.114 0.126 0.137 0.148 0.162 0.175 0.231 0.498 0.739 0.771 0.788 1.326
3.562 3.192 2.897 2.267 2.208 2.278 2.228 2.373 2.251 2.067 1.753 1.429 1.296 1.276 1.259 1.187 1.154 1.118 1.057 1.021 0.984 0.967 0.937 0.868 0.856 0.853 0.630 0.691 0.514 0.453 0.313 0.188 0.178 0.210 0.113 0.084 0.071 0.059 0.049 0.040 0.032 0.026 0.020 0.016 0.011 0.009 0.014 0.009 0.017 0.015 0.020 0.035 0.068 0.077 0.086 0.096 0.108 0.118 0.128 0.141 0.153 0.168 0.364 0.529 0.727 0.768 0.817 0.960
3.661 3.098 2.852 2.333 2.154 2.133 2.149 2.222 2.031 1.866 1.552 1.358 1.278 1.257 1.232 1.172 1.141 1.099 1.061 1.023 0.992 0.972 0.871 0.844 0.829 0.846 0.639 0.671 0.518 0.456 0.200 0.166 0.155 0.122 0.093 0.079 0.066 0.054 0.044 0.034 0.027 0.021 0.015 0.011 0.007 0.006 0.011 0.006 0.008 0.011 0.017 0.046 0.063 0.071 0.081 0.090 0.100 0.110 0.121 0.132 0.146 0.176 0.458 0.549 0.792 1.036 1.578 1.382
3.698 3.124 2.612 2.274 2.136 2.058 2.034 2.062 1.835 1.703 1.431 1.303 1.282 1.279 1.208 1.166 1.124 1.087 1.052 1.008 0.988 0.941 0.846 0.823 0.806 0.715 0.623 0.576 0.509 0.306 0.215 0.232 0.323 0.125 0.088 0.074 0.062 0.050 0.039 0.030 0.022 0.016 0.011 0.007 0.004 0.002 0.001 0.002 0.004 0.007 0.022 0.046 0.055 0.063 0.072 0.081 0.091 0.101 0.112 0.125 0.139 0.236 0.489 0.559 0.926 1.350 2.198 2.893
3.883 3.024 2.643 2.306 2.150 2.029 1.969 1.922 1.705 1.555 1.334 1.279 1.261 1.237 1.208 1.152 1.111 1.078 1.043 1.021 0.999 0.891 0.872 0.860 0.862 0.676 0.746 0.547 0.423 0.261 0.249 0.348 0.318 0.105 0.084 0.071 0.058 0.047 0.037 0.027 0.019 0.013 0.008 0.004 0.002 0.001 0.001 0.001 0.002 0.006 0.030 0.039 0.046 0.053 0.062 0.073 0.083 0.094 0.106 0.118 0.134 0.333 0.488 0.602 1.061 1.538 2.405 3.904
3.832 3.008 2.638 2.343 2.196 2.024 1.971 1.797 1.663 1.460 1.288 1.268 1.249 1.181 1.158 1.123 1.104 1.080 1.064 1.046 0.937 0.881 0.857 0.839 0.818 0.647 0.631 0.527 0.312 0.276 0.405 0.388 0.261 0.096 0.082 0.069 0.057 0.046 0.036 0.027 0.020 0.014 0.009 0.006 0.002 0.001 0.001 0.001 0.002 0.014 0.028 0.033 0.039 0.045 0.055 0.066 0.076 0.087 0.100 0.114 0.139 0.413 0.463 0.654 1.117 1.657 2.459 5.541
3.822 3.022 2.524 2.402 2.298 2.097 1.956 1.724 1.569 1.313 1.271 1.284 1.203 1.168 1.149 1.124 1.101 1.084 1.061 1.004 0.928 0.902 0.877 0.856 0.687 0.667 0.572 0.469 0.323 0.396 0.422 0.414 0.189 0.096 0.082 0.069 0.057 0.047 0.037 0.029 0.022 0.017 0.012 0.008 0.002 0.001 0.001 0.001 0.003 0.021 0.025 0.031 0.037 0.044 0.053 0.063 0.073 0.084 0.097 0.111 0.191 0.423 0.452 0.703 1.088 1.392 2.106 4.141
3.773 3.277 2.571 2.467 2.266 2.130 2.048 1.909 1.474 1.268 1.252 1.246 1.187 1.163 1.138 1.100 1.071 1.042 0.991 0.971 0.934 0.914 0.894 0.871 0.677 0.692 0.566 0.375 0.363 0.420 0.403 0.364 0.131 0.097 0.083 0.071 0.059 0.049 0.039 0.032 0.025 0.019 0.014 0.008 0.002 0.001 0.001 0.001 0.003 0.021 0.026 0.031 0.037 0.044 0.052 0.062 0.072 0.083 0.096 0.110 0.252 0.402 0.451 0.739 1.072 1.412 1.985 4.846
3.644 3.184 2.637 2.529 2.237 2.146 2.047 1.890 1.359 1.251 1.233 1.213 1.181 1.157 1.119 1.084 1.056 1.026 1.009 0.979 0.927 0.909 0.892 0.680 0.663 0.626 0.513 0.388 0.448 0.432 0.411 0.331 0.115 0.098 0.085 0.073 0.062 0.052 0.043 0.035 0.028 0.022 0.014 0.006 0.002 0.001 0.001 0.001 0.015 0.024 0.030 0.034 0.039 0.047 0.054 0.063 0.073 0.084 0.096 0.113 0.312 0.384 0.439 0.781 1.153 1.521 2.342 -9999.000
3.516 2.862 2.706 2.467 2.263 2.166 1.962 1.545 1.278 1.257 1.242 1.200 1.177 1.140 1.117 1.099 1.058 1.029 0.983 0.941 0.912 0.892 0.864 0.669 0.728 0.573 0.437 0.416 0.447 0.431 0.410 0.252 0.114 0.101 0.088 0.076 0.066 0.056 0.047 0.039 0.031 0.020 0.009 0.002 0.001 0.001 0.001 0.004 0.015 0.024 0.033 0.038 0.044 0.050 0.057 0.066 0.075 0.086 0.098 0.137 0.353 0.376 0.443 0.823 1.270 1.780 6.317 -9999.000
3.238 2.789 2.670 2.341 2.248 2.174 2.066 1.454 1.278 1.260 1.244 1.194 1.174 1.146 1.127 1.107 1.072 1.055 1.034 0.974 0.967 0.945 0.728 0.656 0.643 0.489 0.472 0.432 0.439 0.424 0.391 0.208 0.117 0.104 0.091 0.079 0.069 0.059 0.050 0.041 0.031 0.019 0.009 0.002 0.001 0.001 0.001 0.011 0.022 0.034 0.038 0.043 0.048 0.054 0.061 0.069 0.079 0.089 0.101 0.189 0.347 0.368 0.461 0.875 1.584 2.719 -9999.000 -9999.000
2.969 2.758 2.584 2.358 2.304 2.188 2.096 1.429 1.283 1.264 1.248 1.203 1.174 1.153 1.133 1.113 1.071 1.039 1.001 0.973 0.952 0.879 0.736 0.745 0.602 0.494 0.486 0.445 0.434 0.419 0.391 0.171 0.121 0.107 0.095 0.083 0.073 0.063 0.053 0.042 0.030 0.018 0.009 0.002 0.001 0.001 0.001 0.011 0.027 0.041 0.043 0.048 0.054 0.060 0.067 0.074 0.083 0.094 0.106 0.238 0.327 0.357 0.485 0.933 1.841 -9999.000 -9999.000 -9999.000
2.943 2.670 2.526 2.398 2.320 2.282 1.848 1.328 1.286 1.267 1.250 1.210 1.174 1.156 1.136 1.116 1.092 1.064 1.036 1.013 0.988 0.783 0.715 0.741 0.588 0.486 0.459 0.449 0.436 0.417 0.378 0.147 0.124 0.111 0.099 0.087 0.076 0.066 0.054 0.041 0.028 0.018 0.009 0.002 0.001 0.001 0.001 0.013 0.034 0.045 0.049 0.054 0.059 0.066 0.072 0.080 0.089 0.099 0.111 0.276 0.312 0.354 0.518 1.006 2.124 -9999.000 -9999.000 -9999.000
2.987 2.581 2.460 2.372 2.302 2.107 1.559 1.303 1.278 1.262 1.247 1.218 1.196 1.184 1.164 1.133 1.093 1.063 1.041 1.021 0.898 0.714 0.698 0.633 0.572 0.464 0.424 0.444 0.429 0.410 0.321 0.143 0.129 0.116 0.103 0.091 0.080 0.068 0.054 0.039 0.027 0.016 0.008 0.002 0.001 0.001 0.001 0.004 0.014 0.025 0.041 0.059 0.065 0.072 0.078 0.086 0.096 0.106 0.120 0.307 0.321 0.362 0.544 1.074 2.470 -9999.000 -9999.000 -9999.000
3.007 2.559 2.423 2.328 2.242 2.010 1.529 1.320 1.291 1.274 1.261 1.237 1.214 1.192 1.167 1.116 1.079 1.053 1.033 1.008 0.833 0.743 0.818 0.615 0.581 0.455 0.404 0.432 0.418 0.365 0.249 0.148 0.134 0.121 0.108 0.096 0.083 0.069 0.054 0.038 0.026 0.014 0.006 0.002 0.001 0.001 0.001 0.003 0.009 0.019 0.038 0.057 0.070 0.077 0.084 0.093 0.102 0.112 0.135 0.319 0.337 0.378 0.568 1.219 3.352 -9999.000 -9999.000 -9999.000
2.778 2.485 2.385 2.271 2.142 1.886 1.547 1.339 1.302 1.285 1.271 1.241 1.217 1.195 1.164 1.139 1.114 1.096 1.077 0.903 0.798 0.778 0.759 0.593 0.561 0.482 0.393 0.434 0.421 0.368 0.196 0.153 0.139 0.126 0.113 0.100 0.086 0.071 0.053 0.035 0.020 0.009 0.002 0.001 0.001 0.001 0.003 0.007 0.013 0.024 0.038 0.052 0.069 0.082 0.090 0.098 0.108 0.118 0.159 0.321 0.343 0.383 0.589 1.419 -9999.000 -9999.000 -9999.000 -9999.000
2.700 2.544 2.444 2.290 2.123 1.799 1.544 1.331 1.316 1.297 1.284 1.246 1.223 1.202 1.161 1.125 1.099 1.081 1.021 0.858 0.812 0.813 0.658 0.597 0.560 0.544 0.383 0.369 0.412 0.348 0.175 0.158 0.144 0.131 0.118 0.104 0.089 0.072 0.053 0.034 0.019 0.009 0.002 0.001 0.001 0.001 0.003 0.007 0.016 0.025 0.035 0.049 0.082 0.096 0.098 0.107 0.116 0.126 0.180 0.324 0.349 0.391 0.632 1.653 -9999.000 -9999.000 -9999.000 -9999.000
2.616 2.563 2.434 2.271 2.143 1.753 1.552 1.328 1.315 1.286 1.272 1.253 1.226 1.207 1.184 1.159 1.148 1.127 0.907 0.812 0.793 0.828 0.653 0.613 0.562 0.529 0.445 0.333 0.398 0.309 0.178 0.163 0.149 0.136 0.123 0.108 0.092 0.074 0.057 0.042 0.029 0.018 0.011 0.002 0.001 0.001 0.002 0.009 0.017 0.025 0.037 0.061 0.099 0.113 0.108 0.116 0.125 0.134 0.198 0.332 0.356 0.402 0.680 2.187 -9999.000 -9999.000 -9999.000 -9999.000
2.602 2.558 2.439 2.262 2.134 1.761 1.552 1.313 1.297 1.282 1.269 1.257 1.228 1.207 1.179 1.156 1.138 1.024 0.878 0.791 0.775 0.730 0.658 0.636 0.582 0.501 0.457 0.318 0.304 0.258 0.182 0.168 0.154 0.140 0.126 0.111 0.094 0.074 0.054 0.037 0.023 0.013 0.006 0.001 0.001 0.001 0.002 0.037 0.025 0.034 0.047 0.082 0.115 0.126 0.119 0.126 0.135 0.144 0.206 0.341 0.363 0.414 0.751 3.469 -9999.000 -9999.000 -9999.000 -9999.000
2.589 2.546 2.441 2.274 2.102 1.839 1.548 1.328 1.313 1.336 1.326 1.305 1.271 1.208 1.178 1.161 1.139 0.947 0.891 0.893 0.885 0.681 0.653 0.629 0.568 0.522 0.473 0.318 0.248 0.216 0.186 0.171 0.156 0.141 0.126 0.111 0.093 0.072 0.048 0.029 0.016 0.009 0.004 0.001 0.001 0.001 0.004 0.009 0.019 0.041 0.060 0.118 0.143 0.152 0.132 0.138 0.146 0.154 0.209 0.349 0.374 0.432 0.847 4.043 -9999.000 -9999.000 -9999.000 -9999.000
2.615 2.573 2.406 2.335 2.265 1.922 1.521 1.344 1.332 1.413 1.378 1.322 1.277 1.218 1.199 1.181 1.055 0.932 0.902 0.882 0.859 0.679 0.641 0.618 0.557 0.526 0.496 0.332 0.237 0.208 0.187 0.171 0.154 0.137 0.121 0.104 0.088 0.072 0.051 0.026 0.014 0.008 0.002 0.001 0.001 0.001 0.004 0.012 0.024 0.046 0.092 0.151 0.172 0.173 0.148 0.149 0.157 0.164 0.227 0.363 0.386 0.457 0.941 -9999.000 -9999.000 -9999.000 -9999.000 -9999.000
2.602 2.521 2.409 2.376 2.314 1.816 1.478 1.362 1.379 1.437 1.379 1.276 1.234 1.204 1.186 1.146 0.974 0.939 0.919 0.894 0.755 0.702 0.617 0.599 0.556 0.532 0.507 0.316 0.221 0.203 0.186 0.167 0.148 0.129 0.111 0.094 0.079 0.064 0.049 0.038 0.057 0.002 0.001 0.001 0.001 0.012 0.012 0.021 0.038 0.059 0.137 0.172 0.188 0.198 0.162 0.162 0.169 0.174 0.238 0.376 0.396 0.489 1.043 16.667 -9999.000 -9999.000 -9999.000 -9999.000
