LISFLOOD/results/run3.inittm
ncols         138
nrows         103
xllcorner     341179.518085
yllcorner     4516709.658735
cellsize      30.000000
NODATA_value  -9999.000000
[rows 0 to 28 of 103, columns 66 to 131 of 138]
-9999.000 -9999.000 -9999.000 -9999.000 -9999.000 -9999.000 -9999.000 -9999.000 -9999.000 -9999.000 -9999.000 -9999.000 -9999.000 -9999.000 -9999.000 -9999.000 -9999.000 -9999.000 -9999.000 -9999.000 -9999.000 -9999.000 -9999.000 -9999.000 -9999.000 -9999.000 -9999.000 -9999.000 -9999.000 -9999.000 -9999.000 -9999.000 -9999.000 -9999.000 -9999.000 -9999.000 -9999.000 -9999.000 -9999.000 -9999.000 -9999.000 -9999.000 -9999.000 -9999.000 -9999.000 -9999.000 -9999.000 -9999.000 -9999.000 -9999.000 -9999.000 -9999.000 -9999.000 -9999.000 -9999.000 -9999.000 -9999.000 -9999.000 -9999.000 -9999.000 -9999.000 -9999.000 -9999.000 -9999.000 -9999.000 -9999.000
-9999.000 -9999.000 -9999.000 -9999.000 -9999.000 -9999.000 -9999.000 -9999.000 -9999.000 -9999.000 -9999.000 -9999.000 -9999.000 -9999.000 -9999.000 -9999.000 -9999.000 -9999.000 -9999.000 -9999.000 -9999.000 -9999.000 -9999.000 -9999.000 -9999.000 -9999.000 -9999.000 -9999.000 -9999.000 -9999.000 -9999.000 -9999.000 -9999.000 -9999.000 -9999.000 -9999.000 -9999.000 -9999.000 -9999.000 -9999.000 -9999.000 -9999.000 -9999.000 -9999.000 -9999.000 -9999.000 -9999.000 -9999.000 -9999.000 -9999.000 -9999.000 -9999.000 -9999.000 -9999.000 -9999.000 -9999.000 -9999.000 -9999.000 -9999.000 -9999.000 -9999.000 -9999.000 -9999.000 -9999.000 -9999.000 -9999.000
-9999.000 -9999.000 -9999.000 -9999.000 -9999.000 -9999.000 -9999.000 -9999.000 -9999.000 -9999.000 -9999.000 -9999.000 -9999.000 -9999.000 -9999.000 -9999.000 -9999.000 -9999.000 -9999.000 -9999.000 -9999.000 -9999.000 -9999.000 -9999.000 -9999.000 -9999.000 -9999.000 -9999.000 -9999.000 -9999.000 -9999.000 -9999.000 -9999.000 -9999.000 -9999.000 -9999.000 -9999.000 -9999.000 -9999.000 -9999.000 -9999.000 -9999.000 -9999.000 -9999.000 -9999.000 -9999.000 -9999.000 -9999.000 -9999.000 -9999.000 -9999.000 -9999.000 -9999.000 -9999.000 -9999.000 -9999.000 -9999.000 -9999.000 -9999.000 -9999.000 -9999.000 -9999.000 -9999.000 -9999.000 -9999.000 -9999.000
5.066 4.626 4.997 9.198 10.198 4.219 2.532 2.467 2.437 2.383 2.322 2.274 2.263 2.158 2.146 2.722 2.066 1.938 1.872 1.931 2.188 2.768 2.901 1.986 1.662 1.462 1.352 1.324 1.294 0.898 0.883 0.867 0.862 0.771 0.748 0.718 0.663 0.163 0.142 0.132 -9999.000 -9999.000 -9999.000 -9999.000 -9999.000 -9999.000 -9999.000 -9999.000 -9999.000 -9999.000 -9999.000 -9999.000 -9999.000 -9999.000 -9999.000 -9999.000 -9999.000 -9999.000 -9999.000 -9999.000 -9999.000 -9999.000 -9999.000 -9999.000 -9999.000 -9999.000
4.557 4.423 4.409 4.882 4.804 3.132 3.094 2.685 2.506 2.408 2.421 2.256 2.216 2.163 2.043 2.040 2.007 1.884 1.824 1.781 1.861 2.566 2.478 1.736 1.583 1.384 1.322 1.299 1.283 0.886 0.867 0.852 0.788 0.783 0.777 0.763 0.422 0.144 0.131 0.120 0.109 0.099 0.091 0.083 0.077 0.073 0.070 0.068 0.067 0.081 0.332 0.592 0.616 0.521 0.506 0.315 0.103 0.112 0.124 0.137 0.152 0.168 0.188 0.210 0.233 0.253
4.672 4.179 4.257 4.334 3.463 3.428 4.268 4.644 2.608 2.436 3.801 2.994 2.311 2.225 2.014 1.987 1.963 1.845 1.808 1.753 1.704 1.826 1.784 1.617 1.399 1.297 1.268 1.260 1.256 0.889 0.871 1.068 0.734 0.756 0.743 0.664 0.184 0.134 0.120 0.108 0.097 0.087 0.078 0.071 0.064 0.060 0.058 0.057 0.054 0.087 0.481 0.538 0.492 0.476 0.290 0.085 0.091 0.101 0.113 0.128 0.146 0.167 0.187 0.209 0.232 0.253
9.638 4.037 3.834 3.622 3.501 4.237 4.192 3.402 2.608 2.585 6.196 5.372 4.102 2.476 2.003 1.961 1.941 1.852 1.816 1.781 1.656 1.626 1.654 1.486 1.348 1.264 1.241 1.227 1.213 0.869 0.852 0.833 0.712 0.708 0.674 0.300 0.182 0.131 0.108 0.097 0.086 0.076 0.067 0.059 0.053 0.049 0.047 0.047 0.043 0.153 0.479 0.462 0.414 0.166 0.066 0.072 0.081 0.092 0.104 0.121 0.143 0.165 0.188 0.209 0.231 0.267
-9999.000 8.436 4.066 3.754 3.909 4.209 3.568 2.689 2.667 4.177 5.929 5.048 3.901 2.679 2.041 1.962 1.944 1.864 1.827 1.788 1.680 1.527 1.493 1.392 1.316 1.246 1.220 1.202 1.171 0.849 1.091 0.709 0.685 0.667 0.443 0.265 0.253 0.122 0.098 0.087 0.076 0.066 0.057 0.049 0.043 0.038 0.035 0.038 0.035 0.134 0.395 0.322 0.126 0.048 0.054 0.065 0.102 0.114 0.120 0.137 0.154 0.173 0.194 0.212 0.235 0.361
-9999.000 14.496 6.019 4.482 4.181 3.864 2.884 2.849 4.009 5.217 5.206 4.714 3.632 2.484 2.025 1.979 1.964 1.837 1.795 1.751 1.641 1.457 1.424 1.366 1.309 1.275 1.239 1.223 1.067 0.829 1.117 0.670 0.661 0.517 0.251 0.262 0.240 0.107 0.089 0.077 0.066 0.057 0.048 0.041 0.034 0.029 0.025 0.025 0.027 0.114 0.171 0.098 0.036 0.038 0.049 0.094 0.122 0.129 0.137 0.152 0.167 0.183 0.198 0.214 0.233 0.532
-9999.000 15.452 7.150 5.708 4.699 3.849 3.594 3.784 4.161 4.766 4.744 4.251 3.336 2.292 1.985 1.960 1.943 1.814 1.771 1.724 1.588 1.477 1.427 1.397 1.397 1.300 1.298 1.286 0.851 0.812 0.791 0.643 0.757 0.285 0.228 0.261 0.191 0.094 0.081 0.069 0.058 0.048 0.040 0.033 0.027 0.022 0.017 0.016 0.020 0.063 0.072 0.027 0.026 0.033 0.068 0.102 0.116 0.129 0.146 0.160 0.173 0.184 0.198 0.211 0.293 0.686
-9999.000 17.417 9.677 6.907 5.362 3.551 3.441 3.657 3.553 4.124 3.836 3.394 2.739 2.120 1.964 1.940 1.935 1.810 1.767 1.707 1.571 1.514 1.454 1.443 1.407 1.273 1.263 1.334 0.875 1.068 0.713 0.615 0.381 0.209 0.202 0.259 0.123 0.088 0.074 0.062 0.051 0.042 0.034 0.027 0.021 0.016 0.012 0.009 0.014 0.012 0.019 0.015 0.020 0.041 0.097 0.107 0.118 0.129 0.143 0.153 0.165 0.178 0.191 0.206 0.491 0.746
-9999.000 18.639 10.202 6.424 5.296 3.781 3.361 3.334 3.416 3.728 3.288 2.940 2.317 1.983 1.921 1.909 1.877 1.770 1.724 1.646 1.580 1.517 1.478 1.467 1.277 1.243 1.227 1.315 0.883 1.017 0.721 0.621 0.224 0.185 0.173 0.131 0.097 0.082 0.069 0.057 0.046 0.036 0.028 0.022 0.016 0.011 0.008 0.005 0.009 0.005 0.007 0.011 0.017 0.065 0.099 0.111 0.124 0.119 0.130 0.142 0.154 0.167 0.182 0.219 0.644 0.792
-9999.000 18.482 10.452 6.535 4.572 3.651 3.342 3.222 3.198 3.345 2.853 2.609 2.090 1.918 1.894 1.954 1.821 1.749 1.674 1.613 1.561 1.509 1.483 1.406 1.246 1.218 1.197 1.036 0.865 0.805 0.699 0.361 0.239 0.265 0.428 0.138 0.091 0.077 0.064 0.052 0.041 0.032 0.024 0.018 0.012 0.007 0.004 0.002 0.001 0.002 0.004 0.007 0.028 0.073 0.087 0.102 0.098 0.107 0.118 0.129 0.142 0.157 0.172 0.314 0.709 0.830
-9999.000 19.163 11.526 6.047 4.684 3.756 3.422 3.186 3.090 3.019 2.594 2.303 1.898 1.882 1.866 1.858 1.821 1.712 1.639 1.592 1.551 1.530 1.509 1.303 1.281 1.270 1.339 0.923 1.128 0.749 0.543 0.285 0.275 0.468 0.424 0.108 0.086 0.072 0.060 0.048 0.038 0.029 0.021 0.014 0.008 0.004 0.002 0.001 0.001 0.001 0.002 0.007 0.047 0.062 0.071 0.081 0.086 0.096 0.106 0.118 0.132 0.147 0.163 0.464 0.713 0.921
-9999.000 14.671 11.303 5.986 4.670 3.859 3.565 3.183 3.115 2.752 2.506 2.106 1.822 1.860 1.837 1.720 1.691 1.643 1.619 1.592 1.575 1.570 1.386 1.294 1.265 1.244 1.219 0.888 0.871 0.712 0.345 0.301 0.534 0.560 0.334 0.097 0.083 0.070 0.058 0.047 0.037 0.028 0.021 0.014 0.009 0.006 0.002 0.001 0.001 0.001 0.002 0.018 0.043 0.049 0.057 0.064 0.075 0.086 0.097 0.109 0.123 0.139 0.170 0.604 0.676 1.034
-9999.000 18.250 11.222 6.063 4.325 4.025 3.801 3.361 3.085 2.607 2.309 1.846 1.791 1.911 1.736 1.689 1.667 1.632 1.597 1.606 1.577 1.480 1.376 1.344 1.312 1.286 0.951 0.924 0.761 0.599 0.357 0.482 0.601 0.607 0.223 0.097 0.083 0.070 0.058 0.047 0.037 0.029 0.022 0.016 0.011 0.007 0.002 0.001 0.001 0.001 0.004 0.032 0.037 0.043 0.049 0.058 0.069 0.080 0.091 0.104 0.118 0.134 0.255 0.622 0.662 1.152
-9999.000 19.707 10.886 7.597 4.454 4.220 3.734 3.437 3.277 2.990 2.113 1.787 1.770 1.798 1.705 1.677 1.642 1.593 1.556 1.523 1.439 1.411 1.360 1.346 1.343 1.314 0.902 0.984 0.744 0.416 0.404 0.597 0.575 0.505 0.141 0.097 0.083 0.071 0.059 0.049 0.039 0.031 0.023 0.017 0.012 0.007 0.002 0.001 0.001 0.001 0.025 0.032 0.037 0.042 0.047 0.056 0.066 0.076 0.087 0.100 0.115 0.131 0.345 0.593 0.672 1.256
-9999.000 14.332 9.973 6.926 4.656 4.394 3.652 3.489 3.277 2.948 1.923 1.767 1.751 1.728 1.686 1.654 1.607 1.564 1.525 1.481 1.436 1.398 1.335 1.318 1.336 0.906 0.884 0.832 0.652 0.429 0.603 0.622 0.595 0.441 0.116 0.098 0.085 0.072 0.061 0.051 0.042 0.033 0.026 0.019 0.012 0.005 0.002 0.001 0.001 0.001 0.033 0.036 0.041 0.046 0.050 0.058 0.066 0.076 0.087 0.100 0.114 0.134 0.443 0.567 0.651 1.384
-9999.000 12.489 8.998 5.414 4.898 4.253 3.717 3.546 3.086 2.223 1.788 1.764 1.748 1.697 1.668 1.621 1.597 1.578 1.518 1.465 1.404 1.349 1.314 1.291 1.254 0.869 1.038 0.730 0.484 0.461 0.626 0.615 0.590 0.305 0.114 0.100 0.087 0.074 0.063 0.053 0.044 0.035 0.026 0.016 0.007 0.002 0.001 0.001 0.001 0.032 0.037 0.041 0.046 0.049 0.054 0.061 0.068 0.078 0.088 0.101 0.115 0.172 0.518 0.545 0.660 1.524
-9999.000 13.367 7.131 5.122 4.830 3.857 3.674 3.561 3.322 2.046 1.787 1.766 1.748 1.681 1.659 1.626 1.606 1.582 1.529 1.506 1.482 1.392 1.398 1.405 0.950 0.855 0.841 0.566 0.537 0.477 0.608 0.592 0.544 0.239 0.116 0.102 0.089 0.077 0.066 0.056 0.046 0.036 0.026 0.016 0.007 0.002 0.001 0.001 0.023 0.041 0.042 0.047 0.050 0.053 0.059 0.066 0.073 0.081 0.092 0.103 0.117 0.243 0.504 0.524 0.695 1.715
-9999.000 11.852 5.757 5.046 4.566 3.897 3.824 3.589 3.390 1.993 1.794 1.773 1.752 1.687 1.654 1.631 1.609 1.584 1.509 1.471 1.424 1.392 1.369 1.234 0.957 1.035 0.767 0.555 0.547 0.493 0.594 0.577 0.536 0.187 0.119 0.106 0.093 0.081 0.069 0.059 0.048 0.037 0.026 0.015 0.007 0.002 0.001 0.001 0.051 0.046 0.047 0.053 0.054 0.059 0.064 0.071 0.078 0.086 0.096 0.108 0.121 0.315 0.462 0.498 0.741 1.968
-9999.000 11.406 5.652 4.755 4.370 3.977 3.852 3.801 2.836 1.843 1.791 1.771 1.751 1.695 1.644 1.623 1.596 1.562 1.532 1.503 1.476 1.456 1.426 1.017 0.934 1.020 0.741 0.542 0.502 0.531 0.586 0.561 0.503 0.147 0.123 0.109 0.096 0.084 0.073 0.062 0.051 0.038 0.026 0.016 0.007 0.002 0.001 0.001 0.057 0.053 0.054 0.058 0.060 0.065 0.070 0.076 0.083 0.092 0.102 0.113 0.126 0.371 0.428 0.488 0.802 2.386
-9999.000 8.161 5.794 4.470 4.108 3.948 3.846 3.403 2.228 1.797 1.771 1.753 1.736 1.701 1.672 1.664 1.639 1.584 1.513 1.481 1.461 1.452 1.223 0.933 0.914 0.804 0.712 0.510 0.459 0.574 0.564 0.542 0.396 0.142 0.127 0.113 0.101 0.088 0.077 0.066 0.053 0.041 0.029 0.019 0.011 0.003 0.001 0.001 0.063 0.061 0.061 0.063 0.067 0.071 0.076 0.083 0.089 0.098 0.108 0.119 0.136 0.416 0.434 0.499 0.846 3.104
15.442 6.892 5.854 4.387 4.032 3.852 3.686 3.176 2.154 1.817 1.785 1.768 1.752 1.721 1.686 1.652 1.609 1.529 1.489 1.460 1.438 1.407 1.084 0.965 1.159 0.769 0.721 0.498 0.440 0.554 0.537 0.457 0.282 0.146 0.132 0.118 0.106 0.093 0.082 0.069 0.056 0.041 0.027 0.015 0.007 0.003 0.082 0.001 0.072 0.069 0.067 0.069 0.073 0.078 0.083 0.089 0.097 0.105 0.114 0.125 0.154 0.428 0.451 0.521 0.887 -9999.000
9.336 6.329 5.086 4.140 3.943 3.717 3.458 2.897 2.192 1.819 1.789 1.777 1.759 1.707 1.672 1.638 1.582 1.544 1.514 1.497 1.512 1.201 1.053 1.031 1.012 0.728 0.688 0.559 0.429 0.506 0.536 0.458 0.212 0.151 0.137 0.124 0.111 0.099 0.087 0.074 0.057 0.037 0.018 0.008 0.002 0.001 0.001 0.085 0.080 0.076 0.052 0.061 0.077 0.084 0.090 0.097 0.103 0.112 0.121 0.132 0.186 0.422 0.452 0.522 0.921 -9999.000
8.132 5.964 4.823 4.293 4.098 3.771 3.411 2.706 2.182 1.792 1.775 1.761 1.769 1.702 1.668 1.637 1.562 1.521 1.493 1.473 1.386 1.113 1.029 1.103 0.831 0.731 0.675 0.655 0.421 0.406 0.512 0.420 0.174 0.157 0.143 0.130 0.117 0.105 0.093 0.080 0.064 0.047 0.030 0.016 0.008 0.099 0.001 0.089 0.086 0.024 0.033 0.045 0.059 0.083 0.103 0.114 0.112 0.120 0.129 0.139 0.210 0.418 0.451 0.526 1.006 -9999.000
7.827 5.625 4.432 4.348 4.085 3.708 3.447 2.597 2.195 1.783 1.768 1.730 1.719 1.698 1.658 1.629 1.597 1.566 1.564 1.553 1.186 1.026 1.004 1.125 0.817 0.757 0.682 0.636 0.516 0.369 0.475 0.357 0.177 0.163 0.150 0.137 0.124 0.113 0.101 0.089 0.076 0.061 0.045 0.031 0.095 0.118 0.001 0.093 0.007 0.016 0.026 0.036 0.055 0.099 0.121 0.132 0.122 0.129 0.138 0.148 0.231 0.423 0.454 0.539 1.107 -9999.000
8.534 5.332 4.402 4.336 4.096 3.671 3.422 2.607 2.190 1.753 1.733 1.716 1.701 1.686 1.643 1.615 1.583 1.559 1.536 1.361 1.123 1.002 0.983 0.921 0.818 0.793 0.713 0.592 0.533 0.355 0.342 0.287 0.184 0.171 0.157 0.144 0.133 0.121 0.110 0.099 0.087 0.075 0.062 0.063 0.128 0.123 0.001 0.001 0.002 0.108 0.036 0.050 0.071 0.112 0.134 0.144 0.133 0.139 0.148 0.157 0.238 0.428 0.457 0.551 1.283 -9999.000
6.244 4.494 4.344 4.281 4.090 3.689 3.350 2.757 2.172 1.770 1.753 1.832 1.816 1.783 1.718 1.612 1.576 1.556 1.529 1.229 1.140 1.157 1.212 0.830 0.803 0.774 0.683 0.622 0.553 0.354 0.268 0.228 0.192 0.178 0.165 0.153 0.141 0.130 0.120 0.109 0.099 0.089 0.081 0.142 0.138 0.001 0.001 0.001 0.132 0.113 0.053 0.069 0.098 0.137 0.161 0.171 0.146 0.151 0.159 0.167 0.238 0.434 0.467 0.574 1.575 -9999.000
