LISFLOOD/results/run3.inittm
ncols         138
nrows         103
xllcorner     341179.518085
yllcorner     4516709.658735
cellsize      30.000000
NODATA_value  -9999.000000
[rows 29 to 57 of 103, columns 66 to 131 of 138]
4.894 4.461 4.362 4.341 3.943 3.787 3.667 2.935 2.108 1.789 1.776 1.904 1.844 1.742 1.685 1.611 1.591 1.600 1.378 1.194 1.166 1.158 1.133 0.811 0.774 0.747 0.656 0.620 0.582 0.371 0.254 0.218 0.200 0.186 0.173 0.161 0.150 0.139 0.129 0.121 0.111 0.095 0.138 0.151 0.002 0.001 0.001 0.136 0.137 0.117 0.078 0.092 0.123 0.169 0.188 0.193 0.162 0.163 0.170 0.177 0.257 0.448 0.478 0.609 1.968 -9999.000
4.725 4.673 4.296 4.131 3.900 3.848 3.741 2.684 2.017 1.810 1.848 2.016 1.898 1.681 1.629 1.591 1.568 1.508 1.247 1.204 1.201 1.174 0.939 0.843 0.724 0.702 0.644 0.618 0.591 0.351 0.234 0.221 0.207 0.194 0.182 0.171 0.159 0.149 0.139 0.126 0.092 0.069 0.155 0.002 0.001 0.001 0.143 0.148 0.143 0.123 0.108 0.113 0.154 0.187 0.204 0.213 0.177 0.176 0.181 0.187 0.267 0.462 0.488 0.658 2.716 -9999.000
4.573 4.514 4.411 4.197 3.990 3.872 3.510 2.428 1.927 1.830 2.014 2.251 1.954 1.898 1.669 1.726 1.698 1.299 1.203 1.201 1.187 1.162 0.939 0.893 0.711 0.687 0.664 0.606 0.571 0.284 0.241 0.228 0.216 0.203 0.191 0.180 0.169 0.159 0.144 0.098 0.069 0.056 0.046 0.007 0.149 0.001 0.151 0.154 0.143 0.131 0.124 0.128 0.177 0.202 0.217 0.227 0.191 0.189 0.193 0.198 0.276 0.482 0.511 0.753 -9999.000 -9999.000
4.771 4.671 4.697 4.348 4.095 3.896 3.360 2.299 1.877 1.857 2.234 2.182 2.126 1.881 1.856 1.836 1.506 1.174 1.184 1.163 1.259 0.969 0.942 0.881 0.727 0.711 0.675 0.601 0.519 0.265 0.249 0.236 0.223 0.211 0.200 0.189 0.179 0.169 0.158 0.136 0.098 0.162 0.054 0.143 0.168 0.001 0.164 0.161 0.148 0.139 0.136 0.147 0.196 0.217 0.247 0.252 0.207 0.203 0.206 0.209 0.291 0.501 0.530 0.871 -9999.000 -9999.000
4.858 4.705 4.584 4.127 4.055 3.943 3.404 2.156 1.892 1.996 2.343 2.216 2.066 1.908 2.589 2.476 1.350 1.154 1.162 1.139 1.108 0.965 0.934 0.891 0.737 0.718 0.670 0.608 0.405 0.269 0.257 0.243 0.231 0.219 0.208 0.198 0.189 0.180 0.171 0.161 0.154 0.145 0.132 0.181 0.176 0.001 0.174 0.167 0.156 0.148 0.147 0.168 0.206 0.238 0.273 0.281 0.223 0.217 0.219 0.222 0.306 0.519 0.554 1.099 -9999.000 -9999.000
4.913 4.448 4.274 4.167 4.133 3.981 2.962 1.961 1.911 2.349 2.313 2.273 2.088 3.454 5.125 1.754 1.239 1.129 1.180 1.322 1.001 0.973 0.938 0.872 0.718 0.700 0.644 0.577 0.302 0.275 0.262 0.250 0.238 0.227 0.217 0.207 0.198 0.190 0.182 0.175 0.169 0.161 0.195 0.189 0.184 0.001 0.184 0.174 0.164 0.158 0.158 0.187 0.225 0.296 0.318 0.302 0.238 0.232 0.233 0.234 0.337 0.544 0.596 1.514 -9999.000 -9999.000
5.178 5.106 4.301 4.198 4.150 3.937 2.494 1.963 1.948 2.598 2.388 2.299 2.634 7.281 5.679 1.381 1.142 1.106 1.172 1.043 1.019 0.996 0.969 0.826 0.703 0.687 0.649 0.454 0.281 0.262 0.247 0.232 0.217 0.208 0.199 0.196 0.193 0.194 0.191 0.186 0.181 0.184 0.204 0.198 0.194 0.001 0.189 0.179 0.171 0.169 0.172 0.204 0.256 0.333 0.346 0.321 0.253 0.247 0.248 0.248 0.366 0.562 0.701 2.346 -9999.000 -9999.000
6.062 5.189 4.359 4.302 4.254 3.285 2.184 1.982 2.231 2.892 2.494 2.329 6.807 -9999.000 2.392 1.140 1.104 1.091 1.068 0.964 1.008 1.011 0.986 0.785 0.716 0.700 0.634 0.319 0.254 0.234 0.217 0.201 0.188 0.176 0.167 0.160 0.156 0.158 0.160 0.169 0.189 0.207 0.216 0.209 0.001 0.207 0.194 0.187 0.180 0.179 0.184 0.223 0.293 0.336 0.350 0.343 0.267 0.262 0.263 0.263 0.403 0.572 0.864 -9999.000 -9999.000 -9999.000
5.254 4.861 4.403 4.327 4.056 2.828 2.048 2.003 2.483 2.804 2.567 3.092 -9999.000 -9999.000 1.387 1.155 1.173 1.371 0.976 0.921 0.903 0.948 0.952 0.755 0.728 0.712 0.507 0.249 0.227 0.209 0.191 0.174 0.160 0.148 0.138 0.128 0.125 0.123 0.127 0.141 0.167 0.233 0.228 0.001 0.001 0.214 0.199 0.195 0.190 0.189 0.199 0.241 0.327 0.346 0.358 0.362 0.281 0.278 0.278 0.279 0.442 0.605 1.275 -9999.000 -9999.000 -9999.000
5.193 4.954 4.459 4.381 3.566 2.541 2.044 2.023 2.514 2.705 2.618 21.751 -9999.000 1.913 1.254 1.237 1.478 1.293 1.249 1.091 0.888 0.841 0.824 0.733 0.714 0.699 0.343 0.224 0.203 0.184 0.167 0.151 0.137 0.123 0.111 0.103 0.096 0.094 0.094 0.114 0.157 0.241 0.235 0.001 0.231 0.221 0.206 0.202 0.201 0.199 0.212 0.264 0.354 0.359 0.370 0.371 0.295 0.294 0.294 0.294 0.503 0.752 1.968 -9999.000 -9999.000 -9999.000
5.387 5.048 4.669 4.414 3.176 2.341 2.066 2.056 2.626 2.726 5.811 -9999.000 -9999.000 1.346 1.327 1.480 1.749 1.493 1.456 1.409 1.238 0.999 0.776 0.709 0.694 0.554 0.223 0.202 0.182 0.163 0.146 0.129 0.115 0.102 0.091 0.080 0.071 0.067 0.067 0.091 0.254 0.258 0.001 0.001 0.237 0.231 0.214 0.209 0.210 0.210 0.221 0.297 0.378 0.380 0.383 0.331 0.311 0.311 0.311 0.317 0.562 1.058 -9999.000 -9999.000 -9999.000 -9999.000
5.216 5.016 4.738 4.086 2.852 2.140 2.087 2.122 2.666 3.290 -9999.000 -9999.000 1.769 1.373 1.527 1.722 1.684 1.534 1.491 1.446 1.312 1.120 0.744 0.696 0.702 0.385 0.201 0.181 0.162 0.144 0.127 0.112 0.097 0.084 0.071 0.061 0.052 0.044 0.043 0.071 0.273 0.268 0.001 0.254 0.246 0.242 0.222 0.218 0.218 0.219 0.229 0.328 0.391 0.405 0.397 0.343 0.327 0.327 0.327 0.360 0.652 1.660 -9999.000 -9999.000 -9999.000 -9999.000
5.306 5.078 4.689 3.403 2.608 2.132 2.109 2.251 2.791 -9999.000 -9999.000 -9999.000 1.586 1.567 1.795 1.748 1.722 1.537 1.492 1.444 1.298 1.093 0.698 0.675 0.561 0.208 0.183 0.163 0.144 0.126 0.110 0.096 0.081 0.068 0.056 0.046 0.035 0.027 0.022 0.263 0.289 0.001 0.001 0.262 0.267 0.252 0.230 0.227 0.232 0.229 0.237 0.348 0.403 0.427 0.412 0.358 0.344 0.344 0.343 0.468 0.929 -9999.000 -9999.000 -9999.000 -9999.000 -9999.000
5.731 5.322 4.835 3.884 2.303 2.154 2.249 2.682 5.625 -9999.000 -9999.000 1.766 1.668 1.797 1.836 1.764 1.723 1.602 1.499 1.418 1.308 0.979 0.684 0.641 0.251 0.187 0.166 0.147 0.128 0.111 0.095 0.081 0.067 0.055 0.043 0.033 0.024 0.015 0.008 0.301 0.296 0.001 0.280 0.274 0.278 0.262 0.238 0.237 0.263 0.249 0.245 0.359 0.419 0.436 0.407 0.374 0.364 0.362 0.372 0.678 1.635 -9999.000 -9999.000 -9999.000 -9999.000 -9999.000
5.539 5.392 4.892 3.192 2.220 2.201 2.633 3.372 7.988 12.701 8.343 1.881 1.867 1.872 1.871 1.858 1.813 1.761 1.532 1.396 1.344 0.877 0.689 0.455 0.193 0.172 0.152 0.132 0.114 0.098 0.083 0.068 0.056 0.044 0.033 0.023 0.014 0.007 0.003 0.314 0.001 0.001 0.287 0.292 0.289 0.251 0.234 0.249 0.294 0.272 0.253 0.337 0.440 0.448 0.407 0.390 0.384 0.380 0.499 1.043 -9999.000 -9999.000 -9999.000 -9999.000 -9999.000 -9999.000
5.603 5.641 4.393 2.341 2.277 2.659 2.932 25.412 -9999.000 -9999.000 1.960 1.833 1.898 1.906 1.951 2.021 2.337 2.261 1.827 1.445 1.275 0.792 0.590 0.202 0.178 0.157 0.137 0.119 0.102 0.087 0.072 0.058 0.046 0.036 0.026 0.016 0.007 0.002 0.001 0.001 0.001 0.305 0.299 0.302 0.298 0.194 0.213 0.277 0.327 0.303 0.263 0.322 0.461 0.461 0.399 0.406 0.403 0.403 0.690 2.242 -9999.000 -9999.000 -9999.000 -9999.000 -9999.000 -9999.000
4.930 4.972 3.364 2.363 2.584 2.757 4.794 -9999.000 -9999.000 13.696 1.678 1.665 1.730 1.706 1.661 1.673 1.806 1.921 1.862 1.684 1.359 0.891 0.348 0.186 0.164 0.144 0.125 0.108 0.091 0.076 0.062 0.049 0.038 0.028 0.019 0.012 0.006 0.003 0.327 0.001 0.322 0.315 0.314 0.313 0.180 0.174 0.204 0.332 0.343 0.330 0.276 0.303 0.439 0.369 0.382 0.397 0.413 0.511 1.108 -9999.000 -9999.000 -9999.000 -9999.000 -9999.000 -9999.000 -9999.000
4.757 4.146 2.737 2.434 2.782 3.218 -9999.000 -9999.000 -9999.000 1.815 1.613 1.616 1.672 1.649 1.613 1.561 1.523 1.473 1.444 1.371 0.948 0.634 0.199 0.172 0.152 0.132 0.114 0.097 0.082 0.067 0.054 0.042 0.031 0.022 0.013 0.007 0.002 0.001 0.001 0.001 0.333 0.327 0.323 0.203 0.136 0.158 0.329 0.395 0.375 0.342 0.293 0.303 0.336 0.348 0.365 0.383 0.419 0.808 -9999.000 -9999.000 -9999.000 -9999.000 -9999.000 -9999.000 -9999.000 -9999.000
4.931 4.031 2.514 2.494 2.883 7.825 -9999.000 -9999.000 3.842 1.601 1.559 1.556 1.598 1.633 1.604 1.504 1.453 1.334 1.278 1.147 0.792 0.250 0.181 0.160 0.141 0.121 0.104 0.088 0.073 0.059 0.047 0.036 0.026 0.018 0.011 0.005 0.002 0.001 0.001 0.357 0.339 0.334 0.120 0.099 0.121 0.328 0.417 0.428 0.426 0.364 0.309 0.313 0.326 0.340 0.357 0.380 0.586 1.370 -9999.000 -9999.000 -9999.000 -9999.000 -9999.000 -9999.000 -9999.000 -9999.000
4.831 3.426 2.535 2.727 3.859 -9999.000 -9999.000 -9999.000 1.594 1.575 1.525 1.494 1.541 1.533 1.479 1.434 1.368 1.284 1.227 1.002 0.552 0.193 0.169 0.149 0.130 0.111 0.094 0.078 0.064 0.051 0.039 0.029 0.021 0.013 0.007 0.002 0.001 0.001 0.001 0.362 0.089 0.048 0.059 0.087 0.353 0.425 0.448 0.451 0.454 0.377 0.321 0.326 0.337 0.351 0.368 0.569 1.037 -9999.000 -9999.000 -9999.000 -9999.000 -9999.000 -9999.000 -9999.000 -9999.000 -9999.000
4.959 2.775 2.579 3.104 10.308 -9999.000 -9999.000 2.041 1.555 1.531 1.496 1.458 1.505 1.481 1.410 1.371 1.275 1.233 1.166 0.831 0.237 0.188 0.162 0.143 0.120 0.102 0.086 0.071 0.057 0.044 0.033 0.024 0.016 0.009 0.004 0.002 0.001 0.001 0.377 0.127 0.017 0.030 0.094 0.429 0.499 0.526 0.548 0.573 0.468 0.390 0.338 0.339 0.351 0.363 0.449 0.816 2.607 -9999.000 -9999.000 -9999.000 -9999.000 -9999.000 -9999.000 -9999.000 -9999.000 -9999.000
4.118 2.716 2.697 4.009 -9999.000 -9999.000 -9999.000 1.560 1.538 1.510 1.479 1.427 1.449 1.409 1.367 1.331 1.239 1.170 1.078 0.654 0.233 0.207 0.184 0.165 0.110 0.093 0.078 0.063 0.050 0.038 0.027 0.018 0.011 0.005 0.002 0.001 0.001 0.001 0.001 0.002 0.008 0.021 0.389 0.441 0.461 0.492 0.511 0.556 0.483 0.380 0.358 0.355 0.365 0.377 0.599 1.064 -9999.000 -9999.000 -9999.000 -9999.000 -9999.000 -9999.000 -9999.000 -9999.000 -9999.000 -9999.000
2.888 2.763 3.256 7.739 -9999.000 -9999.000 1.683 1.553 1.528 1.488 1.460 1.379 1.346 1.318 1.283 1.252 1.165 1.103 1.021 0.448 0.250 0.221 0.193 0.134 0.102 0.084 0.069 0.056 0.043 0.032 0.022 0.013 0.007 0.002 0.001 0.001 0.001 0.001 0.002 0.005 0.012 0.385 0.444 0.453 0.463 0.481 0.493 0.518 0.484 0.392 0.376 0.374 0.381 0.459 0.877 -9999.000 -9999.000 -9999.000 -9999.000 -9999.000 -9999.000 -9999.000 -9999.000 -9999.000 -9999.000 -9999.000
2.896 2.882 3.803 -9999.000 -9999.000 12.104 1.594 1.566 1.533 1.461 1.428 1.372 1.287 1.242 1.202 1.181 1.141 1.116 0.857 0.305 0.272 0.253 0.231 0.113 0.093 0.077 0.062 0.049 0.037 0.027 0.018 0.011 0.005 0.002 0.001 0.001 0.001 0.002 0.004 0.008 0.067 0.453 0.464 0.462 0.472 0.493 0.507 0.518 0.426 0.408 0.394 0.394 0.426 0.677 1.285 -9999.000 -9999.000 -9999.000 -9999.000 -9999.000 -9999.000 -9999.000 -9999.000 -9999.000 -9999.000 -9999.000
2.917 3.244 5.490 -9999.000 -9999.000 1.738 1.611 1.572 1.522 1.458 1.405 1.330 1.272 1.248 1.224 1.175 1.148 1.100 0.645 0.285 0.263 0.231 0.154 0.103 0.086 0.070 0.056 0.043 0.032 0.022 0.013 0.007 0.002 0.001 0.001 0.001 0.001 0.007 0.009 0.019 0.447 0.478 0.477 0.473 0.487 0.499 0.509 0.464 0.438 0.424 0.414 0.414 0.594 1.023 -9999.000 -9999.000 -9999.000 -9999.000 -9999.000 -9999.000 -9999.000 -9999.000 -9999.000 -9999.000 -9999.000 -9999.000
2.964 3.486 10.712 -9999.000 -9999.000 1.650 1.622 1.587 1.553 1.521 1.381 1.334 1.293 1.269 1.244 1.209 1.261 0.984 0.298 0.259 0.316 0.318 0.116 0.096 0.079 0.063 0.049 0.037 0.027 0.018 0.011 0.005 0.002 0.001 0.001 0.001 0.004 0.008 0.014 0.401 0.489 0.492 0.491 0.487 0.499 0.511 0.518 0.467 0.452 0.439 0.434 0.491 0.852 4.231 -9999.000 -9999.000 -9999.000 -9999.000 -9999.000 -9999.000 -9999.000 -9999.000 -9999.000 -9999.000 -9999.000 -9999.000
3.168 4.012 -9999.000 -9999.000 2.200 1.679 1.654 1.593 1.557 1.518 1.410 1.347 1.314 1.282 1.258 1.238 1.225 0.808 0.224 0.233 0.276 0.162 0.107 0.089 0.072 0.057 0.044 0.032 0.022 0.013 0.007 0.002 0.001 0.001 0.001 0.001 0.002 0.007 0.028 0.485 0.502 0.507 0.505 0.501 0.516 0.521 0.498 0.481 0.467 0.457 0.452 0.696 1.828 -9999.000 -9999.000 -9999.000 -9999.000 -9999.000 -9999.000 -9999.000 -9999.000 -9999.000 -9999.000 -9999.000 -9999.000 -9999.000
3.582 4.694 -9999.000 -9999.000 1.734 1.702 1.676 1.647 1.607 1.442 1.387 1.347 1.322 1.282 1.250 1.224 1.173 0.613 0.199 0.178 0.159 0.122 0.100 0.083 0.067 0.052 0.039 0.028 0.018 0.011 0.005 0.002 0.001 0.001 0.001 0.002 0.005 0.011 0.467 0.512 0.519 0.521 0.519 0.520 0.527 0.530 0.511 0.496 0.483 0.474 0.523 1.136 -9999.000 -9999.000 -9999.000 -9999.000 -9999.000 -9999.000 -9999.000 -9999.000 -9999.000 -9999.000 -9999.000 -9999.000 -9999.000 -9999.000
4.002 4.633 4.562 2.264 1.713 1.672 1.628 1.564 1.525 1.446 1.413 1.352 1.326 1.301 1.274 1.252 0.990 0.239 0.184 0.166 0.148 0.112 0.094 0.077 0.061 0.047 0.034 0.023 0.014 0.007 0.002 0.001 0.001 0.001 0.001 0.002 0.007 0.087 0.528 0.524 0.533 0.536 0.532 0.534 0.536 0.539 0.526 0.512 0.501 0.496 0.781 -9999.000 -9999.000 -9999.000 -9999.000 -9999.000 -9999.000 -9999.000 -9999.000 -9999.000 -9999.000 -9999.000 -9999.000 -9999.000 -9999.000 -9999.000
