LISFLOOD/results/run3.mxe
ncols         138
nrows         103
xllcorner     341179.518085
yllcorner     4516709.658735
cellsize      30.000000
NODATA_value  -9999.000000
[rows 56 to 83 of 103, columns 63 to 125 of 138]
135.549 135.550 135.552 135.553 135.554 -9999.000 -9999.000 135.552 135.554 135.556 135.559 135.562 135.564 135.567 135.569 135.572 135.574 135.577 135.579 135.582 135.584 135.587 135.589 135.592 135.595 135.597 135.600 135.603 135.606 135.609 135.612 135.615 135.618 135.621 135.624 135.627 135.634 135.643 135.651 135.660 135.668 135.676 135.683 135.691 135.699 135.707 135.715 135.723 135.731 135.738 135.746 135.754 135.762 135.770 135.781 -9999.000 -9999.000 -9999.000 -9999.000 -9999.000 -9999.000 -9999.000 -9999.000
135.542 135.543 135.544 135.546 135.547 135.544 135.542 135.545 135.547 135.549 135.552 135.554 135.556 135.559 135.561 135.563 135.565 135.568 135.570 135.572 135.574 135.577 135.579 135.581 135.584 135.586 135.589 135.591 135.594 135.597 135.599 135.602 135.605 135.607 135.609 135.610 135.622 135.630 135.638 135.646 135.654 135.662 135.670 135.678 135.686 135.694 135.702 135.710 135.718 135.726 135.733 135.741 135.748 135.755 -9999.000 -9999.000 -9999.000 -9999.000 -9999.000 -9999.000 -9999.000 -9999.000 -9999.000
135.535 135.536 135.537 135.539 135.543 -9999.000 135.537 135.538 135.540 135.542 135.544 135.546 135.548 135.550 135.552 135.555 135.557 135.559 135.561 135.563 135.565 135.567 135.569 135.571 135.573 135.575 135.577 135.579 135.582 135.584 135.587 135.589 135.591 135.594 135.596 135.598 135.608 135.617 135.625 135.633 135.641 135.649 135.656 135.664 135.672 135.680 135.688 135.696 135.704 135.713 135.721 135.728 135.736 135.745 -9999.000 -9999.000 -9999.000 -9999.000 -9999.000 -9999.000 -9999.000 -9999.000 -9999.000
135.528 135.529 135.529 135.530 -9999.000 -9999.000 135.530 135.531 135.533 135.535 135.537 135.539 135.541 135.542 135.544 135.546 135.548 135.550 135.551 135.553 135.555 135.557 135.558 135.560 135.562 135.564 135.566 135.568 135.570 135.572 135.574 135.576 135.578 135.580 135.582 135.588 135.596 135.604 135.612 135.620 135.628 135.635 135.643 135.651 135.659 135.667 135.675 135.683 135.691 135.700 135.708 135.716 135.722 -9999.000 -9999.000 -9999.000 -9999.000 -9999.000 -9999.000 -9999.000 -9999.000 -9999.000 -9999.000
135.521 135.521 135.522 135.522 -9999.000 135.518 135.522 135.524 135.526 135.528 135.529 135.531 135.533 135.534 135.536 135.538 135.539 135.541 135.542 135.543 135.545 135.546 135.548 135.549 135.551 135.552 135.554 135.556 135.557 135.559 135.561 135.563 135.565 135.568 135.570 135.577 135.584 135.592 135.599 135.607 135.614 135.622 135.629 135.637 135.645 135.653 135.661 135.669 135.678 135.687 135.696 135.705 135.714 -9999.000 -9999.000 -9999.000 -9999.000 -9999.000 -9999.000 -9999.000 -9999.000 -9999.000 -9999.000
135.514 135.514 135.515 135.515 -9999.000 135.514 135.516 135.517 135.519 135.521 135.522 135.524 135.525 135.526 135.528 135.529 135.530 135.532 135.533 135.534 135.535 135.536 135.538 135.539 135.540 135.541 135.542 135.544 135.545 135.547 135.548 135.550 135.552 135.555 135.558 135.565 135.572 135.579 135.586 135.594 135.601 135.608 135.616 135.623 135.631 135.639 135.647 135.656 135.665 135.675 135.685 135.695 -9999.000 -9999.000 -9999.000 -9999.000 -9999.000 -9999.000 -9999.000 -9999.000 -9999.000 -9999.000 -9999.000
135.507 135.508 135.508 135.507 135.505 135.508 135.509 135.511 135.512 135.514 135.515 135.516 135.517 135.519 135.520 135.521 135.522 135.523 135.524 135.524 135.525 135.526 135.527 135.528 135.529 135.530 135.531 135.532 135.533 135.534 135.535 135.537 135.538 135.541 135.547 135.553 135.560 135.566 135.574 135.581 135.588 135.595 135.602 135.609 135.617 135.624 135.633 135.641 135.651 135.662 135.673 -9999.000 -9999.000 -9999.000 -9999.000 -9999.000 -9999.000 -9999.000 -9999.000 -9999.000 -9999.000 -9999.000 -9999.000
135.501 135.501 135.501 135.501 135.501 135.502 135.503 135.505 135.506 135.507 135.508 135.509 135.510 135.511 135.512 135.512 135.513 135.514 135.514 135.515 135.516 135.516 135.517 135.517 135.518 135.518 135.519 135.520 135.521 135.521 135.522 135.523 135.524 135.523 135.535 135.540 135.547 135.554 135.561 135.567 135.574 135.581 135.588 135.595 135.602 135.610 135.617 135.626 135.635 135.649 -9999.000 -9999.000 -9999.000 -9999.000 -9999.000 -9999.000 -9999.000 -9999.000 -9999.000 -9999.000 -9999.000 -9999.000 -9999.000
135.495 135.495 135.495 135.496 135.496 135.497 135.497 135.498 135.499 135.500 135.501 135.502 135.502 135.503 135.504 135.504 135.505 135.505 135.505 135.506 135.506 135.506 135.506 135.507 135.507 135.507 135.507 135.508 135.508 135.509 135.509 135.510 135.511 135.512 135.520 135.527 135.534 135.541 135.548 135.554 135.561 135.568 135.574 135.581 135.588 135.595 135.602 135.609 135.616 -9999.000 -9999.000 -9999.000 -9999.000 -9999.000 -9999.000 -9999.000 -9999.000 -9999.000 -9999.000 -9999.000 -9999.000 -9999.000 -9999.000
135.489 135.489 135.490 135.490 135.490 135.491 135.491 135.492 135.493 135.493 135.494 135.495 135.495 135.495 135.496 135.496 135.496 135.496 135.496 135.496 135.496 135.496 135.496 135.496 135.496 135.496 135.496 135.495 135.495 135.496 135.496 135.496 135.498 135.500 135.507 135.514 135.521 135.528 135.535 135.541 135.548 135.554 135.561 135.567 135.573 135.579 135.586 135.593 135.605 -9999.000 -9999.000 -9999.000 -9999.000 -9999.000 -9999.000 -9999.000 -9999.000 -9999.000 -9999.000 -9999.000 -9999.000 -9999.000 -9999.000
135.483 135.483 135.484 135.484 135.485 135.485 135.486 135.486 135.486 135.487 135.487 135.488 135.488 135.488 135.488 135.488 135.488 135.488 135.487 135.487 135.487 135.486 135.486 135.485 135.485 135.484 135.484 135.483 135.483 135.483 135.482 135.482 135.483 135.488 135.495 135.502 135.509 135.515 135.522 135.528 135.535 135.541 135.547 135.553 135.558 135.564 135.569 135.572 -9999.000 -9999.000 -9999.000 -9999.000 -9999.000 -9999.000 -9999.000 -9999.000 -9999.000 -9999.000 -9999.000 -9999.000 -9999.000 -9999.000 -9999.000
135.477 135.478 135.478 135.479 135.479 135.479 135.480 135.480 135.480 135.480 135.480 135.481 135.481 135.480 135.480 135.480 135.480 135.479 135.479 135.478 135.477 135.476 135.476 135.475 135.474 135.473 135.472 135.471 135.470 135.469 135.469 135.468 135.465 135.476 135.482 135.489 135.496 135.503 135.509 135.515 135.521 135.527 135.533 135.539 135.544 135.549 135.553 135.555 -9999.000 -9999.000 -9999.000 -9999.000 -9999.000 -9999.000 -9999.000 -9999.000 -9999.000 -9999.000 -9999.000 -9999.000 -9999.000 -9999.000 -9999.000
135.472 135.472 135.473 135.473 135.473 135.474 135.474 135.474 135.474 135.474 135.474 135.474 135.473 135.473 135.473 135.472 135.471 135.471 135.470 135.469 135.468 135.467 135.465 135.464 135.463 135.461 135.460 135.459 135.457 135.456 135.455 135.454 135.453 135.462 135.470 135.477 135.483 135.490 135.496 135.503 135.509 135.514 135.520 135.525 135.530 135.534 135.538 135.541 -9999.000 -9999.000 -9999.000 -9999.000 -9999.000 -9999.000 -9999.000 -9999.000 -9999.000 -9999.000 -9999.000 -9999.000 -9999.000 -9999.000 -9999.000
135.466 135.467 135.467 135.468 135.468 135.468 135.468 135.468 135.468 135.468 135.467 135.467 135.467 135.466 135.465 135.464 135.463 135.462 135.461 135.460 135.458 135.457 135.455 135.453 135.452 135.450 135.448 135.446 135.445 135.443 135.442 135.441 135.442 135.450 135.457 135.464 135.471 135.478 135.484 135.490 135.496 135.502 135.507 135.512 135.516 135.521 135.525 135.529 -9999.000 -9999.000 -9999.000 -9999.000 -9999.000 -9999.000 -9999.000 -9999.000 -9999.000 -9999.000 -9999.000 -9999.000 -9999.000 -9999.000 -9999.000
135.461 135.462 135.462 135.462 135.462 135.462 135.462 135.462 135.462 135.462 135.461 135.460 135.460 135.459 135.458 135.457 135.456 135.454 135.453 135.451 135.449 135.447 135.445 135.443 135.441 135.438 135.436 135.434 135.432 135.429 135.427 135.426 135.430 135.438 135.445 135.452 135.459 135.466 135.472 135.478 135.484 135.489 135.494 135.499 135.503 135.507 135.512 135.520 -9999.000 -9999.000 -9999.000 -9999.000 -9999.000 -9999.000 -9999.000 -9999.000 -9999.000 -9999.000 -9999.000 -9999.000 -9999.000 -9999.000 -9999.000
135.456 135.457 135.457 135.457 135.457 135.457 135.457 135.456 135.456 135.456 135.455 135.454 135.453 135.452 135.451 135.450 135.448 135.446 135.444 135.442 135.440 135.438 135.435 135.433 135.430 135.427 135.424 135.421 135.418 135.416 135.412 135.407 135.418 135.425 135.433 135.440 135.447 135.454 135.460 135.466 135.472 135.477 135.482 135.486 135.490 135.493 135.496 -9999.000 -9999.000 -9999.000 -9999.000 -9999.000 -9999.000 -9999.000 -9999.000 -9999.000 -9999.000 -9999.000 -9999.000 -9999.000 -9999.000 -9999.000 -9999.000
135.451 135.452 135.452 135.452 135.452 135.452 135.451 135.451 135.450 135.450 135.449 135.448 135.447 135.445 135.444 135.442 135.441 135.439 135.436 135.434 135.431 135.429 135.426 135.422 135.419 135.416 135.412 135.409 135.405 135.402 135.399 135.396 135.405 135.413 135.421 135.428 135.436 135.442 135.449 135.455 135.460 135.465 135.470 135.474 135.478 135.480 135.482 -9999.000 -9999.000 -9999.000 -9999.000 -9999.000 -9999.000 -9999.000 -9999.000 -9999.000 -9999.000 -9999.000 -9999.000 -9999.000 -9999.000 -9999.000 -9999.000
135.447 135.447 135.447 135.447 135.447 135.446 135.446 135.446 135.445 135.444 135.443 135.442 135.441 135.439 135.437 135.435 135.433 135.431 135.428 135.426 135.423 135.419 135.416 135.412 135.408 135.404 135.400 135.396 135.392 135.389 135.386 135.384 135.393 135.402 135.410 135.417 135.424 135.431 135.437 135.443 135.449 135.454 135.458 135.462 135.466 135.468 135.470 -9999.000 -9999.000 -9999.000 -9999.000 -9999.000 -9999.000 -9999.000 -9999.000 -9999.000 -9999.000 -9999.000 -9999.000 -9999.000 -9999.000 -9999.000 -9999.000
135.442 135.442 135.442 135.442 135.442 135.442 135.441 135.440 135.439 135.439 135.437 135.436 135.435 135.433 135.431 135.429 135.426 135.424 135.421 135.418 135.414 135.411 135.407 135.402 135.398 135.393 135.388 135.384 135.379 135.374 135.371 135.373 135.382 135.390 135.398 135.406 135.414 135.420 135.427 135.433 135.438 135.443 135.448 135.451 135.455 135.458 135.459 135.459 -9999.000 -9999.000 -9999.000 -9999.000 -9999.000 -9999.000 -9999.000 -9999.000 -9999.000 -9999.000 -9999.000 -9999.000 -9999.000 -9999.000 -9999.000
135.438 135.438 135.438 135.438 135.437 135.437 135.436 135.435 135.434 135.433 135.432 135.430 135.429 135.427 135.425 135.422 135.420 135.417 135.414 135.410 135.406 135.402 135.398 135.393 135.388 135.382 135.377 135.371 135.365 135.359 135.350 135.361 135.370 135.379 135.388 135.396 135.403 135.410 135.417 135.423 135.428 135.433 135.437 135.441 135.444 135.448 135.450 -9999.000 -9999.000 -9999.000 -9999.000 -9999.000 -9999.000 -9999.000 -9999.000 -9999.000 -9999.000 -9999.000 -9999.000 -9999.000 -9999.000 -9999.000 -9999.000
135.434 135.434 135.434 135.433 135.433 135.432 135.431 135.431 135.429 135.428 135.427 135.425 135.423 135.421 135.419 135.416 135.413 135.410 135.407 135.403 135.398 135.394 135.389 135.383 135.378 135.372 135.365 135.359 135.352 135.345 135.339 135.349 135.359 135.369 135.378 135.386 135.394 135.401 135.407 135.413 135.418 135.423 135.427 135.431 135.434 135.438 135.444 -9999.000 -9999.000 -9999.000 -9999.000 -9999.000 -9999.000 -9999.000 -9999.000 -9999.000 -9999.000 -9999.000 -9999.000 -9999.000 -9999.000 -9999.000 -9999.000
135.430 135.430 135.429 135.429 135.428 135.428 135.427 135.426 135.425 135.423 135.422 135.420 135.418 135.416 135.413 135.410 135.407 135.404 135.400 135.396 135.391 135.386 135.380 135.374 135.368 135.361 135.354 135.346 135.339 135.332 135.328 135.339 135.349 135.359 135.368 135.377 135.384 135.392 135.398 135.404 135.409 135.414 135.418 135.421 135.424 135.426 -9999.000 -9999.000 -9999.000 -9999.000 -9999.000 -9999.000 -9999.000 -9999.000 -9999.000 -9999.000 -9999.000 -9999.000 -9999.000 -9999.000 -9999.000 -9999.000 -9999.000
135.426 135.426 135.426 135.425 135.424 135.424 135.423 135.422 135.420 135.419 135.417 135.415 135.413 135.411 135.408 135.405 135.401 135.398 135.394 135.389 135.384 135.379 135.373 135.366 135.359 135.351 135.342 135.334 135.325 135.317 135.316 135.328 135.339 135.350 135.359 135.368 135.376 135.383 135.390 135.395 135.401 135.405 135.409 135.412 135.415 135.416 -9999.000 -9999.000 -9999.000 -9999.000 -9999.000 -9999.000 -9999.000 -9999.000 -9999.000 -9999.000 -9999.000 -9999.000 -9999.000 -9999.000 -9999.000 -9999.000 -9999.000
135.422 135.422 135.422 135.421 135.421 135.420 135.419 135.417 135.416 135.414 135.413 135.411 135.408 135.406 135.403 135.400 135.396 135.392 135.388 135.383 135.378 135.372 135.365 135.358 135.350 135.341 135.332 135.321 135.309 135.294 135.305 135.318 135.331 135.342 135.351 135.360 135.368 135.375 135.382 135.388 135.393 135.397 135.401 135.404 135.407 135.408 -9999.000 -9999.000 -9999.000 -9999.000 -9999.000 -9999.000 -9999.000 -9999.000 -9999.000 -9999.000 -9999.000 -9999.000 -9999.000 -9999.000 -9999.000 -9999.000 -9999.000
135.419 135.419 135.418 135.418 135.417 135.416 135.415 135.413 135.412 135.410 135.408 135.406 135.404 135.401 135.398 135.395 135.391 135.387 135.383 135.378 135.372 135.366 135.359 135.351 135.343 135.333 135.322 135.310 135.297 135.283 135.297 135.310 135.323 135.334 135.345 135.353 135.361 135.369 135.375 135.380 135.385 135.390 135.393 135.396 135.399 135.401 -9999.000 -9999.000 -9999.000 -9999.000 -9999.000 -9999.000 -9999.000 -9999.000 -9999.000 -9999.000 -9999.000 -9999.000 -9999.000 -9999.000 -9999.000 -9999.000 -9999.000
135.416 135.416 135.415 135.414 135.413 135.412 135.411 135.410 135.408 135.406 135.404 135.402 135.400 135.397 135.394 135.391 135.387 135.383 135.378 135.373 135.367 135.361 135.353 135.345 135.336 135.325 135.313 135.300 135.286 135.272 135.289 135.304 135.317 135.328 135.339 135.348 135.355 135.362 135.369 135.374 135.379 135.383 135.386 135.389 135.392 135.397 -9999.000 -9999.000 -9999.000 -9999.000 -9999.000 -9999.000 -9999.000 -9999.000 -9999.000 -9999.000 -9999.000 -9999.000 -9999.000 -9999.000 -9999.000 -9999.000 -9999.000
135.413 135.412 135.412 135.411 135.410 135.409 135.408 135.406 135.405 135.403 135.401 135.399 135.396 135.393 135.390 135.387 135.383 135.378 135.374 135.369 135.363 135.356 135.349 135.340 135.330 135.319 135.306 135.291 135.275 135.262 135.282 135.298 135.312 135.324 135.334 135.343 135.350 135.357 135.363 135.368 135.373 135.376 135.380 135.382 135.384 -9999.000 -9999.000 -9999.000 -9999.000 -9999.000 -9999.000 -9999.000 -9999.000 -9999.000 -9999.000 -9999.000 -9999.000 -9999.000 -9999.000 -9999.000 -9999.000 -9999.000 -9999.000
135.410 135.410 135.409 135.408 135.407 135.406 135.405 135.403 135.401 135.400 135.397 135.395 135.392 135.390 135.386 135.383 135.379 135.375 135.370 135.365 135.359 135.353 135.345 135.337 135.327 135.315 135.300 135.283 135.262 135.251 135.278 135.296 135.310 135.321 135.331 135.339 135.346 135.353 135.358 135.363 135.367 135.371 135.374 135.376 135.377 -9999.000 -9999.000 -9999.000 -9999.000 -9999.000 -9999.000 -9999.000 -9999.000 -9999.000 -9999.000 -9999.000 -9999.000 -9999.000 -9999.000 -9999.000 -9999.000 -9999.000 -9999.000
