LISFLOOD/results/run3.inittm
ncols         138
nrows         103
xllcorner     341179.518085
yllcorner     4516709.658735
cellsize      30.000000
NODATA_value  -9999.000000
[rows 58 to 86 of 103, columns 66 to 131 of 138]
4.396 15.439 -9999.000 2.098 1.723 1.678 1.639 1.581 1.520 1.453 1.402 1.369 1.354 1.335 1.318 1.303 0.772 0.192 0.169 0.148 0.127 0.106 0.088 0.071 0.056 0.042 0.031 0.020 0.012 0.005 0.002 0.001 0.001 0.001 0.002 0.005 0.026 0.541 0.538 0.538 0.547 0.548 0.560 0.548 0.548 0.552 0.541 0.529 0.520 0.619 1.546 -9999.000 -9999.000 -9999.000 -9999.000 -9999.000 -9999.000 -9999.000 -9999.000 -9999.000 -9999.000 -9999.000 -9999.000 -9999.000 -9999.000 -9999.000
5.051 -9999.000 -9999.000 1.818 1.747 1.713 1.682 1.646 1.549 1.478 1.416 1.398 1.373 1.343 1.316 1.188 0.449 0.185 0.163 0.141 0.120 0.101 0.083 0.066 0.051 0.038 0.026 0.016 0.007 0.002 0.001 0.001 0.001 0.002 0.004 0.009 0.504 0.558 0.552 0.552 0.559 0.561 0.575 0.564 0.564 0.563 0.557 0.548 0.554 0.902 -9999.000 -9999.000 -9999.000 -9999.000 -9999.000 -9999.000 -9999.000 -9999.000 -9999.000 -9999.000 -9999.000 -9999.000 -9999.000 -9999.000 -9999.000 -9999.000
5.771 -9999.000 4.920 1.764 1.726 1.687 1.649 1.602 1.537 1.466 1.448 1.424 1.408 1.383 1.363 0.948 0.217 0.179 0.156 0.134 0.114 0.095 0.078 0.062 0.047 0.034 0.023 0.014 0.007 0.002 0.001 0.001 0.001 0.002 0.007 0.032 0.575 0.572 0.566 0.566 0.570 0.578 0.584 0.580 0.579 0.576 0.573 0.567 0.761 2.138 -9999.000 -9999.000 -9999.000 -9999.000 -9999.000 -9999.000 -9999.000 -9999.000 -9999.000 -9999.000 -9999.000 -9999.000 -9999.000 -9999.000 -9999.000 -9999.000
7.418 -9999.000 1.962 1.756 1.724 1.673 1.642 1.576 1.504 1.474 1.452 1.418 1.386 1.357 1.308 0.713 0.196 0.172 0.149 0.129 0.109 0.091 0.074 0.058 0.044 0.032 0.022 0.013 0.007 0.002 0.001 0.001 0.001 0.002 0.009 0.557 0.604 0.589 0.579 0.580 0.584 0.589 0.593 0.597 0.592 0.591 0.588 0.651 1.248 -9999.000 -9999.000 -9999.000 -9999.000 -9999.000 -9999.000 -9999.000 -9999.000 -9999.000 -9999.000 -9999.000 -9999.000 -9999.000 -9999.000 -9999.000 -9999.000 -9999.000
12.606 12.375 1.825 1.793 1.738 1.663 1.631 1.560 1.511 1.493 1.479 1.460 1.424 1.421 1.146 0.253 0.189 0.166 0.144 0.123 0.103 0.086 0.069 0.054 0.041 0.030 0.020 0.012 0.005 0.002 0.001 0.001 0.001 0.002 0.038 0.607 0.619 0.605 0.594 0.594 0.603 0.601 0.604 0.609 0.606 0.605 0.612 1.008 -9999.000 -9999.000 -9999.000 -9999.000 -9999.000 -9999.000 -9999.000 -9999.000 -9999.000 -9999.000 -9999.000 -9999.000 -9999.000 -9999.000 -9999.000 -9999.000 -9999.000 -9999.000
13.119 3.601 1.873 1.853 1.863 1.652 1.589 1.561 1.538 1.518 1.499 1.496 1.480 1.453 0.917 0.207 0.182 0.159 0.138 0.117 0.099 0.081 0.065 0.051 0.038 0.026 0.016 0.007 0.002 0.001 0.001 0.001 0.001 0.002 0.593 0.627 0.633 0.621 0.610 0.616 0.613 0.613 0.618 0.622 0.621 0.620 0.794 -9999.000 -9999.000 -9999.000 -9999.000 -9999.000 -9999.000 -9999.000 -9999.000 -9999.000 -9999.000 -9999.000 -9999.000 -9999.000 -9999.000 -9999.000 -9999.000 -9999.000 -9999.000 -9999.000
10.669 2.043 1.937 1.948 1.905 1.647 1.595 1.576 1.560 1.539 1.501 1.467 1.426 1.384 0.528 0.200 0.176 0.153 0.132 0.112 0.094 0.077 0.061 0.047 0.034 0.023 0.014 0.007 0.002 0.001 0.001 0.001 0.002 0.007 0.627 0.639 0.646 0.638 0.629 0.647 0.624 0.624 0.631 0.633 0.634 0.686 -9999.000 -9999.000 -9999.000 -9999.000 -9999.000 -9999.000 -9999.000 -9999.000 -9999.000 -9999.000 -9999.000 -9999.000 -9999.000 -9999.000 -9999.000 -9999.000 -9999.000 -9999.000 -9999.000 -9999.000
7.434 1.992 1.971 1.929 1.789 1.648 1.612 1.593 1.578 1.561 1.539 1.507 1.516 1.156 0.235 0.193 0.169 0.147 0.127 0.107 0.089 0.073 0.058 0.044 0.032 0.022 0.013 0.007 0.002 0.001 0.001 0.001 0.002 0.614 0.645 0.651 0.658 0.654 0.663 0.666 0.637 0.639 0.643 0.646 0.648 0.951 -9999.000 -9999.000 -9999.000 -9999.000 -9999.000 -9999.000 -9999.000 -9999.000 -9999.000 -9999.000 -9999.000 -9999.000 -9999.000 -9999.000 -9999.000 -9999.000 -9999.000 -9999.000 -9999.000 -9999.000
3.819 2.037 1.987 1.937 1.716 1.657 1.635 1.613 1.601 1.600 1.572 1.548 1.549 0.945 0.211 0.187 0.163 0.142 0.121 0.102 0.084 0.069 0.054 0.041 0.030 0.020 0.012 0.005 0.002 0.001 0.001 0.001 0.002 0.652 0.656 0.663 0.669 0.669 0.693 0.681 0.653 0.653 0.656 0.658 0.696 -9999.000 -9999.000 -9999.000 -9999.000 -9999.000 -9999.000 -9999.000 -9999.000 -9999.000 -9999.000 -9999.000 -9999.000 -9999.000 -9999.000 -9999.000 -9999.000 -9999.000 -9999.000 -9999.000 -9999.000 -9999.000
2.214 2.016 1.975 1.894 1.721 1.678 1.654 1.634 1.621 1.597 1.561 1.528 1.483 0.656 0.206 0.181 0.158 0.136 0.116 0.098 0.081 0.064 0.050 0.037 0.026 0.016 0.007 0.002 0.001 0.001 0.001 0.001 0.621 0.663 0.668 0.676 0.679 0.691 0.706 0.695 0.674 0.668 0.669 0.671 0.843 -9999.000 -9999.000 -9999.000 -9999.000 -9999.000 -9999.000 -9999.000 -9999.000 -9999.000 -9999.000 -9999.000 -9999.000 -9999.000 -9999.000 -9999.000 -9999.000 -9999.000 -9999.000 -9999.000 -9999.000 -9999.000
2.006 1.998 1.891 1.798 1.716 1.691 1.673 1.660 1.628 1.592 1.560 1.529 1.234 0.251 0.199 0.176 0.153 0.132 0.112 0.093 0.077 0.061 0.047 0.034 0.023 0.014 0.007 0.002 0.001 0.001 0.001 0.002 0.666 0.676 0.679 0.687 0.697 0.718 0.716 0.703 0.689 0.683 0.683 0.684 1.016 -9999.000 -9999.000 -9999.000 -9999.000 -9999.000 -9999.000 -9999.000 -9999.000 -9999.000 -9999.000 -9999.000 -9999.000 -9999.000 -9999.000 -9999.000 -9999.000 -9999.000 -9999.000 -9999.000 -9999.000 -9999.000
1.968 1.936 1.787 1.755 1.732 1.712 1.693 1.678 1.650 1.628 1.594 1.564 0.989 0.221 0.193 0.169 0.147 0.127 0.107 0.089 0.073 0.058 0.044 0.032 0.022 0.013 0.007 0.002 0.001 0.001 0.001 0.003 0.689 0.688 0.689 0.696 0.712 0.746 0.727 0.714 0.702 0.698 0.698 0.703 1.235 -9999.000 -9999.000 -9999.000 -9999.000 -9999.000 -9999.000 -9999.000 -9999.000 -9999.000 -9999.000 -9999.000 -9999.000 -9999.000 -9999.000 -9999.000 -9999.000 -9999.000 -9999.000 -9999.000 -9999.000 -9999.000
1.943 1.908 1.796 1.776 1.756 1.754 1.716 1.660 1.627 1.599 1.563 1.526 0.761 0.213 0.188 0.164 0.142 0.121 0.102 0.085 0.069 0.054 0.041 0.030 0.020 0.012 0.005 0.002 0.001 0.001 0.001 0.676 0.701 0.699 0.699 0.713 0.731 0.748 0.741 0.727 0.716 0.714 0.713 0.733 2.112 -9999.000 -9999.000 -9999.000 -9999.000 -9999.000 -9999.000 -9999.000 -9999.000 -9999.000 -9999.000 -9999.000 -9999.000 -9999.000 -9999.000 -9999.000 -9999.000 -9999.000 -9999.000 -9999.000 -9999.000 -9999.000
1.912 1.864 1.818 1.807 1.788 1.796 1.727 1.694 1.706 1.677 1.639 1.310 0.272 0.207 0.182 0.158 0.137 0.117 0.098 0.081 0.064 0.050 0.037 0.026 0.016 0.007 0.002 0.001 0.001 0.001 0.001 0.711 0.713 0.711 0.712 0.736 0.756 0.759 0.754 0.738 0.732 0.730 0.729 0.798 -9999.000 -9999.000 -9999.000 -9999.000 -9999.000 -9999.000 -9999.000 -9999.000 -9999.000 -9999.000 -9999.000 -9999.000 -9999.000 -9999.000 -9999.000 -9999.000 -9999.000 -9999.000 -9999.000 -9999.000 -9999.000 -9999.000
1.922 1.871 1.851 1.839 1.831 1.796 1.741 1.729 1.703 1.671 1.594 1.038 0.227 0.201 0.176 0.153 0.132 0.112 0.094 0.077 0.061 0.047 0.034 0.023 0.014 0.007 0.002 0.001 0.001 0.001 0.002 0.722 0.723 0.723 0.736 0.753 0.774 0.774 0.764 0.751 0.748 0.746 0.745 0.893 -9999.000 -9999.000 -9999.000 -9999.000 -9999.000 -9999.000 -9999.000 -9999.000 -9999.000 -9999.000 -9999.000 -9999.000 -9999.000 -9999.000 -9999.000 -9999.000 -9999.000 -9999.000 -9999.000 -9999.000 -9999.000 -9999.000
1.964 1.904 1.894 1.869 1.828 1.777 1.762 1.758 1.721 1.688 1.547 0.786 0.223 0.196 0.171 0.148 0.127 0.107 0.089 0.073 0.058 0.044 0.032 0.022 0.013 0.007 0.002 0.001 0.001 0.001 0.709 0.733 0.732 0.741 0.751 0.761 0.801 0.791 0.776 0.764 0.763 0.762 0.762 1.008 -9999.000 -9999.000 -9999.000 -9999.000 -9999.000 -9999.000 -9999.000 -9999.000 -9999.000 -9999.000 -9999.000 -9999.000 -9999.000 -9999.000 -9999.000 -9999.000 -9999.000 -9999.000 -9999.000 -9999.000 -9999.000 -9999.000
1.992 1.943 1.928 1.879 1.819 1.793 1.797 1.835 1.759 1.748 1.413 0.290 0.218 0.191 0.167 0.143 0.122 0.103 0.085 0.069 0.054 0.041 0.030 0.020 0.012 0.005 0.002 0.001 0.001 0.001 0.742 0.743 0.747 0.752 0.759 0.785 0.809 0.808 0.788 0.781 0.779 0.778 0.781 1.179 5.847 -9999.000 -9999.000 -9999.000 -9999.000 -9999.000 -9999.000 -9999.000 -9999.000 -9999.000 -9999.000 -9999.000 -9999.000 -9999.000 -9999.000 -9999.000 -9999.000 -9999.000 -9999.000 -9999.000 -9999.000 -9999.000
2.028 1.979 1.924 1.858 1.830 1.817 1.856 1.776 1.736 1.703 1.181 0.245 0.213 0.187 0.162 0.139 0.118 0.099 0.081 0.065 0.051 0.037 0.026 0.016 0.008 0.002 0.001 0.001 0.001 0.001 0.750 0.758 0.757 0.761 0.794 0.810 0.822 0.822 0.801 0.798 0.796 0.795 0.806 1.590 -9999.000 -9999.000 -9999.000 -9999.000 -9999.000 -9999.000 -9999.000 -9999.000 -9999.000 -9999.000 -9999.000 -9999.000 -9999.000 -9999.000 -9999.000 -9999.000 -9999.000 -9999.000 -9999.000 -9999.000 -9999.000 -9999.000
2.072 1.976 1.892 1.873 1.861 1.886 1.869 1.791 1.759 1.731 1.003 0.239 0.210 0.183 0.158 0.134 0.113 0.094 0.077 0.062 0.047 0.034 0.023 0.014 0.007 0.002 0.001 0.001 0.001 0.736 0.760 0.767 0.777 0.799 0.811 0.834 0.835 0.829 0.814 0.813 0.812 0.812 0.864 4.172 -9999.000 -9999.000 -9999.000 -9999.000 -9999.000 -9999.000 -9999.000 -9999.000 -9999.000 -9999.000 -9999.000 -9999.000 -9999.000 -9999.000 -9999.000 -9999.000 -9999.000 -9999.000 -9999.000 -9999.000 -9999.000 -9999.000
1.985 1.931 1.908 1.915 1.994 1.963 1.929 1.825 1.898 1.672 0.716 0.236 0.206 0.179 0.154 0.131 0.110 0.091 0.074 0.058 0.044 0.032 0.022 0.013 0.007 0.002 0.001 0.001 0.001 0.767 0.774 0.778 0.805 0.811 0.823 0.867 0.851 0.842 0.829 0.829 0.829 0.828 0.978 -9999.000 -9999.000 -9999.000 -9999.000 -9999.000 -9999.000 -9999.000 -9999.000 -9999.000 -9999.000 -9999.000 -9999.000 -9999.000 -9999.000 -9999.000 -9999.000 -9999.000 -9999.000 -9999.000 -9999.000 -9999.000 -9999.000 -9999.000
1.963 1.944 1.929 1.976 2.046 2.031 1.937 1.863 1.882 1.522 0.322 0.234 0.204 0.176 0.151 0.127 0.106 0.087 0.071 0.056 0.042 0.030 0.020 0.012 0.005 0.002 0.001 0.001 0.001 0.784 0.785 0.812 0.817 0.823 0.844 0.874 0.871 0.855 0.847 0.846 0.845 0.845 1.133 -9999.000 -9999.000 -9999.000 -9999.000 -9999.000 -9999.000 -9999.000 -9999.000 -9999.000 -9999.000 -9999.000 -9999.000 -9999.000 -9999.000 -9999.000 -9999.000 -9999.000 -9999.000 -9999.000 -9999.000 -9999.000 -9999.000 -9999.000
1.994 1.984 1.980 2.009 2.078 2.066 1.932 1.911 1.879 1.329 0.271 0.232 0.202 0.174 0.148 0.124 0.103 0.083 0.067 0.052 0.038 0.027 0.016 0.008 0.002 0.001 0.001 0.001 0.001 0.796 0.821 0.823 0.828 0.838 0.866 0.886 0.890 0.868 0.864 0.863 0.862 0.863 1.361 -9999.000 -9999.000 -9999.000 -9999.000 -9999.000 -9999.000 -9999.000 -9999.000 -9999.000 -9999.000 -9999.000 -9999.000 -9999.000 -9999.000 -9999.000 -9999.000 -9999.000 -9999.000 -9999.000 -9999.000 -9999.000 -9999.000 -9999.000
2.031 2.041 2.064 2.077 2.053 1.981 1.956 1.961 1.923 1.144 0.263 0.232 0.202 0.173 0.146 0.121 0.099 0.080 0.063 0.048 0.036 0.024 0.015 0.007 0.002 0.001 0.001 0.001 0.002 0.821 0.833 0.836 0.841 0.854 0.882 0.898 0.904 0.882 0.881 0.880 0.879 0.886 1.823 -9999.000 -9999.000 -9999.000 -9999.000 -9999.000 -9999.000 -9999.000 -9999.000 -9999.000 -9999.000 -9999.000 -9999.000 -9999.000 -9999.000 -9999.000 -9999.000 -9999.000 -9999.000 -9999.000 -9999.000 -9999.000 -9999.000 -9999.000
2.055 2.066 2.072 2.040 2.021 2.000 1.982 1.956 1.835 0.949 0.263 0.231 0.200 0.172 0.145 0.121 0.098 0.077 0.059 0.044 0.032 0.022 0.014 0.007 0.002 0.001 0.001 0.001 0.002 0.842 0.846 0.848 0.852 0.869 0.893 0.906 0.914 0.897 0.897 0.897 0.897 0.921 3.724 -9999.000 -9999.000 -9999.000 -9999.000 -9999.000 -9999.000 -9999.000 -9999.000 -9999.000 -9999.000 -9999.000 -9999.000 -9999.000 -9999.000 -9999.000 -9999.000 -9999.000 -9999.000 -9999.000 -9999.000 -9999.000 -9999.000 -9999.000
2.078 2.091 2.087 2.089 2.153 2.148 2.107 2.071 1.621 0.362 0.266 0.232 0.201 0.172 0.144 0.119 0.097 0.076 0.058 0.042 0.029 0.019 0.012 0.007 0.002 0.001 0.001 0.001 0.002 0.864 0.859 0.860 0.872 0.886 0.916 0.919 0.925 0.913 0.913 0.913 0.913 1.024 -9999.000 -9999.000 -9999.000 -9999.000 -9999.000 -9999.000 -9999.000 -9999.000 -9999.000 -9999.000 -9999.000 -9999.000 -9999.000 -9999.000 -9999.000 -9999.000 -9999.000 -9999.000 -9999.000 -9999.000 -9999.000 -9999.000 -9999.000 -9999.000
2.189 2.270 2.304 2.437 2.546 2.489 2.421 2.188 1.343 0.304 0.267 0.234 0.202 0.173 0.146 0.120 0.097 0.075 0.056 0.039 0.026 0.016 0.008 0.004 0.001 0.001 0.001 0.001 0.003 0.883 0.875 0.874 0.889 0.902 0.952 0.933 0.938 0.930 0.930 0.930 0.930 1.156 -9999.000 -9999.000 -9999.000 -9999.000 -9999.000 -9999.000 -9999.000 -9999.000 -9999.000 -9999.000 -9999.000 -9999.000 -9999.000 -9999.000 -9999.000 -9999.000 -9999.000 -9999.000 -9999.000 -9999.000 -9999.000 -9999.000 -9999.000 -9999.000
2.364 3.422 3.333 2.756 2.666 2.523 2.463 2.184 1.116 0.307 0.271 0.237 0.204 0.175 0.147 0.121 0.098 0.076 0.057 0.039 0.024 0.012 0.005 0.002 0.001 0.001 0.877 0.003 0.863 0.896 0.887 0.883 0.901 0.921 0.983 0.950 0.951 0.948 0.947 0.947 0.947 1.327 -9999.000 -9999.000 -9999.000 -9999.000 -9999.000 -9999.000 -9999.000 -9999.000 -9999.000 -9999.000 -9999.000 -9999.000 -9999.000 -9999.000 -9999.000 -9999.000 -9999.000 -9999.000 -9999.000 -9999.000 -9999.000 -9999.000 -9999.000 -9999.000
2.276 2.637 2.596 2.547 2.499 2.444 2.391 2.014 0.845 0.312 0.276 0.243 0.210 0.180 0.152 0.125 0.101 0.079 0.059 0.043 0.029 0.018 0.009 0.004 0.002 0.001 0.883 0.008 0.902 0.908 0.898 0.894 0.921 0.949 0.980 0.971 0.964 0.964 0.964 0.964 0.967 1.607 -9999.000 -9999.000 -9999.000 -9999.000 -9999.000 -9999.000 -9999.000 -9999.000 -9999.000 -9999.000 -9999.000 -9999.000 -9999.000 -9999.000 -9999.000 -9999.000 -9999.000 -9999.000 -9999.000 -9999.000 -9999.000 -9999.000 -9999.000 -9999.000
2.241 2.301 2.481 2.468 2.448 2.415 2.371 1.816 0.417 0.320 0.283 0.249 0.217 0.186 0.158 0.132 0.108 0.086 0.067 0.050 0.036 0.025 0.016 0.009 0.005 0.901 0.074 0.059 0.913 0.918 0.911 0.906 0.943 0.982 0.997 0.994 0.980 0.981 0.981 0.982 1.001 4.548 -9999.000 -9999.000 -9999.000 -9999.000 -9999.000 -9999.000 -9999.000 -9999.000 -9999.000 -9999.000 -9999.000 -9999.000 -9999.000 -9999.000 -9999.000 -9999.000 -9999.000 -9999.000 -9999.000 -9999.000 -9999.000 -9999.000 -9999.000 -9999.000
