LISFLOOD/results/run3.mxe
ncols         138
nrows         103
xllcorner     341179.518085
yllcorner     4516709.658735
cellsize      30.000000
NODATA_value  -9999.000000
[rows 28 to 55 of 103, columns 63 to 125 of 138]
-9999.000 135.745 135.748 135.752 135.756 135.760 135.764 135.768 135.772 135.776 135.781 135.785 135.790 135.795 135.799 135.804 135.810 135.815 135.820 135.826 135.832 135.838 135.844 135.850 135.857 135.864 135.871 135.879 135.886 135.894 135.903 135.911 135.920 135.930 135.939 135.949 135.959 135.970 135.981 135.992 136.003 136.015 136.028 136.040 136.053 136.066 136.079 136.092 136.105 136.117 136.116 136.115 136.113 136.112 136.111 136.110 136.109 136.109 136.108 136.107 136.107 136.107 136.107
135.731 135.736 135.740 135.744 135.749 135.753 135.757 135.761 135.765 135.770 135.774 135.779 135.784 135.788 135.793 135.798 135.803 135.809 135.814 135.820 135.825 135.831 135.837 135.844 135.850 135.857 135.864 135.872 135.879 135.887 135.895 135.904 135.913 135.922 135.931 135.941 135.951 135.962 135.972 135.983 135.995 136.006 136.018 136.031 136.043 136.056 136.069 136.082 136.095 136.104 136.103 136.102 136.101 136.101 136.100 136.099 136.099 136.099 136.098 136.098 136.098 136.098 136.099
135.725 135.729 135.733 135.737 135.741 135.746 135.750 135.754 135.759 135.763 135.768 135.772 135.777 135.782 135.787 135.792 135.797 135.802 135.808 135.813 135.819 135.825 135.831 135.837 135.843 135.850 135.857 135.864 135.872 135.880 135.888 135.896 135.905 135.914 135.923 135.933 135.943 135.953 135.964 135.975 135.986 135.997 136.009 136.021 136.033 136.046 136.059 136.072 136.087 136.089 136.089 136.089 136.089 136.089 136.089 136.088 136.088 136.088 136.088 136.089 136.089 136.090 136.090
135.717 135.721 135.726 135.730 135.734 135.738 135.743 135.747 135.752 135.756 135.761 135.766 135.771 135.776 135.781 135.786 135.791 135.796 135.801 135.807 135.812 135.818 135.824 135.830 135.836 135.843 135.850 135.857 135.864 135.872 135.880 135.888 135.897 135.906 135.915 135.925 135.934 135.944 135.955 135.966 135.977 135.988 135.999 136.011 136.023 136.036 136.048 136.061 136.074 136.076 136.076 136.077 136.077 136.077 136.077 136.077 136.078 136.078 136.079 136.079 136.080 136.081 136.082
135.710 135.714 135.718 135.723 135.727 135.731 135.736 135.740 135.745 135.749 135.754 135.759 135.764 135.769 135.774 135.779 135.785 135.790 135.795 135.800 135.805 135.811 135.816 135.822 135.829 135.835 135.842 135.849 135.856 135.864 135.872 135.880 135.889 135.897 135.906 135.916 135.925 135.935 135.946 135.956 135.967 135.978 135.989 136.001 136.013 136.025 136.037 136.049 136.062 136.063 136.063 136.064 136.065 136.065 136.066 136.066 136.067 136.068 136.069 136.070 136.071 136.072 136.073
135.702 135.706 135.711 135.715 135.720 135.724 135.729 135.733 135.738 135.742 135.747 135.752 135.757 135.763 135.768 135.773 135.779 135.783 135.788 135.793 135.798 135.803 135.809 135.815 135.821 135.827 135.834 135.841 135.848 135.856 135.864 135.872 135.880 135.889 135.898 135.907 135.916 135.926 135.936 135.947 135.957 135.968 135.979 135.991 136.002 136.014 136.026 136.038 136.049 136.050 136.051 136.052 136.052 136.053 136.054 136.055 136.056 136.057 136.059 136.060 136.061 136.063 136.064
135.694 135.699 135.703 135.708 135.712 135.717 135.722 135.726 135.731 135.736 135.740 135.745 135.751 135.756 135.761 135.767 135.773 135.777 135.781 135.786 135.791 135.796 135.801 135.807 135.813 135.819 135.826 135.833 135.840 135.847 135.855 135.863 135.871 135.880 135.888 135.898 135.907 135.916 135.926 135.937 135.947 135.958 135.969 135.980 135.992 136.003 136.015 136.026 136.037 136.037 136.038 136.039 136.040 136.041 136.042 136.044 136.045 136.047 136.048 136.050 136.052 136.053 136.055
135.687 135.692 135.696 135.701 135.705 135.710 135.714 135.719 135.724 135.729 135.733 135.738 135.744 135.749 135.755 135.761 135.768 135.771 135.775 135.779 135.783 135.788 135.793 135.799 135.805 135.811 135.818 135.824 135.831 135.839 135.846 135.854 135.862 135.870 135.879 135.888 135.897 135.907 135.916 135.926 135.937 135.947 135.958 135.969 135.981 135.992 136.004 136.015 136.024 136.024 136.025 136.026 136.028 136.029 136.031 136.033 136.034 136.036 136.038 136.040 136.042 136.044 136.046
135.679 135.684 135.689 135.694 135.698 135.703 135.707 135.712 135.717 135.721 135.726 135.731 135.736 135.742 135.748 135.755 -9999.000 135.765 135.767 135.771 135.775 135.780 135.785 135.791 135.797 135.803 135.809 135.816 135.823 135.830 135.837 135.845 135.853 135.861 135.869 135.878 135.887 135.896 135.906 135.916 135.926 135.937 135.947 135.958 135.970 135.981 135.994 136.007 136.009 136.010 136.012 136.013 136.015 136.017 136.019 136.021 136.023 136.026 136.028 136.030 136.033 136.035 136.038
135.672 135.677 135.682 135.687 135.691 135.696 135.700 135.705 135.710 135.714 135.719 135.724 135.729 135.734 135.740 -9999.000 -9999.000 135.756 135.759 135.762 135.767 135.771 135.777 135.782 135.788 135.794 135.800 135.807 135.813 135.820 135.828 135.835 135.843 135.851 135.859 135.868 135.877 135.886 135.895 135.905 135.915 135.926 135.936 135.947 135.958 135.970 135.982 135.994 135.995 135.996 135.998 136.000 136.002 136.005 136.007 136.010 136.012 136.015 136.018 136.020 136.023 136.026 136.029
135.665 135.670 135.675 135.680 135.684 135.689 135.693 135.698 135.702 135.707 135.712 135.717 135.722 135.726 135.734 -9999.000 135.737 135.744 135.749 135.753 135.758 135.763 135.768 135.773 135.779 135.785 135.791 135.797 135.804 135.811 135.818 135.825 135.833 135.841 135.849 135.858 135.866 135.875 135.885 135.894 135.904 135.914 135.925 135.935 135.946 135.958 135.970 135.976 135.979 135.982 135.984 135.987 135.990 135.992 135.995 135.998 136.001 136.004 136.007 136.010 136.013 136.017 136.020
135.659 135.664 135.668 135.673 135.677 135.682 135.686 135.691 135.695 135.700 135.704 135.709 135.715 135.720 -9999.000 -9999.000 135.731 135.735 135.739 135.744 135.749 135.754 135.759 135.764 135.770 135.776 135.782 135.788 135.795 135.801 135.808 135.816 135.823 135.831 135.839 135.847 135.856 135.864 135.873 135.883 135.893 135.902 135.913 135.923 135.934 135.945 135.957 135.961 135.964 135.967 135.970 135.974 135.977 135.980 135.983 135.987 135.990 135.993 135.997 136.000 136.004 136.007 136.011
135.652 135.657 135.662 135.666 135.670 135.675 135.679 135.684 135.688 135.692 135.697 135.702 135.708 -9999.000 -9999.000 135.713 135.720 135.725 135.730 135.735 135.739 135.744 135.750 135.755 135.760 135.766 135.772 135.778 135.785 135.791 135.798 135.805 135.813 135.820 135.828 135.836 135.844 135.853 135.862 135.871 135.881 135.891 135.901 135.911 135.922 135.933 135.940 135.945 135.949 135.953 135.957 135.960 135.964 135.968 135.971 135.975 135.979 135.982 135.986 135.990 135.994 135.998 136.002
135.646 135.651 135.655 135.659 135.664 135.668 135.672 135.676 135.681 135.685 135.689 135.692 -9999.000 -9999.000 -9999.000 135.706 135.711 135.715 135.720 135.725 135.730 135.735 135.740 135.745 135.751 135.757 135.762 135.768 135.775 135.781 135.788 135.795 135.802 135.809 135.817 135.825 135.833 135.842 135.850 135.859 135.869 135.878 135.888 135.898 135.909 135.921 135.925 135.930 135.934 135.939 135.943 135.947 135.951 135.955 135.959 135.963 135.967 135.971 135.976 135.980 135.984 135.988 135.993
135.640 135.644 135.649 135.653 135.657 135.661 135.665 135.669 135.674 135.678 135.682 135.685 -9999.000 -9999.000 135.688 135.696 135.701 135.706 135.711 135.716 135.721 135.726 135.731 135.736 135.741 135.747 135.753 135.758 135.765 135.771 135.777 135.784 135.791 135.798 135.806 135.814 135.822 135.830 135.838 135.847 135.856 135.866 135.875 135.886 135.897 135.904 135.910 135.915 135.920 135.925 135.929 135.934 135.938 135.943 135.947 135.952 135.956 135.961 135.965 135.970 135.974 135.979 135.984
135.634 135.638 135.642 135.646 135.650 135.654 135.658 135.662 135.667 135.671 135.678 135.680 135.678 135.676 135.681 135.687 135.692 135.697 135.701 135.706 135.711 135.716 135.721 135.726 135.731 135.737 135.742 135.748 135.754 135.760 135.767 135.773 135.780 135.787 135.794 135.802 135.810 135.818 135.826 135.835 135.844 135.853 135.862 135.872 135.884 135.889 135.895 135.900 135.906 135.911 135.916 135.921 135.926 135.930 135.935 135.940 135.945 135.950 135.954 135.959 135.965 135.970 135.974
135.629 135.632 135.636 135.640 135.643 135.647 135.651 135.655 135.659 135.663 135.671 -9999.000 -9999.000 135.670 135.673 135.678 135.683 135.687 135.692 135.697 135.702 135.706 135.711 135.716 135.721 135.727 135.732 135.738 135.744 135.750 135.756 135.762 135.769 135.776 135.783 135.790 135.798 135.805 135.814 135.822 135.831 135.839 135.848 135.860 135.868 135.874 135.880 135.886 135.892 135.897 135.902 135.908 135.913 135.918 135.923 135.928 135.933 135.938 135.944 135.949 135.955 135.961 135.967
135.623 135.626 135.630 135.633 135.637 135.640 135.644 135.648 135.652 135.657 -9999.000 -9999.000 135.654 135.660 135.664 135.669 135.673 135.678 135.683 135.687 135.692 135.697 135.701 135.706 135.711 135.717 135.722 135.727 135.733 135.739 135.745 135.751 135.757 135.764 135.771 135.778 135.785 135.793 135.801 135.809 135.817 135.826 135.836 135.845 135.852 135.859 135.866 135.872 135.878 135.883 135.889 135.895 135.900 135.906 135.911 135.916 135.922 135.927 135.933 135.938 135.945 135.953 -9999.000
135.617 135.620 135.623 135.626 135.630 135.633 135.637 135.641 135.644 -9999.000 -9999.000 -9999.000 135.648 135.651 135.656 135.660 135.664 135.669 135.673 135.678 135.682 135.687 135.692 135.696 135.701 135.706 135.711 135.717 135.722 135.728 135.733 135.739 135.746 135.752 135.759 135.765 135.773 135.780 135.788 135.796 135.804 135.812 135.824 135.831 135.838 135.845 135.851 135.858 135.864 135.870 135.876 135.882 135.887 135.893 135.899 135.905 135.910 135.916 135.922 135.927 135.932 -9999.000 -9999.000
135.611 135.614 135.617 135.620 135.623 135.626 135.630 135.634 135.639 -9999.000 -9999.000 135.632 135.638 135.643 135.647 135.651 135.655 135.660 135.664 135.668 135.673 135.677 135.682 135.686 135.691 135.696 135.701 135.706 135.711 135.716 135.722 135.728 135.734 135.740 135.746 135.753 135.760 135.767 135.775 135.782 135.791 135.800 135.809 135.816 135.823 135.830 135.837 135.844 135.850 135.856 135.863 135.869 135.875 135.881 135.887 135.893 135.899 135.905 135.911 135.917 135.924 -9999.000 -9999.000
135.605 135.608 135.610 135.613 135.616 135.619 135.623 135.626 -9999.000 -9999.000 -9999.000 135.626 135.630 135.634 135.638 135.642 135.646 135.650 135.654 135.659 135.663 135.667 135.672 135.676 135.680 135.685 135.690 135.695 135.700 135.705 135.710 135.716 135.721 135.727 135.733 135.740 135.747 135.754 135.761 135.769 135.776 135.788 135.795 135.802 135.809 135.816 135.823 135.830 135.837 135.843 135.850 135.856 135.862 135.869 135.875 135.881 135.887 135.894 135.900 135.905 -9999.000 -9999.000 -9999.000
135.599 135.601 135.603 135.606 135.609 135.612 135.616 135.621 -9999.000 -9999.000 135.611 135.617 135.621 135.625 135.629 135.633 135.637 135.641 135.645 135.649 135.653 135.657 135.661 135.666 135.670 135.674 135.679 135.684 135.688 135.693 135.698 135.704 135.709 135.715 135.721 135.727 135.733 135.740 135.747 135.755 135.764 135.773 135.780 135.788 135.795 135.802 135.809 135.816 135.823 135.830 135.837 135.843 135.850 135.856 135.863 135.869 135.876 135.883 135.890 135.898 -9999.000 -9999.000 -9999.000
135.592 135.594 135.596 135.599 135.602 135.605 135.608 -9999.000 -9999.000 -9999.000 135.605 135.609 135.613 135.617 135.620 135.624 135.628 135.632 135.636 135.639 135.643 135.647 135.651 135.655 135.659 135.664 135.668 135.672 135.677 135.682 135.686 135.691 135.697 135.702 135.707 135.713 135.719 135.726 135.732 135.740 135.752 135.759 135.766 135.774 135.781 135.788 135.796 135.803 135.810 135.817 135.824 135.830 135.837 135.844 135.851 135.857 135.864 135.871 135.881 -9999.000 -9999.000 -9999.000 -9999.000
135.585 135.587 135.589 135.592 135.594 135.598 135.603 -9999.000 -9999.000 135.590 135.596 135.600 135.604 135.608 135.612 135.615 135.619 135.623 135.626 135.630 135.634 135.637 135.641 135.645 135.649 135.653 135.657 135.661 135.665 135.670 135.674 135.679 135.684 135.689 135.694 135.699 135.705 135.711 135.716 135.728 135.737 135.745 135.752 135.760 135.767 135.775 135.782 135.789 135.796 135.804 135.811 135.818 135.825 135.832 135.839 135.846 135.852 135.858 -9999.000 -9999.000 -9999.000 -9999.000 -9999.000
135.578 135.580 135.582 135.584 135.586 135.588 -9999.000 -9999.000 135.580 135.584 135.588 135.592 135.596 135.600 135.603 135.607 135.610 135.613 135.617 135.620 135.624 135.627 135.631 135.634 135.638 135.642 135.646 135.650 135.654 135.658 135.662 135.666 135.671 135.676 135.680 135.686 135.691 135.697 135.705 135.714 135.722 135.730 135.738 135.746 135.754 135.761 135.769 135.776 135.783 135.791 135.798 135.805 135.812 135.820 135.827 135.834 135.841 135.849 -9999.000 -9999.000 -9999.000 -9999.000 -9999.000
135.571 135.573 135.575 135.577 135.579 135.581 -9999.000 -9999.000 135.576 135.578 135.581 135.585 135.588 135.591 135.595 135.598 135.601 135.604 135.607 135.611 135.614 135.617 135.621 135.624 135.627 135.631 135.634 135.638 135.642 135.646 135.650 135.654 135.658 135.662 135.667 135.671 135.676 135.681 135.692 135.700 135.708 135.717 135.724 135.732 135.740 135.748 135.755 135.763 135.770 135.778 135.785 135.792 135.800 135.807 135.815 135.822 135.829 -9999.000 -9999.000 -9999.000 -9999.000 -9999.000 -9999.000
135.563 135.565 135.567 135.569 135.572 135.576 -9999.000 -9999.000 135.569 135.571 135.574 135.577 135.580 135.583 135.586 135.589 135.592 135.595 135.598 135.601 135.604 135.607 135.610 135.613 135.617 135.620 135.623 135.626 135.630 135.633 135.637 135.641 135.645 135.649 135.653 135.657 135.662 135.669 135.678 135.687 135.695 135.703 135.711 135.719 135.726 135.734 135.742 135.749 135.757 135.765 135.772 135.780 135.788 135.795 135.803 135.811 135.821 -9999.000 -9999.000 -9999.000 -9999.000 -9999.000 -9999.000
135.556 135.558 135.559 135.561 135.562 -9999.000 -9999.000 135.556 135.561 135.564 135.566 135.569 135.572 135.575 135.578 135.580 135.583 135.586 135.589 135.591 135.594 135.597 135.600 135.603 135.606 135.609 135.612 135.615 135.618 135.621 135.624 135.628 135.631 135.635 135.638 135.642 135.645 135.657 135.665 135.673 135.681 135.689 135.697 135.705 135.713 135.721 135.728 135.736 135.744 135.751 135.759 135.767 135.775 135.783 135.792 135.802 -9999.000 -9999.000 -9999.000 -9999.000 -9999.000 -9999.000 -9999.000
