LISFLOOD/results/run3.mxe
ncols         138
nrows         103
xllcorner     341179.518085
yllcorner     4516709.658735
cellsize      30.000000
NODATA_value  -9999.000000
[rows 0 to 27 of 103, columns 63 to 125 of 138]
-9999.000 -9999.000 -9999.000 -9999.000 -9999.000 -9999.000 -9999.000 -9999.000 -9999.000 -9999.000 -9999.000 -9999.000 -9999.000 -9999.000 -9999.000 -9999.000 -9999.000 -9999.000 -9999.000 -9999.000 -9999.000 -9999.000 -9999.000 -9999.000 -9999.000 -9999.000 -9999.000 -9999.000 -9999.000 -9999.000 -9999.000 -9999.000 -9999.000 -9999.000 -9999.000 -9999.000 -9999.000 -9999.000 -9999.000 -9999.000 -9999.000 -9999.000 -9999.000 -9999.000 -9999.000 -9999.000 -9999.000 -9999.000 -9999.000 -9999.000 -9999.000 -9999.000 -9999.000 -9999.000 -9999.000 -9999.000 -9999.000 -9999.000 -9999.000 -9999.000 -9999.000 -9999.000 -9999.000
-9999.000 -9999.000 -9999.000 -9999.000 -9999.000 -9999.000 -9999.000 -9999.000 -9999.000 -9999.000 -9999.000 -9999.000 -9999.000 -9999.000 -9999.000 -9999.000 -9999.000 -9999.000 -9999.000 -9999.000 -9999.000 -9999.000 -9999.000 -9999.000 -9999.000 -9999.000 -9999.000 -9999.000 -9999.000 -9999.000 -9999.000 -9999.000 -9999.000 -9999.000 -9999.000 -9999.000 -9999.000 -9999.000 -9999.000 -9999.000 -9999.000 -9999.000 -9999.000 -9999.000 -9999.000 -9999.000 -9999.000 -9999.000 -9999.000 -9999.000 -9999.000 -9999.000 -9999.000 -9999.000 -9999.000 -9999.000 -9999.000 -9999.000 -9999.000 -9999.000 -9999.000 -9999.000 -9999.000
-9999.000 -9999.000 -9999.000 -9999.000 -9999.000 -9999.000 -9999.000 -9999.000 -9999.000 -9999.000 -9999.000 -9999.000 -9999.000 -9999.000 -9999.000 -9999.000 -9999.000 -9999.000 -9999.000 -9999.000 -9999.000 -9999.000 -9999.000 -9999.000 -9999.000 -9999.000 -9999.000 -9999.000 -9999.000 -9999.000 -9999.000 -9999.000 -9999.000 -9999.000 -9999.000 -9999.000 -9999.000 -9999.000 -9999.000 -9999.000 -9999.000 -9999.000 -9999.000 -9999.000 -9999.000 -9999.000 -9999.000 -9999.000 -9999.000 -9999.000 -9999.000 -9999.000 -9999.000 -9999.000 -9999.000 -9999.000 -9999.000 -9999.000 -9999.000 -9999.000 -9999.000 -9999.000 -9999.000
135.852 135.854 135.856 135.858 135.860 135.862 135.864 135.866 135.868 135.870 135.873 135.876 135.879 135.883 135.887 135.891 135.895 135.900 135.905 135.911 135.916 135.922 135.928 135.935 135.942 135.949 135.956 135.964 135.971 135.980 135.988 135.997 136.005 136.014 136.023 136.033 136.042 136.052 136.061 136.070 136.079 136.087 136.093 -9999.000 -9999.000 -9999.000 -9999.000 -9999.000 -9999.000 -9999.000 -9999.000 -9999.000 -9999.000 -9999.000 -9999.000 -9999.000 -9999.000 -9999.000 -9999.000 -9999.000 -9999.000 -9999.000 -9999.000
135.852 135.854 135.856 135.858 135.860 135.862 135.864 135.866 135.868 135.870 135.873 135.876 135.879 135.883 135.887 135.891 135.895 135.900 135.905 135.910 135.916 135.922 135.928 135.935 135.941 135.948 135.956 135.963 135.971 135.979 135.988 135.996 136.005 136.014 136.023 136.033 136.042 136.052 136.061 136.071 136.080 136.089 136.099 136.112 136.123 136.134 136.144 136.154 136.162 136.170 136.176 136.182 136.187 136.190 136.193 136.195 136.196 136.196 136.196 136.195 136.195 136.194 136.193
135.852 135.854 135.857 135.858 135.860 135.862 135.863 135.865 135.867 135.870 135.872 135.875 135.879 135.882 135.886 135.890 135.895 135.899 135.904 135.910 135.915 135.921 135.928 135.934 135.941 135.948 135.955 135.963 135.971 135.979 135.987 135.996 136.005 136.014 136.023 136.033 136.042 136.052 136.062 136.071 136.081 136.091 136.102 136.113 136.124 136.135 136.145 136.154 136.163 136.171 136.178 136.183 136.188 136.191 136.194 136.195 136.196 136.196 136.196 136.196 136.195 136.194 136.193
-9999.000 -9999.000 135.858 135.859 135.860 135.862 135.863 135.865 135.867 135.869 135.872 135.875 135.878 135.881 135.885 135.889 135.894 135.899 135.904 135.909 135.915 135.921 135.927 135.933 135.940 135.947 135.955 135.962 135.970 135.978 135.987 135.995 136.004 136.013 136.023 136.032 136.042 136.052 136.062 136.072 136.082 136.093 136.103 136.114 136.125 136.136 136.146 136.156 136.165 136.173 136.180 136.185 136.190 136.193 136.195 136.197 136.197 136.197 136.197 136.196 136.195 136.194 136.193
-9999.000 -9999.000 -9999.000 -9999.000 135.860 135.861 135.862 135.864 135.866 135.868 135.871 135.874 135.877 135.880 135.884 135.888 135.893 135.897 135.903 135.908 135.914 135.919 135.926 135.932 135.939 135.946 135.954 135.961 135.969 135.977 135.986 135.995 136.004 136.013 136.022 136.032 136.042 136.052 136.062 136.072 136.083 136.094 136.105 136.116 136.127 136.138 136.149 136.159 136.168 136.176 136.183 136.189 136.193 136.196 136.198 136.199 136.199 136.199 136.198 136.197 136.196 136.194 136.193
-9999.000 -9999.000 -9999.000 -9999.000 135.860 135.861 135.862 135.863 135.865 135.867 135.869 135.872 135.875 135.879 135.883 135.887 135.891 135.896 135.901 135.907 135.912 135.918 135.924 135.931 135.938 135.945 135.952 135.960 135.968 135.976 135.985 135.994 136.003 136.012 136.021 136.031 136.041 136.051 136.062 136.072 136.083 136.094 136.106 136.117 136.129 136.140 136.151 136.162 136.172 136.180 136.187 136.193 136.198 136.200 136.202 136.202 136.201 136.200 136.199 136.198 136.196 136.195 136.193
-9999.000 -9999.000 -9999.000 -9999.000 135.859 135.859 135.860 135.862 135.863 135.865 135.868 135.871 135.874 135.877 135.881 135.885 135.890 135.895 135.900 135.905 135.911 135.917 135.923 135.929 135.936 135.943 135.951 135.959 135.967 135.975 135.983 135.992 136.001 136.011 136.020 136.030 136.040 136.051 136.062 136.072 136.084 136.095 136.107 136.119 136.131 136.143 136.155 136.166 136.177 136.186 136.194 136.199 136.204 136.206 136.207 136.206 136.204 136.202 136.200 136.198 136.196 136.195 136.193
-9999.000 -9999.000 -9999.000 -9999.000 135.858 135.858 135.859 135.860 135.861 135.864 135.866 135.869 135.872 135.875 135.879 135.883 135.888 135.893 135.898 135.903 135.909 135.915 135.921 135.928 135.935 135.942 135.949 135.957 135.965 135.973 135.982 135.991 136.000 136.009 136.019 136.029 136.039 136.050 136.061 136.072 136.084 136.096 136.108 136.120 136.133 136.146 136.158 136.171 136.183 136.193 136.201 136.207 136.212 136.214 136.213 136.210 136.208 136.205 136.202 136.199 136.197 136.194 136.192
-9999.000 -9999.000 -9999.000 -9999.000 135.856 135.856 135.857 135.858 135.859 135.861 135.864 135.867 135.870 135.873 135.877 135.881 135.886 135.890 135.896 135.901 135.907 135.913 135.919 135.926 135.932 135.940 135.947 135.955 135.963 135.971 135.980 135.989 135.998 136.008 136.018 136.028 136.038 136.049 136.060 136.072 136.084 136.096 136.108 136.121 136.135 136.148 136.162 136.176 136.190 136.203 136.212 136.214 136.224 136.224 136.220 136.216 136.211 136.207 136.203 136.200 136.197 136.194 136.192
-9999.000 -9999.000 -9999.000 -9999.000 135.853 135.853 135.854 135.855 135.857 135.859 135.861 135.864 135.867 135.871 135.875 135.879 135.883 135.888 135.893 135.899 135.904 135.910 135.917 135.923 135.930 135.937 135.945 135.953 135.961 135.969 135.978 135.987 135.996 136.006 136.016 136.026 136.037 136.048 136.059 136.071 136.083 136.095 136.109 136.122 136.136 136.151 136.166 136.182 136.199 136.216 136.231 136.340 136.245 136.237 136.228 136.221 136.214 136.209 136.204 136.200 136.196 136.193 136.191
-9999.000 -9999.000 -9999.000 -9999.000 135.850 135.850 135.851 135.852 135.854 135.856 135.858 135.861 135.864 135.868 135.872 135.876 135.880 135.885 135.890 135.896 135.902 135.908 135.914 135.921 135.928 135.935 135.942 135.950 135.958 135.967 135.975 135.985 135.994 136.004 136.014 136.024 136.035 136.046 136.058 136.069 136.082 136.095 136.108 136.122 136.137 136.153 136.169 136.187 136.207 136.231 136.264 136.325 136.275 136.251 136.236 136.225 136.216 136.210 136.204 136.199 136.195 136.192 136.189
-9999.000 -9999.000 -9999.000 -9999.000 135.846 135.847 135.848 135.849 135.850 135.853 135.855 135.858 135.861 135.865 135.869 135.873 135.877 135.882 135.887 135.893 135.899 135.905 135.911 135.918 135.925 135.932 135.940 135.947 135.956 135.964 135.973 135.982 135.991 136.001 136.011 136.022 136.033 136.044 136.056 136.068 136.080 136.094 136.107 136.122 136.137 136.154 136.171 136.190 136.212 136.237 136.269 136.310 136.278 136.255 136.239 136.227 136.217 136.209 136.203 136.198 136.194 136.190 136.187
-9999.000 -9999.000 -9999.000 -9999.000 135.843 135.843 135.844 135.845 135.847 135.849 135.852 135.854 135.858 135.861 135.865 135.870 135.874 135.879 135.884 135.890 135.895 135.902 135.908 135.915 135.922 135.929 135.936 135.944 135.952 135.961 135.970 135.979 135.988 135.998 136.008 136.019 136.030 136.041 136.053 136.066 136.078 136.092 136.106 136.121 136.136 136.153 136.171 136.191 136.213 136.237 136.265 136.296 136.273 136.253 136.238 136.226 136.216 136.208 136.201 136.196 136.192 136.188 136.185
-9999.000 -9999.000 -9999.000 -9999.000 135.838 135.838 135.839 135.841 135.843 135.845 135.848 135.851 135.854 135.858 135.862 135.866 135.871 135.876 135.881 135.886 135.892 135.898 135.905 135.911 135.918 135.925 135.933 135.941 135.949 135.958 135.967 135.976 135.985 135.995 136.005 136.016 136.027 136.038 136.050 136.063 136.076 136.089 136.104 136.119 136.134 136.151 136.170 136.189 136.211 136.234 136.258 136.283 136.264 136.247 136.233 136.222 136.213 136.205 136.198 136.193 136.189 136.185 136.182
-9999.000 -9999.000 -9999.000 -9999.000 135.831 135.833 135.835 135.836 135.838 135.841 135.843 135.846 135.850 135.854 135.858 135.862 135.867 135.872 135.877 135.882 135.888 135.894 135.901 135.908 135.915 135.922 135.929 135.937 135.946 135.954 135.963 135.972 135.982 135.992 136.002 136.012 136.024 136.035 136.047 136.060 136.073 136.086 136.101 136.116 136.132 136.148 136.167 136.186 136.207 136.229 136.252 136.269 136.252 136.239 136.227 136.216 136.208 136.200 136.194 136.189 136.185 136.181 136.178
-9999.000 -9999.000 -9999.000 -9999.000 135.827 135.828 135.830 135.831 135.834 135.836 135.839 135.842 135.846 135.849 135.854 135.858 135.863 135.868 135.873 135.878 135.884 135.890 135.897 135.904 135.911 135.918 135.925 135.933 135.942 135.950 135.959 135.968 135.978 135.988 135.998 136.009 136.020 136.031 136.043 136.056 136.069 136.082 136.097 136.112 136.128 136.144 136.162 136.181 136.202 136.224 136.251 136.247 136.238 136.228 136.218 136.209 136.202 136.195 136.189 136.184 136.180 136.177 136.174
-9999.000 -9999.000 -9999.000 -9999.000 135.822 135.823 135.824 135.826 135.828 135.831 135.834 135.837 135.841 135.845 135.849 135.854 135.858 135.863 135.869 135.874 135.880 135.886 135.893 135.899 135.906 135.914 135.921 135.929 135.937 135.946 135.955 135.964 135.973 135.983 135.994 136.004 136.015 136.027 136.039 136.051 136.064 136.078 136.092 136.107 136.123 136.139 136.157 136.175 136.195 136.215 136.238 136.232 136.225 136.217 136.209 136.201 136.195 136.189 136.183 136.179 136.175 136.172 136.169
-9999.000 -9999.000 -9999.000 -9999.000 135.816 135.817 135.819 135.821 135.823 135.826 135.829 135.832 135.836 135.840 135.844 135.849 135.854 135.859 135.864 135.870 135.876 135.882 135.888 135.895 135.902 135.909 135.917 135.925 135.933 135.941 135.950 135.959 135.969 135.979 135.989 136.000 136.011 136.022 136.034 136.047 136.060 136.073 136.087 136.102 136.117 136.133 136.150 136.168 136.186 136.205 136.225 136.219 136.212 136.205 136.199 136.192 136.187 136.181 136.177 136.173 136.169 136.166 136.164
-9999.000 -9999.000 -9999.000 -9999.000 135.810 135.811 135.812 135.815 135.817 135.820 135.824 135.827 135.831 135.835 135.839 135.844 135.849 135.854 135.859 135.865 135.871 135.877 135.883 135.890 135.897 135.904 135.912 135.920 135.928 135.937 135.945 135.954 135.964 135.974 135.984 135.995 136.006 136.017 136.029 136.041 136.054 136.067 136.081 136.096 136.111 136.126 136.143 136.160 136.177 136.194 136.212 136.206 136.200 136.194 136.189 136.183 136.178 136.173 136.169 136.166 136.163 136.160 136.158
-9999.000 -9999.000 -9999.000 -9999.000 135.802 135.803 135.806 135.808 135.811 135.814 135.818 135.822 135.826 135.830 135.834 135.839 135.844 135.849 135.854 135.860 135.866 135.872 135.878 135.885 135.892 135.899 135.907 135.915 135.923 135.931 135.940 135.949 135.959 135.968 135.979 135.989 136.000 136.011 136.023 136.035 136.048 136.061 136.075 136.089 136.104 136.119 136.135 136.151 136.167 136.184 136.199 136.193 136.188 136.183 136.178 136.173 136.169 136.165 136.162 136.159 136.156 136.154 136.152
-9999.000 -9999.000 -9999.000 135.787 135.792 135.796 135.799 135.802 135.805 135.808 135.812 135.816 135.820 135.824 135.829 135.834 135.839 135.844 135.849 135.855 135.861 135.867 135.873 135.880 135.887 135.894 135.902 135.909 135.918 135.926 135.935 135.944 135.953 135.963 135.973 135.983 135.994 136.005 136.017 136.029 136.042 136.055 136.068 136.082 136.096 136.111 136.127 136.142 136.158 136.174 136.186 136.180 136.175 136.171 136.167 136.163 136.160 136.156 136.153 136.151 136.148 136.147 136.145
-9999.000 -9999.000 135.775 135.782 135.785 135.788 135.792 135.795 135.799 135.802 135.806 135.810 135.814 135.819 135.823 135.828 135.833 135.838 135.844 135.849 135.855 135.861 135.868 135.874 135.881 135.889 135.896 135.904 135.912 135.920 135.929 135.938 135.947 135.957 135.967 135.977 135.988 135.999 136.011 136.022 136.035 136.048 136.061 136.074 136.088 136.103 136.118 136.133 136.150 136.168 136.168 136.166 136.163 136.159 136.156 136.153 136.150 136.147 136.145 136.143 136.141 136.139 136.138
-9999.000 -9999.000 135.769 135.774 135.778 135.781 135.785 135.788 135.792 135.796 135.800 135.804 135.808 135.813 135.818 135.822 135.827 135.833 135.838 135.844 135.850 135.856 135.862 135.869 135.876 135.883 135.890 135.898 135.906 135.914 135.923 135.932 135.941 135.950 135.960 135.971 135.981 135.992 136.004 136.015 136.028 136.040 136.053 136.066 136.080 136.094 136.109 136.124 136.139 136.155 136.154 136.153 136.150 136.148 136.145 136.142 136.140 136.138 136.136 136.134 136.133 136.132 136.131
-9999.000 -9999.000 135.763 135.767 135.770 135.774 135.778 135.782 135.786 135.790 135.794 135.798 135.802 135.807 135.812 135.817 135.822 135.827 135.832 135.838 135.844 135.850 135.856 135.863 135.870 135.877 135.884 135.892 135.900 135.908 135.916 135.925 135.934 135.944 135.954 135.964 135.974 135.985 135.996 136.008 136.020 136.032 136.045 136.058 136.071 136.085 136.099 136.113 136.128 136.142 136.141 136.140 136.138 136.136 136.134 136.132 136.130 136.128 136.127 136.125 136.124 136.124 136.123
-9999.000 135.750 135.755 135.759 135.763 135.767 135.771 135.775 135.779 135.783 135.787 135.792 135.796 135.801 135.806 135.811 135.816 135.821 135.826 135.832 135.838 135.844 135.850 135.857 135.863 135.870 135.878 135.885 135.893 135.901 135.910 135.918 135.927 135.937 135.947 135.957 135.967 135.978 135.989 136.000 136.012 136.024 136.036 136.049 136.062 136.075 136.089 136.103 136.116 136.130 136.129 136.127 136.126 136.124 136.123 136.121 136.120 136.119 136.117 136.117 136.116 136.115 136.115
