LISFLOOD/results/run4.inittm
ncols         83
nrows         62
xllcorner     341179.518085
yllcorner     4516699.658735
cellsize      50.000000
NODATA_value  -9999.000000
[rows 0 to 29 of 62, columns 0 to 68 of 83]
-9999.000 -9999.000 -9999.000 -9999.000 -9999.000 -9999.000 -9999.000 -9999.000 -9999.000 -9999.000 -9999.000 -9999.000 -9999.000 -9999.000 -9999.000 -9999.000 -9999.000 -9999.000 -9999.000 -9999.000 -9999.000 -9999.000 -9999.000 -9999.000 -9999.000 -9999.000 -9999.000 -9999.000 -9999.000 -9999.000 -9999.000 -9999.000 -9999.000 -9999.000 -9999.000 -9999.000 -9999.000 -9999.000 -9999.000 -9999.000 -9999.000 -9999.000 -9999.000 -9999.000 -9999.000 -9999.000 -9999.000 -9999.000 -9999.000 -9999.000 -9999.000 -9999.000 -9999.000 -9999.000 -9999.000 -9999.000 -9999.000 -9999.000 -9999.000 -9999.000 -9999.000 -9999.000 -9999.000 -9999.000 -9999.000 -9999.000 -9999.000 -9999.000 -9999.000
-9999.000 -9999.000 -9999.000 -9999.000 -9999.000 -9999.000 -9999.000 -9999.000 -9999.000 -9999.000 -9999.000 -9999.000 -9999.000 -9999.000 15.577 10.248 7.549 7.101 6.958 6.852 5.589 4.158 3.635 3.289 2.968 2.460 1.897 1.862 1.826 1.786 1.737 1.705 1.660 1.568 1.505 1.399 1.357 1.309 1.264 1.246 1.238 1.280 1.368 0.795 0.747 -9999.000 -9999.000 -9999.000 -9999.000 -9999.000 -9999.000 -9999.000 -9999.000 -9999.000 -9999.000 -9999.000 -9999.000 -9999.000 -9999.000 -9999.000 -9999.000 -9999.000 -9999.000 -9999.000 -9999.000 -9999.000 -9999.000 -9999.000 -9999.000
-9999.000 -9999.000 -9999.000 -9999.000 -9999.000 -9999.000 -9999.000 -9999.000 -9999.000 -9999.000 -9999.000 -9999.000 -9999.000 -9999.000 -9999.000 13.076 9.326 16.583 13.940 8.937 7.639 5.247 3.947 3.402 3.223 2.912 1.941 1.818 1.781 1.739 1.704 1.662 1.608 1.516 1.478 1.414 1.383 1.271 1.242 1.222 1.199 1.175 1.069 0.797 0.730 0.699 0.667 0.623 0.597 0.578 0.535 0.518 0.533 0.478 0.412 0.356 0.339 0.273 0.260 0.229 0.212 0.148 0.083 0.074 0.065 0.058 0.054 0.056 0.058
-9999.000 -9999.000 -9999.000 -9999.000 -9999.000 -9999.000 -9999.000 -9999.000 -9999.000 -9999.000 -9999.000 -9999.000 -9999.000 -9999.000 -9999.000 -9999.000 -9999.000 -9999.000 -9999.000 -9999.000 17.278 7.679 4.853 3.703 3.427 3.179 2.564 1.748 1.711 1.682 1.639 1.594 1.548 1.507 1.467 1.443 1.523 1.451 1.389 1.224 1.152 1.123 1.048 1.040 0.819 0.766 0.866 0.665 0.557 0.537 0.513 0.479 0.456 0.431 0.379 0.353 0.338 0.261 0.249 0.218 0.202 0.096 0.072 0.062 0.052 0.045 0.039 0.041 0.045
-9999.000 -9999.000 -9999.000 -9999.000 -9999.000 -9999.000 -9999.000 -9999.000 -9999.000 -9999.000 -9999.000 -9999.000 -9999.000 -9999.000 -9999.000 -9999.000 -9999.000 -9999.000 -9999.000 -9999.000 -9999.000 -9999.000 7.023 4.167 3.622 3.403 3.041 2.240 1.735 1.698 1.674 1.874 2.365 3.041 4.132 5.887 5.797 5.047 3.985 2.687 1.271 1.050 1.018 0.968 0.844 1.043 1.003 0.757 0.545 0.523 0.496 0.473 0.428 0.403 0.365 0.347 0.334 0.245 0.229 0.201 0.126 0.091 0.061 0.051 0.042 0.034 0.028 0.026 0.033
-9999.000 -9999.000 -9999.000 -9999.000 -9999.000 -9999.000 -9999.000 -9999.000 -9999.000 -9999.000 -9999.000 -9999.000 -9999.000 -9999.000 -9999.000 -9999.000 -9999.000 -9999.000 -9999.000 -9999.000 -9999.000 -9999.000 -9999.000 5.886 4.158 4.073 3.326 2.940 2.792 3.013 3.252 3.697 5.656 6.847 6.808 6.677 6.143 5.232 3.936 3.045 1.607 1.198 1.082 0.983 1.015 1.023 0.945 0.704 0.541 0.518 0.491 0.466 0.408 0.372 0.347 0.324 0.303 0.238 0.196 0.155 0.093 0.079 0.051 0.042 0.033 0.026 0.019 0.014 0.022
-9999.000 -9999.000 -9999.000 -9999.000 -9999.000 -9999.000 -9999.000 -9999.000 -9999.000 -9999.000 -9999.000 -9999.000 -9999.000 -9999.000 -9999.000 -9999.000 -9999.000 -9999.000 -9999.000 -9999.000 -9999.000 -9999.000 -9999.000 8.129 4.629 4.114 3.673 3.184 3.406 3.681 3.844 4.476 6.404 6.903 6.739 6.256 5.263 3.848 2.911 2.294 1.602 1.257 1.089 0.953 0.941 0.921 0.815 0.634 0.544 0.525 0.491 0.460 0.413 0.380 0.329 0.307 0.278 0.253 0.186 0.092 0.081 0.061 0.043 0.033 0.026 0.018 0.012 0.008 0.016
-9999.000 -9999.000 -9999.000 -9999.000 -9999.000 -9999.000 -9999.000 -9999.000 -9999.000 -9999.000 -9999.000 -9999.000 -9999.000 -9999.000 -9999.000 -9999.000 -9999.000 -9999.000 -9999.000 -9999.000 -9999.000 -9999.000 -9999.000 -9999.000 6.291 4.401 4.037 3.472 3.682 3.922 3.963 5.110 6.502 6.333 5.401 4.480 3.824 3.127 2.726 2.455 1.597 1.260 1.051 0.922 0.867 0.831 0.716 0.563 0.541 0.521 0.484 0.451 0.417 0.392 0.353 0.344 0.275 0.232 0.144 0.112 0.097 0.048 0.037 0.027 0.019 0.012 0.007 0.003 0.001
-9999.000 -9999.000 -9999.000 -9999.000 -9999.000 -9999.000 -9999.000 -9999.000 -9999.000 -9999.000 -9999.000 -9999.000 -9999.000 -9999.000 -9999.000 -9999.000 -9999.000 -9999.000 -9999.000 -9999.000 -9999.000 -9999.000 -9999.000 -9999.000 13.743 4.746 4.319 3.682 3.807 4.099 4.399 5.074 6.153 6.453 6.381 6.120 4.591 3.382 2.744 2.142 1.565 1.266 1.050 0.935 0.849 0.764 0.646 0.553 0.533 0.511 0.482 0.453 0.436 0.382 0.361 0.342 0.277 0.202 0.154 0.152 0.089 0.045 0.033 0.022 0.013 0.007 0.003 0.001 0.001
-9999.000 -9999.000 -9999.000 -9999.000 -9999.000 -9999.000 -9999.000 -9999.000 -9999.000 -9999.000 -9999.000 -9999.000 -9999.000 -9999.000 -9999.000 -9999.000 -9999.000 -9999.000 -9999.000 -9999.000 -9999.000 -9999.000 -9999.000 -9999.000 -9999.000 6.123 4.526 4.044 3.924 4.003 4.648 5.989 7.492 7.662 6.953 5.657 4.079 3.092 2.444 1.945 1.581 1.279 1.050 0.963 0.864 0.741 0.569 0.547 0.524 0.501 0.469 0.450 0.396 0.370 0.354 0.315 0.282 0.204 0.196 0.187 0.071 0.046 0.034 0.025 0.017 0.011 0.005 0.001 0.001
-9999.000 -9999.000 -9999.000 -9999.000 -9999.000 -9999.000 -9999.000 -9999.000 -9999.000 -9999.000 -9999.000 -9999.000 -9999.000 -9999.000 -9999.000 -9999.000 -9999.000 -9999.000 -9999.000 -9999.000 -9999.000 -9999.000 -9999.000 -9999.000 -9999.000 6.647 4.585 4.127 3.994 4.214 4.547 5.705 7.163 7.324 7.161 5.933 3.865 2.863 2.223 1.832 1.522 1.278 1.077 0.969 0.882 0.716 0.570 0.551 0.527 0.503 0.479 0.446 0.421 0.398 0.378 0.319 0.261 0.214 0.201 0.172 0.062 0.049 0.039 0.030 0.023 0.016 0.006 0.001 0.001
-9999.000 -9999.000 -9999.000 -9999.000 -9999.000 -9999.000 -9999.000 -9999.000 -9999.000 -9999.000 -9999.000 -9999.000 -9999.000 -9999.000 -9999.000 -9999.000 -9999.000 -9999.000 -9999.000 -9999.000 -9999.000 -9999.000 -9999.000 -9999.000 -9999.000 6.343 4.523 4.179 4.090 4.074 4.428 5.629 6.786 7.217 7.204 5.215 3.581 2.646 2.070 1.830 1.497 1.196 1.071 0.969 0.894 0.621 0.576 0.557 0.531 0.513 0.481 0.450 0.416 0.397 0.335 0.319 0.247 0.227 0.211 0.138 0.066 0.054 0.044 0.036 0.028 0.021 0.006 0.001 0.001
-9999.000 -9999.000 -9999.000 -9999.000 -9999.000 -9999.000 -9999.000 -9999.000 -9999.000 -9999.000 -9999.000 -9999.000 -9999.000 -9999.000 -9999.000 -9999.000 -9999.000 -9999.000 -9999.000 -9999.000 -9999.000 -9999.000 -9999.000 -9999.000 -9999.000 8.322 4.406 3.944 3.890 3.868 4.431 5.455 6.286 6.739 6.184 4.337 3.186 2.321 2.037 1.854 1.482 1.157 1.061 0.986 0.908 0.607 0.586 0.569 0.539 0.520 0.481 0.444 0.416 0.396 0.333 0.311 0.249 0.229 0.213 0.120 0.072 0.061 0.051 0.042 0.034 0.023 0.006 0.001 0.001
-9999.000 -9999.000 -9999.000 -9999.000 -9999.000 -9999.000 -9999.000 -9999.000 -9999.000 -9999.000 -9999.000 -9999.000 -9999.000 -9999.000 -9999.000 -9999.000 -9999.000 -9999.000 -9999.000 -9999.000 -9999.000 -9999.000 -9999.000 -9999.000 -9999.000 5.747 4.264 3.637 3.633 3.704 4.289 5.106 5.941 6.254 5.489 4.122 3.025 2.294 2.058 1.858 1.377 1.149 1.052 0.982 0.784 0.615 0.597 0.580 0.559 0.542 0.515 0.486 0.473 0.373 0.356 0.306 0.247 0.228 0.211 0.106 0.079 0.068 0.058 0.049 0.040 0.017 0.006 0.001 0.001
-9999.000 -9999.000 -9999.000 -9999.000 -9999.000 -9999.000 -9999.000 -9999.000 -9999.000 -9999.000 -9999.000 -9999.000 -9999.000 -9999.000 -9999.000 -9999.000 -9999.000 -9999.000 -9999.000 -9999.000 -9999.000 -9999.000 -9999.000 -9999.000 6.454 4.951 4.052 3.382 3.351 3.488 3.997 4.629 5.282 5.511 4.845 3.750 2.670 2.207 1.993 1.689 1.286 1.128 1.037 0.954 0.761 0.628 0.609 0.591 0.567 0.524 0.487 0.465 0.445 0.379 0.360 0.306 0.234 0.214 0.196 0.102 0.087 0.076 0.066 0.054 0.026 0.006 0.001 0.001 0.001
-9999.000 -9999.000 -9999.000 -9999.000 -9999.000 -9999.000 -9999.000 -9999.000 -9999.000 -9999.000 -9999.000 -9999.000 -9999.000 -9999.000 -9999.000 -9999.000 -9999.000 -9999.000 -9999.000 -9999.000 -9999.000 -9999.000 11.738 7.048 5.214 4.188 3.433 3.162 3.103 3.239 3.566 3.938 4.394 4.514 4.099 3.248 2.440 2.170 1.974 1.544 1.248 1.127 1.047 0.938 0.753 0.644 0.624 0.607 0.585 0.561 0.565 0.548 0.403 0.384 0.346 0.309 0.239 0.193 0.174 0.108 0.097 0.085 0.074 0.054 0.025 0.006 0.001 0.001 0.001
-9999.000 -9999.000 -9999.000 -9999.000 -9999.000 -9999.000 -9999.000 -9999.000 -9999.000 -9999.000 -9999.000 -9999.000 -9999.000 -9999.000 -9999.000 -9999.000 -9999.000 -9999.000 -9999.000 -9999.000 -9999.000 -9999.000 9.867 6.436 4.731 3.911 3.299 3.064 2.966 3.106 3.326 3.677 3.830 3.742 3.534 2.719 2.280 2.085 1.808 1.471 1.224 1.120 1.046 0.944 0.756 0.658 0.641 0.627 0.595 0.566 0.545 0.490 0.431 0.414 0.357 0.321 0.268 0.171 0.154 0.118 0.107 0.095 0.082 0.052 0.023 0.006 0.001 0.001 0.001
-9999.000 -9999.000 -9999.000 -9999.000 -9999.000 -9999.000 -9999.000 -9999.000 -9999.000 -9999.000 -9999.000 -9999.000 -9999.000 -9999.000 -9999.000 -9999.000 -9999.000 -9999.000 -9999.000 -9999.000 -9999.000 -9999.000 9.722 5.863 4.433 3.889 3.274 2.973 2.878 3.004 3.081 3.359 3.477 3.377 2.881 2.403 2.194 1.966 1.668 1.348 1.170 1.129 1.058 0.983 0.770 0.676 0.688 0.697 0.660 0.626 0.597 0.457 0.431 0.409 0.368 0.331 0.297 0.178 0.148 0.129 0.117 0.104 0.088 0.054 0.021 0.007 0.001 0.001 0.001
-9999.000 -9999.000 -9999.000 -9999.000 -9999.000 -9999.000 -9999.000 -9999.000 -9999.000 -9999.000 -9999.000 -9999.000 -9999.000 -9999.000 -9999.000 -9999.000 -9999.000 -9999.000 -9999.000 -9999.000 -9999.000 -9999.000 -9999.000 7.837 4.792 3.852 3.197 2.875 2.792 2.863 2.894 2.982 2.919 2.826 2.501 2.258 2.081 1.883 1.523 1.261 1.202 1.138 1.071 0.997 0.743 0.696 0.764 0.732 0.691 0.668 0.535 0.513 0.492 0.422 0.370 0.343 0.314 0.179 0.152 0.139 0.127 0.112 0.077 0.044 0.022 0.006 0.001 0.001 0.001
-9999.000 -9999.000 -9999.000 -9999.000 -9999.000 -9999.000 -9999.000 -9999.000 -9999.000 -9999.000 -9999.000 -9999.000 -9999.000 -9999.000 20.159 14.941 14.858 -9999.000 -9999.000 -9999.000 -9999.000 -9999.000 -9999.000 9.535 5.618 3.639 3.053 2.810 2.739 2.749 2.771 2.693 2.621 2.551 2.350 2.204 2.088 1.742 1.410 1.282 1.230 1.185 1.102 0.957 0.743 0.731 0.768 0.694 0.661 0.632 0.546 0.519 0.491 0.446 0.386 0.370 0.309 0.178 0.163 0.151 0.136 0.109 0.074 0.042 0.022 0.006 0.001 0.001 0.001
-9999.000 -9999.000 -9999.000 -9999.000 -9999.000 -9999.000 -9999.000 -9999.000 -9999.000 -9999.000 -9999.000 -9999.000 -9999.000 -9999.000 10.646 10.516 11.848 -9999.000 -9999.000 -9999.000 -9999.000 -9999.000 -9999.000 9.885 6.319 3.752 3.097 2.766 2.674 2.635 2.616 2.573 2.508 2.442 2.304 2.195 1.995 1.680 1.368 1.304 1.242 1.168 1.132 0.931 0.757 0.806 0.800 0.772 0.949 0.617 0.582 0.572 0.499 0.462 0.404 0.385 0.256 0.188 0.174 0.159 0.131 0.096 0.067 0.041 0.020 0.007 0.001 0.001 0.001
-9999.000 -9999.000 -9999.000 -9999.000 -9999.000 -9999.000 -9999.000 -9999.000 -9999.000 -9999.000 -9999.000 -9999.000 -9999.000 -9999.000 10.126 9.089 9.627 14.300 -9999.000 -9999.000 -9999.000 -9999.000 -9999.000 9.682 5.848 3.928 3.088 2.729 2.615 2.538 2.481 2.457 2.396 2.333 2.259 2.121 1.934 1.536 1.387 1.338 1.306 1.200 1.151 0.834 0.784 0.886 0.831 1.053 0.816 0.630 0.619 0.550 0.526 0.474 0.419 0.390 0.222 0.199 0.182 0.154 0.118 0.084 0.055 0.029 0.014 0.006 0.001 0.001 0.001
-9999.000 -9999.000 -9999.000 -9999.000 -9999.000 -9999.000 -9999.000 -9999.000 -9999.000 -9999.000 -9999.000 -9999.000 -9999.000 -9999.000 9.313 8.671 7.681 8.898 15.692 -9999.000 -9999.000 -9999.000 20.609 9.976 5.497 4.181 3.203 2.729 2.559 2.448 2.377 2.333 2.272 2.256 2.163 2.001 1.740 1.489 1.414 1.368 1.304 1.223 1.077 0.832 0.819 0.907 0.994 1.426 0.672 0.649 0.632 0.562 0.539 0.475 0.442 0.327 0.224 0.206 0.174 0.133 0.096 0.064 0.038 0.017 0.006 0.001 0.001 0.001 0.006
-9999.000 -9999.000 -9999.000 -9999.000 -9999.000 -9999.000 -9999.000 -9999.000 -9999.000 -9999.000 -9999.000 -9999.000 -9999.000 -9999.000 9.533 8.437 6.709 7.319 10.364 -9999.000 -9999.000 -9999.000 9.784 7.661 4.987 3.992 3.091 2.786 2.604 2.485 2.428 2.311 2.217 2.160 1.975 1.802 1.579 1.496 1.439 1.406 1.335 1.252 0.994 0.848 0.836 0.937 1.654 0.864 0.694 0.754 0.712 0.666 0.563 0.478 0.460 0.261 0.229 0.194 0.151 0.111 0.075 0.045 0.022 0.006 0.001 0.001 0.001 0.001 0.006
-9999.000 -9999.000 -9999.000 -9999.000 -9999.000 -9999.000 -9999.000 -9999.000 -9999.000 -9999.000 -9999.000 -9999.000 -9999.000 -9999.000 8.848 7.860 6.200 6.701 8.342 10.735 12.653 11.516 7.139 5.804 4.453 3.644 3.132 2.852 2.699 2.642 2.614 2.509 2.339 2.101 1.909 1.768 1.579 1.524 1.474 1.418 1.357 1.214 0.925 0.869 0.878 1.679 1.758 0.792 0.769 0.803 0.768 0.747 0.636 0.480 0.391 0.252 0.213 0.168 0.127 0.091 0.059 0.033 0.014 0.006 0.001 0.001 0.001 0.006 0.017
-9999.000 -9999.000 -9999.000 -9999.000 -9999.000 -9999.000 -9999.000 -9999.000 -9999.000 -9999.000 -9999.000 -9999.000 -9999.000 -9999.000 7.930 7.047 5.792 5.772 6.722 8.323 9.252 7.681 5.807 4.706 3.907 3.452 3.011 2.920 2.756 2.738 2.654 2.498 2.311 2.138 1.827 1.701 1.630 1.572 1.494 1.442 1.408 1.201 0.922 0.907 1.123 2.829 0.989 0.888 0.851 0.855 0.823 0.784 0.642 0.486 0.290 0.232 0.184 0.141 0.102 0.068 0.039 0.017 0.006 0.001 0.001 0.001 0.001 0.006 0.048
-9999.000 -9999.000 -9999.000 -9999.000 -9999.000 -9999.000 -9999.000 -9999.000 -9999.000 -9999.000 -9999.000 -9999.000 -9999.000 -9999.000 7.988 5.465 5.256 4.993 5.314 5.852 6.142 5.232 4.506 4.002 3.513 3.214 3.003 2.932 2.800 2.673 2.557 2.423 2.248 1.951 1.846 1.806 1.769 1.607 1.508 1.473 1.445 1.043 0.946 1.003 1.696 1.378 0.958 0.933 0.919 0.917 0.886 0.824 0.617 0.350 0.254 0.204 0.158 0.116 0.080 0.048 0.023 0.006 0.001 0.001 0.001 0.001 0.007 0.017 0.141
-9999.000 -9999.000 -9999.000 -9999.000 -9999.000 -9999.000 -9999.000 -9999.000 -9999.000 -9999.000 -9999.000 -9999.000 -9999.000 -9999.000 8.305 6.208 5.157 4.672 4.686 4.686 4.589 4.149 3.851 3.551 3.242 3.116 2.952 2.892 2.760 2.570 2.431 2.308 2.141 1.984 1.978 2.075 1.923 1.644 1.542 1.424 1.304 1.006 0.992 1.783 4.313 1.119 0.977 0.954 0.949 0.933 0.905 0.852 0.596 0.281 0.224 0.177 0.134 0.096 0.064 0.039 0.017 0.006 0.001 0.001 0.001 0.006 0.014 0.068 0.259
-9999.000 -9999.000 -9999.000 -9999.000 -9999.000 -9999.000 -9999.000 -9999.000 -9999.000 -9999.000 -9999.000 -9999.000 -9999.000 -9999.000 9.864 6.963 5.181 4.557 4.396 4.132 3.968 3.778 3.500 3.288 3.106 3.011 2.911 2.766 2.682 2.538 2.355 2.247 2.103 2.057 2.139 2.309 1.992 1.685 1.587 1.502 1.184 1.026 1.152 3.728 1.769 1.032 1.004 0.984 0.976 0.940 0.886 0.767 0.365 0.246 0.197 0.152 0.111 0.075 0.046 0.023 0.006 0.001 0.001 0.001 0.001 0.006 0.034 0.353 0.350
-9999.000 -9999.000 -9999.000 -9999.000 -9999.000 -9999.000 -9999.000 -9999.000 -9999.000 -9999.000 -9999.000 -9999.000 -9999.000 -9999.000 14.801 7.569 6.526 5.266 4.566 4.184 3.899 3.613 3.526 3.362 3.096 2.953 2.758 2.643 2.507 2.449 2.319 2.215 2.137 2.136 2.411 2.434 1.970 1.729 1.616 1.517 1.121 1.078 2.314 3.512 1.094 1.054 1.029 1.006 0.976 0.933 0.888 0.601 0.273 0.221 0.169 0.127 0.091 0.059 0.033 0.014 0.006 0.001 0.001 0.001 0.006 0.018 0.424 0.450 0.389
