LISFLOOD/results/run4.totaltm
ncols         83
nrows         62
xllcorner     341179.518085
yllcorner     4516699.658735
cellsize      50.000000
NODATA_value  -9999.000000
[rows 0 to 32 of 62, columns 0 to 72 of 83]
0.000 0.000 0.000 0.000 0.000 0.000 0.000 0.000 0.000 0.000 0.000 0.000 0.000 0.000 0.000 0.000 0.000 0.000 0.000 0.000 0.000 0.000 0.000 0.000 0.000 0.000 0.000 0.000 0.000 0.000 0.000 0.000 0.000 0.000 0.000 0.000 0.000 0.000 0.000 0.000 0.000 0.000 0.000 0.000 0.000 0.000 0.000 0.000 0.000 0.000 0.000 0.000 0.000 0.000 0.000 0.000 0.000 0.000 0.000 0.000 0.000 0.000 0.000 0.000 0.000 0.000 0.000 0.000 0.000 0.000 0.000 0.000 0.000
0.000 0.000 0.000 0.000 0.000 0.000 0.000 0.000 0.000 0.000 0.000 0.000 0.000 0.000 12.202 17.530 20.229 20.678 20.820 20.926 22.189 23.621 24.143 24.489 24.811 25.318 25.881 25.917 25.952 25.992 26.042 26.073 26.118 26.211 26.273 26.379 26.422 26.469 26.514 26.532 26.540 26.498 26.410 26.983 27.031 0.000 0.000 0.000 0.000 0.000 0.000 0.000 0.000 0.000 0.000 0.000 0.000 0.000 0.000 0.000 0.000 0.000 0.000 0.000 0.000 0.000 0.000 0.000 0.000 0.000 0.000 0.000 0.000
0.000 0.000 0.000 0.000 0.000 0.000 0.000 0.000 0.000 0.000 0.000 0.000 0.000 0.000 0.000 14.702 18.453 11.195 13.838 18.841 20.139 22.532 23.832 24.376 24.556 24.867 25.837 25.960 25.997 26.039 26.074 26.116 26.171 26.262 26.301 26.364 26.396 26.508 26.536 26.556 26.579 26.603 26.709 26.981 27.048 27.079 27.112 27.156 27.182 27.200 27.243 27.261 27.245 27.300 27.367 27.422 27.439 27.506 27.518 27.549 27.567 27.630 27.695 27.704 27.713 27.720 27.724 27.722 27.721 27.707 27.612 27.623 27.638
0.000 0.000 0.000 0.000 0.000 0.000 0.000 0.000 0.000 0.000 0.000 0.000 0.000 0.000 0.000 0.000 0.000 0.000 0.000 0.000 10.500 20.099 22.926 24.076 24.352 24.599 25.214 26.031 26.067 26.097 26.139 26.184 26.230 26.271 26.311 26.336 26.255 26.328 26.389 26.554 26.627 26.656 26.731 26.738 26.959 27.013 26.913 27.113 27.222 27.241 27.266 27.299 27.322 27.348 27.399 27.425 27.441 27.517 27.529 27.560 27.577 27.683 27.707 27.717 27.726 27.733 27.739 27.737 27.733 27.727 27.668 27.689 27.723
0.000 0.000 0.000 0.000 0.000 0.000 0.000 0.000 0.000 0.000 0.000 0.000 0.000 0.000 0.000 0.000 0.000 0.000 0.000 0.000 0.000 0.000 20.755 23.612 24.156 24.375 24.737 25.538 26.043 26.081 26.104 25.904 25.413 24.738 23.646 21.891 21.981 22.731 23.793 25.091 26.507 26.728 26.761 26.811 26.934 26.735 26.775 27.021 27.233 27.256 27.283 27.305 27.350 27.376 27.413 27.431 27.444 27.533 27.549 27.577 27.653 27.688 27.717 27.728 27.737 27.744 27.751 27.753 27.745 27.742 27.729 27.742 27.737
0.000 0.000 0.000 0.000 0.000 0.000 0.000 0.000 0.000 0.000 0.000 0.000 0.000 0.000 0.000 0.000 0.000 0.000 0.000 0.000 0.000 0.000 0.000 21.893 23.621 23.705 24.452 24.838 24.987 24.766 24.526 24.081 22.123 20.932 20.970 21.102 21.636 22.546 23.843 24.733 26.171 26.580 26.697 26.795 26.763 26.756 26.833 27.074 27.238 27.260 27.287 27.312 27.370 27.407 27.431 27.454 27.475 27.541 27.583 27.623 27.686 27.699 27.727 27.737 27.746 27.753 27.759 27.764 27.756 27.763 27.757 27.754 27.741
0.000 0.000 0.000 0.000 0.000 0.000 0.000 0.000 0.000 0.000 0.000 0.000 0.000 0.000 0.000 0.000 0.000 0.000 0.000 0.000 0.000 0.000 0.000 19.649 23.149 23.664 24.105 24.594 24.372 24.098 23.934 23.303 21.374 20.876 21.039 21.523 22.516 23.931 24.868 25.484 26.176 26.522 26.689 26.826 26.838 26.857 26.963 27.144 27.234 27.253 27.287 27.318 27.365 27.398 27.449 27.471 27.501 27.525 27.593 27.687 27.697 27.718 27.735 27.745 27.753 27.760 27.766 27.770 27.762 27.770 27.767 27.758 27.744
0.000 0.000 0.000 0.000 0.000 0.000 0.000 0.000 0.000 0.000 0.000 0.000 0.000 0.000 0.000 0.000 0.000 0.000 0.000 0.000 0.000 0.000 0.000 0.000 21.488 23.377 23.742 24.306 24.097 23.856 23.815 22.668 21.277 21.446 22.377 23.298 23.954 24.651 25.052 25.323 26.181 26.518 26.727 26.857 26.912 26.948 27.062 27.216 27.238 27.258 27.294 27.327 27.362 27.387 27.425 27.434 27.503 27.546 27.634 27.667 27.681 27.730 27.742 27.752 27.759 27.766 27.772 27.775 27.778 27.775 27.772 27.757 27.751
0.000 0.000 0.000 0.000 0.000 0.000 0.000 0.000 0.000 0.000 0.000 0.000 0.000 0.000 0.000 0.000 0.000 0.000 0.000 0.000 0.000 0.000 0.000 0.000 14.036 23.033 23.459 24.097 23.971 23.679 23.379 22.704 21.625 21.326 21.397 21.658 23.188 24.396 25.034 25.636 26.213 26.512 26.728 26.843 26.929 27.014 27.132 27.225 27.246 27.267 27.297 27.325 27.342 27.397 27.418 27.437 27.502 27.577 27.624 27.627 27.689 27.733 27.746 27.756 27.765 27.771 27.776 27.778 27.778 27.778 27.776 27.762 27.756
0.000 0.000 0.000 0.000 0.000 0.000 0.000 0.000 0.000 0.000 0.000 0.000 0.000 0.000 0.000 0.000 0.000 0.000 0.000 0.000 0.000 0.000 0.000 0.000 0.000 21.656 23.253 23.734 23.854 23.776 23.130 21.789 20.286 20.117 20.825 22.122 23.699 24.687 25.334 25.833 26.198 26.499 26.728 26.815 26.914 27.038 27.209 27.231 27.254 27.278 27.309 27.328 27.383 27.408 27.424 27.463 27.496 27.574 27.582 27.591 27.708 27.733 27.744 27.753 27.761 27.767 27.773 27.778 27.778 27.778 27.772 27.765 27.758
0.000 0.000 0.000 0.000 0.000 0.000 0.000 0.000 0.000 0.000 0.000 0.000 0.000 0.000 0.000 0.000 0.000 0.000 0.000 0.000 0.000 0.000 0.000 0.000 0.000 21.132 23.193 23.652 23.784 23.564 23.232 22.073 20.615 20.454 20.617 21.846 23.913 24.916 25.556 25.947 26.256 26.500 26.702 26.809 26.897 27.063 27.208 27.228 27.252 27.276 27.299 27.332 27.357 27.381 27.400 27.459 27.518 27.564 27.577 27.606 27.716 27.729 27.739 27.748 27.756 27.762 27.772 27.778 27.778 27.778 27.770 27.761 27.754
0.000 0.000 0.000 0.000 0.000 0.000 0.000 0.000 0.000 0.000 0.000 0.000 0.000 0.000 0.000 0.000 0.000 0.000 0.000 0.000 0.000 0.000 0.000 0.000 0.000 21.435 23.256 23.599 23.688 23.704 23.350 22.149 20.993 20.561 20.574 22.563 24.198 25.133 25.708 25.948 26.282 26.582 26.707 26.809 26.884 27.157 27.203 27.221 27.247 27.266 27.297 27.328 27.363 27.382 27.443 27.459 27.532 27.552 27.567 27.641 27.713 27.724 27.734 27.743 27.750 27.758 27.772 27.778 27.778 27.778 27.770 27.757 27.748
0.000 0.000 0.000 0.000 0.000 0.000 0.000 0.000 0.000 0.000 0.000 0.000 0.000 0.000 0.000 0.000 0.000 0.000 0.000 0.000 0.000 0.000 0.000 0.000 0.000 19.457 23.373 23.834 23.888 23.911 23.348 22.323 21.493 21.039 21.594 23.441 24.592 25.458 25.741 25.924 26.297 26.622 26.718 26.793 26.870 27.171 27.193 27.209 27.239 27.258 27.297 27.334 27.362 27.383 27.445 27.467 27.529 27.549 27.566 27.658 27.707 27.718 27.728 27.736 27.744 27.756 27.772 27.778 27.778 27.778 27.771 27.757 27.742
0.000 0.000 0.000 0.000 0.000 0.000 0.000 0.000 0.000 0.000 0.000 0.000 0.000 0.000 0.000 0.000 0.000 0.000 0.000 0.000 0.000 0.000 0.000 0.000 0.000 22.032 23.514 24.142 24.145 24.074 23.489 22.673 21.838 21.524 22.289 23.657 24.753 25.484 25.721 25.920 26.402 26.629 26.726 26.797 26.994 27.163 27.182 27.198 27.219 27.237 27.263 27.292 27.306 27.405 27.423 27.472 27.531 27.550 27.568 27.673 27.699 27.711 27.720 27.729 27.738 27.761 27.772 27.778 27.778 27.778 27.772 27.757 27.735
0.000 0.000 0.000 0.000 0.000 0.000 0.000 0.000 0.000 0.000 0.000 0.000 0.000 0.000 0.000 0.000 0.000 0.000 0.000 0.000 0.000 0.000 0.000 0.000 21.324 22.827 23.727 24.397 24.428 24.291 23.782 23.149 22.496 22.267 22.933 24.028 25.108 25.572 25.786 26.089 26.493 26.651 26.741 26.824 27.018 27.150 27.169 27.188 27.211 27.254 27.292 27.313 27.333 27.399 27.418 27.473 27.544 27.564 27.583 27.677 27.691 27.702 27.712 27.724 27.753 27.772 27.778 27.778 27.778 27.772 27.762 27.740 27.726
0.000 0.000 0.000 0.000 0.000 0.000 0.000 0.000 0.000 0.000 0.000 0.000 0.000 0.000 0.000 0.000 0.000 0.000 0.000 0.000 0.000 0.000 16.041 20.730 22.564 23.591 24.345 24.617 24.675 24.539 24.212 23.840 23.384 23.264 23.679 24.531 25.338 25.608 25.804 26.234 26.531 26.652 26.732 26.841 27.025 27.134 27.154 27.171 27.193 27.218 27.213 27.230 27.376 27.394 27.432 27.469 27.539 27.586 27.604 27.670 27.682 27.693 27.704 27.724 27.753 27.772 27.778 27.778 27.778 27.772 27.756 27.732 27.710
0.000 0.000 0.000 0.000 0.000 0.000 0.000 0.000 0.000 0.000 0.000 0.000 0.000 0.000 0.000 0.000 0.000 0.000 0.000 0.000 0.000 0.000 17.911 21.343 23.048 23.868 24.479 24.714 24.812 24.673 24.452 24.101 23.948 24.037 24.244 25.059 25.498 25.693 25.971 26.307 26.554 26.658 26.732 26.834 27.022 27.120 27.137 27.152 27.183 27.213 27.233 27.288 27.348 27.364 27.421 27.457 27.510 27.608 27.624 27.660 27.672 27.683 27.697 27.726 27.756 27.772 27.778 27.778 27.778 27.772 27.757 27.711 27.692
0.000 0.000 0.000 0.000 0.000 0.000 0.000 0.000 0.000 0.000 0.000 0.000 0.000 0.000 0.000 0.000 0.000 0.000 0.000 0.000 0.000 0.000 18.057 21.915 23.345 23.889 24.504 24.805 24.900 24.774 24.697 24.419 24.302 24.401 24.897 25.376 25.584 25.813 26.110 26.430 26.608 26.649 26.720 26.796 27.008 27.102 27.091 27.082 27.118 27.153 27.181 27.322 27.347 27.369 27.411 27.447 27.481 27.601 27.630 27.649 27.662 27.674 27.691 27.724 27.757 27.772 27.778 27.778 27.778 27.772 27.756 27.688 27.669
0.000 0.000 0.000 0.000 0.000 0.000 0.000 0.000 0.000 0.000 0.000 0.000 0.000 0.000 0.000 0.000 0.000 0.000 0.000 0.000 0.000 0.000 0.000 19.941 22.987 23.926 24.582 24.903 24.987 24.915 24.884 24.797 24.859 24.952 25.278 25.521 25.697 25.895 26.255 26.518 26.576 26.641 26.708 26.781 27.035 27.083 27.014 27.047 27.087 27.110 27.243 27.266 27.286 27.356 27.408 27.435 27.464 27.599 27.626 27.639 27.651 27.667 27.701 27.734 27.756 27.772 27.778 27.778 27.778 27.772 27.744 27.662 27.647
0.000 0.000 0.000 0.000 0.000 0.000 0.000 0.000 0.000 0.000 0.000 0.000 0.000 0.000 7.619 12.838 12.921 0.000 0.000 0.000 0.000 0.000 0.000 18.243 22.160 24.139 24.726 24.968 25.039 25.029 25.007 25.086 25.157 25.228 25.428 25.574 25.690 26.037 26.368 26.497 26.548 26.593 26.677 26.821 27.036 27.048 27.010 27.084 27.117 27.146 27.232 27.259 27.287 27.332 27.393 27.408 27.469 27.600 27.616 27.628 27.643 27.669 27.704 27.736 27.756 27.772 27.778 27.778 27.778 27.772 27.717 27.642 27.622
0.000 0.000 0.000 0.000 0.000 0.000 0.000 0.000 0.000 0.000 0.000 0.000 0.000 0.000 17.132 17.263 15.931 0.000 0.000 0.000 0.000 0.000 0.000 17.893 21.459 24.026 24.682 25.013 25.104 25.143 25.163 25.205 25.271 25.337 25.474 25.583 25.783 26.098 26.411 26.474 26.536 26.611 26.647 26.848 27.021 26.973 26.978 27.006 26.829 27.162 27.196 27.206 27.279 27.316 27.374 27.393 27.523 27.590 27.604 27.619 27.647 27.682 27.712 27.738 27.758 27.771 27.778 27.778 27.778 27.772 27.686 27.614 27.593
0.000 0.000 0.000 0.000 0.000 0.000 0.000 0.000 0.000 0.000 0.000 0.000 0.000 0.000 17.653 18.689 18.151 13.478 0.000 0.000 0.000 0.000 0.000 18.097 21.931 23.850 24.691 25.049 25.163 25.241 25.297 25.321 25.382 25.445 25.519 25.657 25.844 26.242 26.391 26.440 26.472 26.578 26.628 26.944 26.994 26.893 26.948 26.726 26.963 27.148 27.159 27.228 27.253 27.304 27.359 27.388 27.557 27.579 27.596 27.624 27.661 27.694 27.723 27.749 27.764 27.773 27.778 27.778 27.778 27.772 27.648 27.566 27.569
0.000 0.000 0.000 0.000 0.000 0.000 0.000 0.000 0.000 0.000 0.000 0.000 0.000 0.000 18.465 19.108 20.097 18.881 12.086 0.000 0.000 0.000 7.169 17.802 22.282 23.597 24.575 25.049 25.219 25.330 25.402 25.446 25.507 25.523 25.615 25.777 26.038 26.289 26.364 26.411 26.474 26.556 26.702 26.946 26.959 26.871 26.784 26.352 27.106 27.129 27.146 27.217 27.239 27.303 27.337 27.451 27.554 27.573 27.604 27.645 27.682 27.714 27.741 27.762 27.772 27.778 27.778 27.778 27.772 27.761 27.617 27.534 27.551
0.000 0.000 0.000 0.000 0.000 0.000 0.000 0.000 0.000 0.000 0.000 0.000 0.000 0.000 18.246 19.341 21.069 20.459 17.414 0.000 0.000 0.000 17.994 20.117 22.792 23.787 24.688 24.993 25.174 25.293 25.351 25.467 25.562 25.618 25.803 25.976 26.199 26.282 26.339 26.373 26.443 26.526 26.784 26.930 26.943 26.841 26.124 26.914 27.084 27.024 27.066 27.113 27.215 27.301 27.318 27.517 27.549 27.584 27.628 27.668 27.703 27.733 27.757 27.772 27.778 27.778 27.778 27.778 27.772 27.753 27.579 27.513 27.531
0.000 0.000 0.000 0.000 0.000 0.000 0.000 0.000 0.000 0.000 0.000 0.000 0.000 0.000 18.930 19.918 21.578 21.077 19.437 17.043 15.126 16.263 20.639 21.974 23.326 24.134 24.646 24.926 25.079 25.136 25.164 25.269 25.439 25.677 25.869 26.011 26.199 26.254 26.304 26.361 26.422 26.564 26.853 26.909 26.901 26.099 26.021 26.987 27.009 26.975 27.010 27.031 27.143 27.298 27.388 27.527 27.565 27.610 27.652 27.688 27.719 27.746 27.764 27.773 27.778 27.778 27.778 27.772 27.761 27.739 27.547 27.487 27.532
0.000 0.000 0.000 0.000 0.000 0.000 0.000 0.000 0.000 0.000 0.000 0.000 0.000 0.000 19.848 20.731 21.986 22.006 21.056 19.456 18.527 20.098 21.971 23.072 23.871 24.327 24.767 24.858 25.022 25.040 25.124 25.281 25.467 25.640 25.952 26.078 26.148 26.207 26.284 26.336 26.370 26.578 26.856 26.871 26.656 24.949 26.789 26.891 26.928 26.923 26.955 26.994 27.136 27.293 27.488 27.546 27.594 27.638 27.677 27.711 27.739 27.761 27.772 27.778 27.778 27.778 27.778 27.772 27.731 27.704 27.533 27.463 27.535
0.000 0.000 0.000 0.000 0.000 0.000 0.000 0.000 0.000 0.000 0.000 0.000 0.000 0.000 19.791 22.313 22.523 22.786 22.464 21.926 21.637 22.547 23.272 23.776 24.265 24.564 24.776 24.847 24.978 25.105 25.221 25.356 25.531 25.828 25.933 25.972 26.009 26.172 26.270 26.306 26.333 26.736 26.832 26.775 26.082 26.401 26.821 26.846 26.859 26.861 26.893 26.954 27.162 27.428 27.524 27.574 27.621 27.662 27.698 27.730 27.755 27.772 27.778 27.778 27.778 27.778 27.772 27.762 27.638 27.652 27.577 27.497 27.523
0.000 0.000 0.000 0.000 0.000 0.000 0.000 0.000 0.000 0.000 0.000 0.000 0.000 0.000 19.473 21.571 22.621 23.106 23.092 23.093 23.189 23.629 23.928 24.227 24.537 24.662 24.826 24.886 25.018 25.208 25.347 25.471 25.638 25.794 25.800 25.703 25.855 26.134 26.237 26.354 26.474 26.772 26.787 25.996 23.466 26.659 26.802 26.824 26.829 26.846 26.873 26.926 27.183 27.497 27.554 27.602 27.644 27.682 27.714 27.739 27.761 27.772 27.778 27.778 27.778 27.773 27.764 27.711 27.519 27.603 27.583 27.558 27.530
0.000 0.000 0.000 0.000 0.000 0.000 0.000 0.000 0.000 0.000 0.000 0.000 0.000 0.000 17.914 20.816 22.598 23.221 23.382 23.646 23.810 24.000 24.278 24.491 24.673 24.768 24.868 25.013 25.096 25.241 25.423 25.532 25.676 25.722 25.639 25.469 25.787 26.093 26.192 26.277 26.594 26.752 26.626 24.050 26.009 26.746 26.774 26.794 26.803 26.838 26.892 27.012 27.413 27.533 27.581 27.627 27.667 27.703 27.733 27.756 27.772 27.778 27.778 27.778 27.778 27.772 27.744 27.426 27.428 27.574 27.562 27.537 27.507
0.000 0.000 0.000 0.000 0.000 0.000 0.000 0.000 0.000 0.000 0.000 0.000 0.000 0.000 12.978 20.209 21.253 22.513 23.212 23.594 23.879 24.165 24.252 24.416 24.683 24.825 25.020 25.136 25.272 25.329 25.459 25.563 25.641 25.642 25.368 25.344 25.808 26.049 26.162 26.261 26.658 26.700 25.464 24.267 26.684 26.724 26.749 26.772 26.803 26.846 26.891 27.178 27.505 27.557 27.609 27.651 27.688 27.719 27.746 27.764 27.773 27.778 27.778 27.778 27.772 27.760 27.354 27.328 27.389 27.551 27.535 27.510 27.440
0.000 0.000 0.000 0.000 0.000 0.000 0.000 0.000 0.000 0.000 0.000 0.000 0.000 0.000 0.000 16.161 18.767 21.036 21.941 22.795 23.111 23.599 23.776 23.888 24.456 24.719 25.059 25.211 25.311 25.392 25.465 25.541 25.574 25.371 25.189 25.259 25.793 26.008 26.127 26.338 26.643 26.539 24.066 26.315 26.683 26.704 26.739 26.771 26.801 26.848 26.916 27.358 27.496 27.543 27.635 27.676 27.710 27.739 27.761 27.772 27.778 27.778 27.778 27.778 27.772 27.630 27.336 27.307 27.367 27.521 27.505 27.476 27.311
0.000 0.000 0.000 0.000 0.000 0.000 0.000 0.000 0.000 0.000 0.000 0.000 0.000 0.000 0.000 0.000 15.177 17.958 19.859 21.090 22.473 23.147 23.642 24.008 24.402 24.739 24.908 25.088 25.217 25.356 25.411 25.477 25.456 25.065 25.092 25.361 25.793 25.962 26.097 26.553 26.598 25.708 25.007 26.641 26.663 26.697 26.738 26.784 26.822 26.863 26.971 27.462 27.517 27.574 27.658 27.697 27.730 27.755 27.772 27.778 27.778 27.778 27.778 27.772 27.757 27.597 27.541 27.442 27.411 27.478 27.473 27.390 26.946
0.000 0.000 0.000 0.000 0.000 0.000 0.000 0.000 0.000 0.000 0.000 0.000 0.000 0.000 0.000 0.000 0.000 0.000 15.764 20.272 22.346 23.069 23.601 24.101 24.329 24.606 24.801 24.983 25.226 25.334 25.374 25.443 25.294 25.132 25.191 25.491 25.784 25.919 26.234 26.538 26.548 25.259 26.268 26.627 26.649 26.678 26.731 26.766 26.793 26.814 27.154 27.446 27.459 27.633 27.675 27.711 27.739 27.761 27.772 27.778 27.778 27.778 27.773 27.763 27.593 27.556 27.443 27.384 27.413 27.438 27.417 27.156 26.208
