LISFLOOD/results/run4.mxe
ncols         83
nrows         62
xllcorner     341179.518085
yllcorner     4516699.658735
cellsize      50.000000
NODATA_value  -9999.000000
[rows 0 to 27 of 62, columns 0 to 63 of 83]
-9999.000 -9999.000 -9999.000 -9999.000 -9999.000 -9999.000 -9999.000 -9999.000 -9999.000 -9999.000 -9999.000 -9999.000 -9999.000 -9999.000 -9999.000 -9999.000 -9999.000 -9999.000 -9999.000 -9999.000 -9999.000 -9999.000 -9999.000 -9999.000 -9999.000 -9999.000 -9999.000 -9999.000 -9999.000 -9999.000 -9999.000 -9999.000 -9999.000 -9999.000 -9999.000 -9999.000 -9999.000 -9999.000 -9999.000 -9999.000 -9999.000 -9999.000 -9999.000 -9999.000 -9999.000 -9999.000 -9999.000 -9999.000 -9999.000 -9999.000 -9999.000 -9999.000 -9999.000 -9999.000 -9999.000 -9999.000 -9999.000 -9999.000 -9999.000 -9999.000 -9999.000 -9999.000 -9999.000 -9999.000
-9999.000 -9999.000 -9999.000 -9999.000 -9999.000 -9999.000 -9999.000 -9999.000 -9999.000 -9999.000 -9999.000 -9999.000 -9999.000 -9999.000 145.996 145.996 145.996 145.996 145.996 145.996 145.996 145.996 145.997 145.997 145.998 145.998 146.000 146.001 146.003 146.005 146.008 146.012 146.015 146.020 146.024 146.030 146.035 146.042 146.048 146.055 146.063 146.071 146.079 146.086 146.092 -9999.000 -9999.000 -9999.000 -9999.000 -9999.000 -9999.000 -9999.000 -9999.000 -9999.000 -9999.000 -9999.000 -9999.000 -9999.000 -9999.000 -9999.000 -9999.000 -9999.000 -9999.000 -9999.000
-9999.000 -9999.000 -9999.000 -9999.000 -9999.000 -9999.000 -9999.000 -9999.000 -9999.000 -9999.000 -9999.000 -9999.000 -9999.000 -9999.000 -9999.000 145.996 145.996 145.996 145.996 145.996 145.996 145.996 145.997 145.997 145.997 145.998 145.999 146.001 146.003 146.005 146.008 146.011 146.015 146.019 146.024 146.029 146.035 146.041 146.048 146.055 146.063 146.071 146.079 146.088 146.097 146.111 146.125 146.139 146.153 146.168 146.184 146.201 146.218 146.236 146.255 146.275 146.295 146.316 146.338 146.360 146.382 146.405 146.428 146.450
-9999.000 -9999.000 -9999.000 -9999.000 -9999.000 -9999.000 -9999.000 -9999.000 -9999.000 -9999.000 -9999.000 -9999.000 -9999.000 -9999.000 -9999.000 -9999.000 -9999.000 -9999.000 -9999.000 -9999.000 145.996 145.996 145.996 145.996 145.997 145.997 145.998 146.000 146.002 146.004 146.007 146.010 146.014 146.018 146.023 146.028 146.034 146.040 146.047 146.054 146.062 146.070 146.079 146.088 146.099 146.111 146.125 146.138 146.153 146.168 146.183 146.200 146.217 146.235 146.254 146.274 146.294 146.315 146.337 146.359 146.382 146.405 146.429 146.451
-9999.000 -9999.000 -9999.000 -9999.000 -9999.000 -9999.000 -9999.000 -9999.000 -9999.000 -9999.000 -9999.000 -9999.000 -9999.000 -9999.000 -9999.000 -9999.000 -9999.000 -9999.000 -9999.000 -9999.000 -9999.000 -9999.000 145.996 145.996 145.996 145.996 145.997 145.999 146.000 146.003 146.005 146.009 146.013 146.017 146.022 146.027 146.033 146.039 146.046 146.053 146.061 146.069 146.078 146.088 146.099 146.111 146.124 146.137 146.151 146.166 146.182 146.199 146.216 146.234 146.253 146.272 146.293 146.314 146.336 146.359 146.382 146.405 146.429 146.453
-9999.000 -9999.000 -9999.000 -9999.000 -9999.000 -9999.000 -9999.000 -9999.000 -9999.000 -9999.000 -9999.000 -9999.000 -9999.000 -9999.000 -9999.000 -9999.000 -9999.000 -9999.000 -9999.000 -9999.000 -9999.000 -9999.000 -9999.000 145.995 145.995 145.995 145.996 145.997 145.999 146.001 146.004 146.007 146.011 146.015 146.020 146.025 146.031 146.037 146.044 146.051 146.059 146.068 146.077 146.087 146.098 146.109 146.122 146.135 146.149 146.164 146.180 146.196 146.213 146.231 146.250 146.270 146.291 146.312 146.334 146.357 146.381 146.405 146.430 146.455
-9999.000 -9999.000 -9999.000 -9999.000 -9999.000 -9999.000 -9999.000 -9999.000 -9999.000 -9999.000 -9999.000 -9999.000 -9999.000 -9999.000 -9999.000 -9999.000 -9999.000 -9999.000 -9999.000 -9999.000 -9999.000 -9999.000 -9999.000 145.994 145.993 145.993 145.994 145.995 145.996 145.999 146.001 146.005 146.008 146.013 146.017 146.023 146.028 146.035 146.042 146.049 146.057 146.066 146.075 146.085 146.096 146.107 146.120 146.133 146.147 146.161 146.177 146.193 146.210 146.228 146.247 146.267 146.287 146.309 146.332 146.355 146.379 146.405 146.431 146.458
-9999.000 -9999.000 -9999.000 -9999.000 -9999.000 -9999.000 -9999.000 -9999.000 -9999.000 -9999.000 -9999.000 -9999.000 -9999.000 -9999.000 -9999.000 -9999.000 -9999.000 -9999.000 -9999.000 -9999.000 -9999.000 -9999.000 -9999.000 -9999.000 145.991 145.991 145.991 145.992 145.994 145.996 145.998 146.002 146.005 146.010 146.014 146.020 146.026 146.032 146.039 146.046 146.054 146.063 146.072 146.082 146.093 146.104 146.116 146.129 146.143 146.158 146.173 146.189 146.206 146.224 146.243 146.263 146.284 146.305 146.328 146.352 146.377 146.403 146.431 146.460
-9999.000 -9999.000 -9999.000 -9999.000 -9999.000 -9999.000 -9999.000 -9999.000 -9999.000 -9999.000 -9999.000 -9999.000 -9999.000 -9999.000 -9999.000 -9999.000 -9999.000 -9999.000 -9999.000 -9999.000 -9999.000 -9999.000 -9999.000 -9999.000 145.990 145.988 145.988 145.989 145.990 145.992 145.995 145.998 146.002 146.006 146.011 146.016 146.022 146.028 146.035 146.043 146.051 146.059 146.068 146.078 146.089 146.100 146.112 146.125 146.139 146.153 146.169 146.185 146.202 146.219 146.238 146.258 146.279 146.300 146.323 146.348 146.373 146.400 146.429 146.460
-9999.000 -9999.000 -9999.000 -9999.000 -9999.000 -9999.000 -9999.000 -9999.000 -9999.000 -9999.000 -9999.000 -9999.000 -9999.000 -9999.000 -9999.000 -9999.000 -9999.000 -9999.000 -9999.000 -9999.000 -9999.000 -9999.000 -9999.000 -9999.000 -9999.000 145.983 145.984 145.985 145.986 145.988 145.991 145.994 145.998 146.003 146.007 146.013 146.018 146.025 146.031 146.039 146.047 146.055 146.064 146.074 146.085 146.096 146.108 146.120 146.134 146.148 146.163 146.179 146.196 146.214 146.232 146.252 146.273 146.294 146.318 146.342 146.368 146.396 146.425 146.458
-9999.000 -9999.000 -9999.000 -9999.000 -9999.000 -9999.000 -9999.000 -9999.000 -9999.000 -9999.000 -9999.000 -9999.000 -9999.000 -9999.000 -9999.000 -9999.000 -9999.000 -9999.000 -9999.000 -9999.000 -9999.000 -9999.000 -9999.000 -9999.000 -9999.000 145.978 145.979 145.980 145.982 145.984 145.987 145.990 145.994 145.998 146.003 146.008 146.014 146.020 146.027 146.034 146.042 146.050 146.059 146.069 146.080 146.091 146.102 146.115 146.128 146.142 146.157 146.173 146.189 146.207 146.225 146.245 146.265 146.287 146.310 146.335 146.361 146.389 146.419 146.451
-9999.000 -9999.000 -9999.000 -9999.000 -9999.000 -9999.000 -9999.000 -9999.000 -9999.000 -9999.000 -9999.000 -9999.000 -9999.000 -9999.000 -9999.000 -9999.000 -9999.000 -9999.000 -9999.000 -9999.000 -9999.000 -9999.000 -9999.000 -9999.000 -9999.000 145.973 145.973 145.975 145.977 145.979 145.982 145.985 145.989 145.993 145.998 146.003 146.009 146.015 146.022 146.029 146.037 146.045 146.054 146.064 146.074 146.085 146.096 146.108 146.122 146.135 146.150 146.165 146.182 146.199 146.217 146.237 146.257 146.279 146.302 146.326 146.352 146.380 146.410 146.442
-9999.000 -9999.000 -9999.000 -9999.000 -9999.000 -9999.000 -9999.000 -9999.000 -9999.000 -9999.000 -9999.000 -9999.000 -9999.000 -9999.000 -9999.000 -9999.000 -9999.000 -9999.000 -9999.000 -9999.000 -9999.000 -9999.000 -9999.000 -9999.000 -9999.000 145.966 145.967 145.969 145.971 145.974 145.977 145.980 145.984 145.988 145.993 145.998 146.004 146.010 146.016 146.023 146.031 146.039 146.048 146.057 146.067 146.078 146.089 146.101 146.114 146.128 146.142 146.157 146.173 146.190 146.208 146.227 146.248 146.269 146.292 146.316 146.341 146.369 146.398 146.430
-9999.000 -9999.000 -9999.000 -9999.000 -9999.000 -9999.000 -9999.000 -9999.000 -9999.000 -9999.000 -9999.000 -9999.000 -9999.000 -9999.000 -9999.000 -9999.000 -9999.000 -9999.000 -9999.000 -9999.000 -9999.000 -9999.000 -9999.000 -9999.000 -9999.000 145.959 145.961 145.963 145.965 145.968 145.971 145.975 145.978 145.983 145.987 145.992 145.998 146.004 146.010 146.017 146.025 146.033 146.041 146.050 146.060 146.071 146.082 146.094 146.106 146.119 146.133 146.148 146.164 146.181 146.198 146.217 146.237 146.258 146.280 146.304 146.329 146.356 146.384 146.415
-9999.000 -9999.000 -9999.000 -9999.000 -9999.000 -9999.000 -9999.000 -9999.000 -9999.000 -9999.000 -9999.000 -9999.000 -9999.000 -9999.000 -9999.000 -9999.000 -9999.000 -9999.000 -9999.000 -9999.000 -9999.000 -9999.000 -9999.000 -9999.000 145.945 145.951 145.954 145.956 145.959 145.962 145.965 145.969 145.972 145.977 145.981 145.986 145.992 145.998 146.004 146.011 146.018 146.026 146.034 146.043 146.053 146.063 146.074 146.085 146.097 146.110 146.124 146.138 146.154 146.170 146.187 146.206 146.225 146.246 146.267 146.290 146.315 146.341 146.369 146.398
-9999.000 -9999.000 -9999.000 -9999.000 -9999.000 -9999.000 -9999.000 -9999.000 -9999.000 -9999.000 -9999.000 -9999.000 -9999.000 -9999.000 -9999.000 -9999.000 -9999.000 -9999.000 -9999.000 -9999.000 -9999.000 -9999.000 145.935 145.936 145.940 145.944 145.947 145.950 145.953 145.956 145.959 145.962 145.966 145.970 145.975 145.980 145.985 145.991 145.997 146.004 146.011 146.018 146.026 146.035 146.044 146.054 146.065 146.076 146.088 146.100 146.114 146.128 146.143 146.159 146.175 146.193 146.212 146.232 146.253 146.276 146.299 146.325 146.351 146.379
-9999.000 -9999.000 -9999.000 -9999.000 -9999.000 -9999.000 -9999.000 -9999.000 -9999.000 -9999.000 -9999.000 -9999.000 -9999.000 -9999.000 -9999.000 -9999.000 -9999.000 -9999.000 -9999.000 -9999.000 -9999.000 -9999.000 145.933 145.934 145.936 145.938 145.941 145.943 145.946 145.949 145.952 145.956 145.959 145.964 145.968 145.973 145.978 145.984 145.990 145.996 146.003 146.010 146.018 146.026 146.035 146.045 146.055 146.066 146.077 146.089 146.102 146.116 146.131 146.146 146.162 146.180 146.198 146.217 146.238 146.260 146.283 146.307 146.332 146.359
-9999.000 -9999.000 -9999.000 -9999.000 -9999.000 -9999.000 -9999.000 -9999.000 -9999.000 -9999.000 -9999.000 -9999.000 -9999.000 -9999.000 -9999.000 -9999.000 -9999.000 -9999.000 -9999.000 -9999.000 -9999.000 -9999.000 145.932 145.930 145.930 145.932 145.934 145.937 145.939 145.942 145.945 145.949 145.953 145.957 145.961 145.966 145.971 145.976 145.982 145.988 145.995 146.002 146.009 146.017 146.026 146.035 146.045 146.055 146.066 146.078 146.090 146.104 146.118 146.133 146.148 146.165 146.183 146.202 146.221 146.242 146.264 146.288 146.312 146.338
-9999.000 -9999.000 -9999.000 -9999.000 -9999.000 -9999.000 -9999.000 -9999.000 -9999.000 -9999.000 -9999.000 -9999.000 -9999.000 -9999.000 -9999.000 -9999.000 -9999.000 -9999.000 -9999.000 -9999.000 -9999.000 -9999.000 -9999.000 145.923 145.924 145.925 145.927 145.930 145.932 145.935 145.938 145.942 145.945 145.949 145.953 145.958 145.963 145.968 145.974 145.979 145.986 145.993 146.000 146.008 146.016 146.025 146.034 146.044 146.055 146.066 146.078 146.091 146.104 146.118 146.134 146.150 146.167 146.185 146.204 146.224 146.245 146.267 146.291 146.315
-9999.000 -9999.000 -9999.000 -9999.000 -9999.000 -9999.000 -9999.000 -9999.000 -9999.000 -9999.000 -9999.000 -9999.000 -9999.000 -9999.000 145.841 145.841 145.841 -9999.000 -9999.000 -9999.000 -9999.000 -9999.000 -9999.000 145.916 145.917 145.918 145.920 145.923 145.925 145.928 145.931 145.934 145.938 145.942 145.946 145.950 145.955 145.960 145.965 145.971 145.977 145.983 145.990 145.997 146.005 146.014 146.023 146.032 146.042 146.053 146.064 146.077 146.089 146.103 146.118 146.133 146.150 146.167 146.185 146.204 146.225 146.246 146.268 146.292
-9999.000 -9999.000 -9999.000 -9999.000 -9999.000 -9999.000 -9999.000 -9999.000 -9999.000 -9999.000 -9999.000 -9999.000 -9999.000 -9999.000 145.841 145.841 145.841 -9999.000 -9999.000 -9999.000 -9999.000 -9999.000 -9999.000 145.908 145.909 145.911 145.913 145.915 145.918 145.921 145.924 145.927 145.930 145.934 145.938 145.942 145.946 145.951 145.956 145.961 145.967 145.973 145.980 145.987 145.994 146.002 146.011 146.020 146.029 146.039 146.050 146.062 146.074 146.087 146.101 146.116 146.131 146.148 146.165 146.184 146.203 146.224 146.245 146.268
-9999.000 -9999.000 -9999.000 -9999.000 -9999.000 -9999.000 -9999.000 -9999.000 -9999.000 -9999.000 -9999.000 -9999.000 -9999.000 -9999.000 145.841 145.841 145.842 145.842 -9999.000 -9999.000 -9999.000 -9999.000 -9999.000 145.900 145.901 145.903 145.905 145.907 145.910 145.913 145.916 145.919 145.922 145.926 145.929 145.933 145.938 145.942 145.947 145.952 145.957 145.963 145.969 145.976 145.983 145.990 145.998 146.007 146.016 146.025 146.036 146.046 146.058 146.070 146.084 146.098 146.112 146.128 146.145 146.162 146.181 146.201 146.221 146.243
-9999.000 -9999.000 -9999.000 -9999.000 -9999.000 -9999.000 -9999.000 -9999.000 -9999.000 -9999.000 -9999.000 -9999.000 -9999.000 -9999.000 145.841 145.841 145.842 145.842 145.842 -9999.000 -9999.000 -9999.000 145.881 145.890 145.892 145.895 145.897 145.900 145.902 145.905 145.908 145.911 145.914 145.917 145.921 145.925 145.929 145.933 145.937 145.942 145.947 145.952 145.958 145.964 145.971 145.978 145.985 145.993 146.002 146.011 146.020 146.030 146.041 146.053 146.065 146.078 146.092 146.107 146.123 146.140 146.158 146.176 146.196 146.217
-9999.000 -9999.000 -9999.000 -9999.000 -9999.000 -9999.000 -9999.000 -9999.000 -9999.000 -9999.000 -9999.000 -9999.000 -9999.000 -9999.000 145.841 145.841 145.842 145.842 145.843 -9999.000 -9999.000 -9999.000 145.872 145.879 145.883 145.886 145.889 145.892 145.895 145.897 145.900 145.903 145.906 145.909 145.912 145.916 145.919 145.923 145.927 145.932 145.936 145.941 145.947 145.952 145.958 145.965 145.972 145.979 145.987 145.995 146.004 146.014 146.024 146.035 146.046 146.058 146.072 146.086 146.100 146.116 146.133 146.151 146.170 146.190
-9999.000 -9999.000 -9999.000 -9999.000 -9999.000 -9999.000 -9999.000 -9999.000 -9999.000 -9999.000 -9999.000 -9999.000 -9999.000 -9999.000 145.841 145.841 145.842 145.842 145.844 145.847 145.851 145.856 145.864 145.870 145.875 145.878 145.881 145.884 145.887 145.889 145.892 145.895 145.898 145.900 145.903 145.907 145.910 145.914 145.917 145.921 145.926 145.930 145.935 145.940 145.946 145.951 145.958 145.964 145.972 145.979 145.987 145.996 146.006 146.016 146.026 146.038 146.050 146.063 146.077 146.092 146.108 146.125 146.143 146.162
-9999.000 -9999.000 -9999.000 -9999.000 -9999.000 -9999.000 -9999.000 -9999.000 -9999.000 -9999.000 -9999.000 -9999.000 -9999.000 -9999.000 145.840 145.841 145.841 145.842 145.844 145.846 145.849 145.853 145.859 145.863 145.867 145.871 145.874 145.876 145.879 145.881 145.884 145.887 145.889 145.892 145.895 145.897 145.901 145.904 145.907 145.911 145.915 145.919 145.923 145.928 145.932 145.938 145.943 145.949 145.956 145.963 145.970 145.978 145.987 145.996 146.006 146.016 146.027 146.040 146.052 146.066 146.081 146.097 146.114 146.132
-9999.000 -9999.000 -9999.000 -9999.000 -9999.000 -9999.000 -9999.000 -9999.000 -9999.000 -9999.000 -9999.000 -9999.000 -9999.000 -9999.000 145.840 145.840 145.840 145.841 145.842 145.844 145.847 145.850 145.854 145.857 145.861 145.864 145.866 145.869 145.871 145.874 145.876 145.878 145.881 145.883 145.886 145.888 145.891 145.894 145.897 145.900 145.903 145.907 145.911 145.915 145.919 145.924 145.929 145.934 145.940 145.946 145.953 145.960 145.967 145.975 145.984 145.994 146.004 146.015 146.027 146.040 146.054 146.069 146.084 146.100
-9999.000 -9999.000 -9999.000 -9999.000 -9999.000 -9999.000 -9999.000 -9999.000 -9999.000 -9999.000 -9999.000 -9999.000 -9999.000 -9999.000 145.839 145.839 145.839 145.840 145.840 145.842 145.844 145.846 145.849 145.851 145.854 145.857 145.859 145.861 145.864 145.866 145.868 145.870 145.872 145.874 145.876 145.879 145.881 145.883 145.886 145.889 145.892 145.895 145.898 145.902 145.905 145.909 145.914 145.918 145.923 145.929 145.934 145.941 145.947 145.954 145.962 145.971 145.980 145.990 146.001 146.013 146.025 146.039 146.055 146.074
