LISFLOOD/results/run4.inittm
ncols         83
nrows         62
xllcorner     341179.518085
yllcorner     4516699.658735
cellsize      50.000000
NODATA_value  -9999.000000
[rows 30 to 59 of 62, columns 0 to 68 of 83]
-9999.000 -9999.000 -9999.000 -9999.000 -9999.000 -9999.000 -9999.000 -9999.000 -9999.000 -9999.000 -9999.000 -9999.000 -9999.000 -9999.000 -9999.000 11.618 9.012 6.742 5.838 4.983 4.667 4.179 4.003 3.890 3.323 3.059 2.719 2.567 2.467 2.386 2.313 2.237 2.204 2.407 2.589 2.519 1.985 1.770 1.651 1.440 1.135 1.239 3.712 1.463 1.096 1.074 1.039 1.008 0.978 0.931 0.862 0.421 0.283 0.236 0.143 0.103 0.068 0.039 0.017 0.006 0.001 0.001 0.001 0.001 0.006 0.148 0.443 0.472 0.411
-9999.000 -9999.000 -9999.000 -9999.000 -9999.000 -9999.000 -9999.000 -9999.000 -9999.000 -9999.000 -9999.000 -9999.000 -9999.000 -9999.000 -9999.000 -9999.000 12.601 9.820 7.919 6.688 5.305 4.631 4.137 3.770 3.376 3.039 2.871 2.691 2.561 2.423 2.367 2.301 2.323 2.713 2.687 2.418 1.985 1.816 1.682 1.225 1.181 2.071 2.771 1.137 1.115 1.082 1.040 0.994 0.957 0.916 0.807 0.316 0.261 0.204 0.121 0.081 0.048 0.023 0.006 0.001 0.001 0.001 0.001 0.006 0.022 0.181 0.238 0.337 0.367
-9999.000 -9999.000 -9999.000 -9999.000 -9999.000 -9999.000 -9999.000 -9999.000 -9999.000 -9999.000 -9999.000 -9999.000 -9999.000 -9999.000 -9999.000 -9999.000 -9999.000 -9999.000 12.014 7.506 5.433 4.709 4.178 3.677 3.449 3.172 2.978 2.796 2.553 2.444 2.404 2.336 2.484 2.647 2.588 2.288 1.994 1.859 1.544 1.240 1.230 2.519 1.511 1.152 1.129 1.101 1.048 1.013 0.986 0.964 0.624 0.333 0.319 0.146 0.103 0.068 0.039 0.017 0.006 0.001 0.001 0.001 0.006 0.015 0.185 0.223 0.335 0.394 0.366
-9999.000 -9999.000 -9999.000 -9999.000 -9999.000 -9999.000 -9999.000 -9999.000 -9999.000 -9999.000 -9999.000 -9999.000 -9999.000 -9999.000 -9999.000 -9999.000 -9999.000 -9999.000 15.032 8.389 5.797 4.829 4.084 3.741 3.551 3.246 3.018 2.774 2.586 2.541 2.446 2.411 2.737 2.701 2.574 2.232 2.000 1.861 1.432 1.268 1.544 2.711 1.197 1.170 1.146 1.110 1.064 1.035 1.005 0.974 0.426 0.277 0.221 0.126 0.084 0.049 0.023 0.006 0.001 0.001 0.001 0.001 0.006 0.140 0.189 0.232 0.284 0.335 0.382
-9999.000 -9999.000 -9999.000 -9999.000 -9999.000 -9999.000 -9999.000 -9999.000 -9999.000 -9999.000 -9999.000 -9999.000 -9999.000 -9999.000 -9999.000 14.370 13.991 13.764 9.535 7.011 5.361 4.355 3.909 3.791 3.603 3.360 3.044 2.696 2.641 2.537 2.487 2.562 2.818 2.764 2.589 2.213 2.009 1.768 1.337 1.319 1.512 1.476 1.213 1.190 1.162 1.122 1.086 1.058 1.037 0.863 0.268 0.218 0.159 0.110 0.073 0.042 0.017 0.006 0.001 0.001 0.001 0.006 0.021 0.166 0.197 0.247 0.286 0.341 0.401
-9999.000 -9999.000 -9999.000 -9999.000 -9999.000 -9999.000 -9999.000 -9999.000 -9999.000 -9999.000 -9999.000 -9999.000 -9999.000 -9999.000 13.402 9.682 8.123 8.352 6.954 6.024 4.539 4.085 4.025 3.962 3.917 3.482 3.100 2.823 2.687 2.571 2.530 2.626 2.892 2.832 2.554 2.187 1.986 1.611 1.357 1.429 1.851 1.460 1.232 1.207 1.181 1.142 1.108 1.089 1.076 0.638 0.242 0.187 0.136 0.092 0.054 0.025 0.006 0.001 0.001 0.001 0.006 0.015 0.153 0.180 0.213 0.247 0.282 0.346 0.421
-9999.000 -9999.000 -9999.000 -9999.000 -9999.000 -9999.000 -9999.000 -9999.000 -9999.000 -9999.000 -9999.000 -9999.000 15.423 10.141 7.629 7.433 5.555 5.451 5.528 5.087 4.261 4.172 4.086 4.032 3.913 3.441 3.105 2.872 2.688 2.614 2.580 2.801 2.923 2.857 2.496 2.181 1.880 1.452 1.409 1.526 2.169 1.282 1.249 1.225 1.192 1.158 1.138 1.126 1.051 0.336 0.225 0.172 0.124 0.082 0.048 0.023 0.006 0.001 0.001 0.001 0.006 0.133 0.162 0.191 0.229 0.258 0.299 0.358 0.546
-9999.000 -9999.000 -9999.000 -9999.000 -9999.000 -9999.000 -9999.000 -9999.000 -9999.000 -9999.000 14.484 9.270 8.372 6.972 6.098 5.655 5.186 5.085 4.698 4.473 4.270 4.193 4.118 3.816 3.537 3.253 3.046 2.903 2.756 2.659 2.770 3.022 2.966 2.899 2.403 2.056 1.782 1.468 1.458 1.616 1.709 1.292 1.267 1.242 1.201 1.178 1.161 1.159 0.877 0.264 0.209 0.158 0.114 0.076 0.042 0.017 0.006 0.001 0.001 0.001 0.007 0.166 0.192 0.219 0.248 0.276 0.323 0.487 1.278
-9999.000 -9999.000 -9999.000 -9999.000 -9999.000 -9999.000 -9999.000 -9999.000 -9999.000 16.332 10.426 8.663 7.983 6.613 6.022 5.493 5.038 4.945 4.766 4.538 4.464 3.993 3.798 3.586 3.417 3.262 3.066 2.914 2.798 2.744 2.915 3.118 3.066 2.952 2.320 1.915 1.702 1.491 1.607 1.576 1.392 1.321 1.301 1.251 1.227 1.209 1.202 1.188 0.531 0.247 0.192 0.141 0.097 0.057 0.026 0.006 0.001 0.001 0.001 0.001 0.009 0.052 0.102 0.179 0.228 0.289 0.356 1.026 -9999.000
-9999.000 -9999.000 -9999.000 -9999.000 -9999.000 -9999.000 -9999.000 -9999.000 -9999.000 14.989 11.228 9.505 8.673 7.544 6.986 6.770 6.054 5.902 5.691 4.941 4.301 3.967 3.757 3.658 3.496 3.286 3.054 2.870 2.829 2.801 3.034 3.207 3.149 2.917 2.175 1.823 1.644 1.539 1.587 1.685 1.371 1.352 1.312 1.272 1.249 1.233 1.233 1.131 0.297 0.231 0.178 0.129 0.087 0.053 0.025 0.006 0.001 0.001 0.001 0.006 0.023 0.051 0.096 0.146 0.198 0.281 0.585 -9999.000 -9999.000
-9999.000 -9999.000 -9999.000 -9999.000 -9999.000 -9999.000 -9999.000 15.044 13.259 12.815 12.521 15.631 14.032 13.565 11.975 9.858 6.412 6.212 5.826 4.859 4.462 4.057 3.695 3.547 3.482 3.251 3.037 2.903 2.867 2.848 3.101 3.361 3.297 2.739 1.963 1.793 1.627 1.561 1.539 1.574 1.388 1.370 1.328 1.297 1.274 1.271 1.266 0.969 0.269 0.217 0.167 0.121 0.080 0.047 0.023 0.006 0.001 0.001 0.001 0.008 0.041 0.062 0.149 0.178 0.228 0.291 0.895 -9999.000 -9999.000
-9999.000 -9999.000 -9999.000 -9999.000 -9999.000 -9999.000 -9999.000 -9999.000 -9999.000 -9999.000 -9999.000 -9999.000 -9999.000 -9999.000 -9999.000 -9999.000 12.416 9.118 7.481 5.211 4.532 4.116 3.710 3.481 3.341 3.183 3.058 2.949 2.947 2.904 3.204 3.514 3.466 2.374 1.843 1.729 1.613 1.531 1.504 1.476 1.414 1.377 1.345 1.321 1.302 1.306 1.291 0.526 0.251 0.202 0.156 0.113 0.075 0.042 0.017 0.006 0.001 0.001 0.001 0.009 0.029 0.083 0.116 0.147 0.198 0.268 1.351 -9999.000 -9999.000
-9999.000 -9999.000 -9999.000 -9999.000 -9999.000 -9999.000 -9999.000 -9999.000 -9999.000 -9999.000 -9999.000 -9999.000 -9999.000 -9999.000 -9999.000 -9999.000 -9999.000 14.251 13.193 6.125 4.426 4.136 3.757 3.503 3.341 3.171 3.104 3.021 2.995 3.008 3.251 3.424 3.679 2.275 1.793 1.745 1.626 1.588 1.562 1.468 1.428 1.395 1.376 1.346 1.330 1.341 1.244 0.291 0.231 0.185 0.139 0.096 0.057 0.026 0.006 0.001 0.001 0.001 0.001 0.008 0.028 0.154 0.153 0.185 0.233 0.370 2.480 -9999.000 -9999.000
-9999.000 -9999.000 -9999.000 -9999.000 -9999.000 -9999.000 -9999.000 -9999.000 -9999.000 -9999.000 -9999.000 -9999.000 -9999.000 -9999.000 -9999.000 -9999.000 -9999.000 20.044 9.936 6.237 4.373 4.168 3.787 3.534 3.393 3.232 3.116 3.063 3.041 3.119 3.176 3.305 2.831 1.987 1.794 1.747 1.652 1.658 1.634 1.474 1.443 1.422 1.400 1.372 1.381 1.374 1.034 0.255 0.211 0.169 0.127 0.087 0.053 0.025 0.006 0.001 0.001 0.001 0.006 0.019 0.097 0.186 0.194 0.227 0.273 0.615 4.190 -9999.000 -9999.000
-9999.000 -9999.000 -9999.000 -9999.000 -9999.000 -9999.000 -9999.000 -9999.000 -9999.000 -9999.000 -9999.000 -9999.000 -9999.000 -9999.000 -9999.000 -9999.000 -9999.000 -9999.000 7.426 5.321 4.289 4.019 3.761 3.503 3.364 3.255 3.148 3.105 3.083 3.137 3.103 3.104 2.257 1.904 1.880 1.772 1.656 1.622 1.587 1.501 1.474 1.446 1.423 1.410 1.418 1.396 0.617 0.232 0.190 0.152 0.116 0.079 0.047 0.023 0.006 0.001 0.001 0.001 0.007 0.033 0.085 0.160 0.186 0.232 0.298 0.777 1.767 3.562 -9999.000
-9999.000 -9999.000 -9999.000 -9999.000 -9999.000 -9999.000 -9999.000 -9999.000 -9999.000 -9999.000 -9999.000 -9999.000 -9999.000 -9999.000 -9999.000 -9999.000 -9999.000 8.815 6.727 4.691 4.202 3.841 3.553 3.516 3.446 3.325 3.184 3.150 3.134 3.084 3.039 2.746 2.014 1.888 1.862 1.753 1.711 1.678 1.568 1.523 1.496 1.468 1.447 1.452 1.433 1.364 0.278 0.208 0.168 0.133 0.102 0.072 0.042 0.017 0.006 0.001 0.001 0.001 0.007 0.052 0.148 0.182 0.211 0.263 0.326 1.004 5.402 -9999.000 -9999.000
-9999.000 -9999.000 -9999.000 -9999.000 -9999.000 -9999.000 -9999.000 -9999.000 -9999.000 -9999.000 -9999.000 -9999.000 -9999.000 -9999.000 -9999.000 -9999.000 16.962 8.165 6.494 5.051 4.496 3.928 3.525 3.415 3.337 3.244 3.227 3.215 3.148 3.102 3.053 2.391 1.960 1.891 1.852 1.777 1.807 1.884 1.568 1.542 1.511 1.492 1.500 1.484 1.471 1.259 0.231 0.184 0.146 0.112 0.083 0.055 0.026 0.006 0.001 0.001 0.001 0.001 0.007 0.096 0.199 0.219 0.251 0.303 0.364 1.413 -9999.000 -9999.000 -9999.000
-9999.000 -9999.000 -9999.000 -9999.000 -9999.000 -9999.000 -9999.000 -9999.000 -9999.000 -9999.000 -9999.000 -9999.000 -9999.000 -9999.000 -9999.000 -9999.000 -9999.000 9.532 6.761 5.659 4.688 4.097 3.652 3.433 3.372 3.198 3.236 3.188 3.149 3.149 2.737 2.151 1.953 1.919 1.849 1.802 1.761 1.719 1.573 1.553 1.532 1.519 1.524 1.507 1.496 1.092 0.211 0.164 0.126 0.094 0.068 0.046 0.024 0.006 0.001 0.001 0.001 0.006 0.021 0.053 0.239 0.266 0.299 0.354 0.472 1.987 -9999.000 -9999.000 -9999.000
-9999.000 -9999.000 -9999.000 -9999.000 -9999.000 -9999.000 -9999.000 -9999.000 -9999.000 -9999.000 -9999.000 -9999.000 -9999.000 -9999.000 -9999.000 -9999.000 -9999.000 11.555 6.356 5.127 5.021 4.593 3.611 3.296 3.198 3.143 3.196 3.137 3.096 3.047 2.342 2.043 1.978 1.940 1.935 2.030 2.073 1.661 1.592 1.577 1.564 1.542 1.548 1.532 1.524 0.696 0.194 0.147 0.108 0.077 0.053 0.034 0.019 0.006 0.001 0.001 0.001 0.008 0.027 0.081 0.217 0.263 0.324 0.403 0.699 -9999.000 -9999.000 -9999.000 -9999.000
-9999.000 -9999.000 -9999.000 -9999.000 -9999.000 -9999.000 -9999.000 -9999.000 -9999.000 -9999.000 -9999.000 -9999.000 -9999.000 -9999.000 -9999.000 -9999.000 -9999.000 9.650 5.159 4.986 4.899 4.336 3.546 3.164 3.073 3.095 3.156 3.099 3.091 2.737 2.126 2.043 2.001 2.014 2.038 2.102 2.079 1.649 1.613 1.596 1.584 1.569 1.593 1.569 1.488 0.290 0.185 0.136 0.095 0.063 0.039 0.022 0.009 0.003 0.001 0.001 0.001 0.008 0.030 0.124 0.221 0.262 0.334 0.435 0.887 -9999.000 -9999.000 -9999.000 -9999.000
-9999.000 -9999.000 -9999.000 -9999.000 -9999.000 -9999.000 -9999.000 -9999.000 -9999.000 -9999.000 -9999.000 -9999.000 -9999.000 -9999.000 -9999.000 -9999.000 -9999.000 9.657 5.701 5.077 4.515 3.946 3.262 2.973 2.999 3.049 3.088 3.042 2.990 2.458 2.096 2.054 2.111 2.077 2.105 2.079 1.937 1.649 1.632 1.641 1.681 1.686 1.680 1.653 1.362 0.239 0.181 0.131 0.088 0.054 0.028 0.011 0.003 0.001 0.001 0.001 0.007 0.023 0.053 0.172 0.224 0.266 0.342 0.442 1.104 -9999.000 -9999.000 -9999.000 -9999.000
-9999.000 -9999.000 -9999.000 -9999.000 -9999.000 -9999.000 -9999.000 -9999.000 -9999.000 -9999.000 -9999.000 -9999.000 -9999.000 -9999.000 -9999.000 -9999.000 -9999.000 9.455 6.161 5.264 4.836 3.821 3.127 2.897 2.879 2.972 3.059 3.012 2.821 2.445 2.107 2.109 2.189 2.107 2.162 2.174 1.787 1.664 1.648 1.655 1.701 1.707 1.687 1.652 1.148 0.240 0.182 0.131 0.088 0.056 0.032 0.018 0.008 0.002 0.001 0.004 0.021 0.054 0.088 0.303 0.279 0.323 0.406 0.505 1.540 -9999.000 -9999.000 -9999.000 -9999.000
-9999.000 -9999.000 -9999.000 -9999.000 -9999.000 -9999.000 -9999.000 -9999.000 -9999.000 -9999.000 -9999.000 -9999.000 -9999.000 -9999.000 -9999.000 -9999.000 -9999.000 6.135 5.464 5.033 4.242 3.510 2.971 2.832 2.806 2.961 3.069 2.911 2.565 2.192 2.139 2.221 2.186 2.156 2.134 2.106 1.720 1.683 1.668 1.676 1.704 1.718 1.695 1.648 0.790 0.246 0.188 0.140 0.100 0.068 0.045 0.028 0.017 0.008 0.012 0.017 0.184 0.103 0.127 1.296 0.356 0.401 0.490 0.627 2.767 -9999.000 -9999.000 -9999.000 -9999.000
-9999.000 -9999.000 -9999.000 -9999.000 -9999.000 -9999.000 -9999.000 -9999.000 -9999.000 -9999.000 -9999.000 -9999.000 -9999.000 -9999.000 -9999.000 -9999.000 12.535 7.023 5.771 4.749 4.002 3.367 2.928 2.800 2.778 2.856 2.820 2.669 2.372 2.186 2.172 2.252 2.209 2.203 2.177 1.951 1.728 1.703 1.702 1.699 1.746 1.723 1.699 1.619 0.434 0.260 0.205 0.158 0.118 0.087 0.062 0.043 0.029 0.018 1.290 0.040 0.302 0.187 0.174 1.344 0.469 0.504 0.595 0.891 -9999.000 -9999.000 -9999.000 -9999.000 -9999.000
-9999.000 -9999.000 -9999.000 -9999.000 -9999.000 -9999.000 -9999.000 -9999.000 -9999.000 -9999.000 -9999.000 -9999.000 -9999.000 -9999.000 -9999.000 -9999.000 10.704 6.459 5.303 4.215 3.643 3.181 2.927 2.778 2.716 2.634 2.604 2.413 2.306 2.204 2.187 2.274 2.247 2.223 2.197 1.805 1.746 1.727 1.743 1.723 1.764 1.737 1.710 1.536 0.366 0.282 0.228 0.182 0.143 0.111 0.084 0.063 0.046 0.039 1.416 0.088 0.348 0.273 0.237 1.382 0.640 0.647 0.715 1.308 -9999.000 -9999.000 -9999.000 -9999.000 -9999.000
-9999.000 -9999.000 -9999.000 -9999.000 -9999.000 -9999.000 -9999.000 -9999.000 -9999.000 -9999.000 -9999.000 -9999.000 -9999.000 -9999.000 -9999.000 -9999.000 12.618 7.166 5.166 4.124 3.579 3.149 2.987 2.886 2.897 2.813 2.628 2.396 2.353 2.236 2.210 2.282 2.248 2.220 2.080 1.806 1.769 1.753 1.780 1.765 1.760 1.731 1.700 1.382 0.372 0.312 0.259 0.212 0.173 0.139 0.111 0.088 0.069 0.181 1.461 0.543 0.395 0.342 0.304 0.373 0.437 0.586 0.849 1.892 -9999.000 -9999.000 -9999.000 -9999.000 -9999.000
-9999.000 -9999.000 -9999.000 -9999.000 -9999.000 -9999.000 -9999.000 -9999.000 -9999.000 -9999.000 -9999.000 -9999.000 -9999.000 -9999.000 -9999.000 -9999.000 11.471 6.916 5.202 4.143 3.615 3.308 3.066 2.923 2.886 2.819 2.559 2.420 2.371 2.256 2.241 2.327 2.452 2.652 1.952 1.816 1.793 1.781 1.800 1.793 1.776 1.752 1.696 1.029 0.407 0.348 0.294 0.248 0.208 0.173 0.143 0.119 0.102 1.264 1.481 1.439 0.450 0.428 0.408 0.443 0.520 0.679 1.148 -9999.000 -9999.000 -9999.000 -9999.000 -9999.000 -9999.000
-9999.000 -9999.000 -9999.000 -9999.000 -9999.000 -9999.000 -9999.000 -9999.000 -9999.000 -9999.000 -9999.000 -9999.000 -9999.000 -9999.000 -9999.000 -9999.000 8.941 6.109 4.853 4.131 3.533 3.213 3.113 3.039 2.891 2.773 2.491 2.437 2.387 2.278 2.293 2.401 2.717 2.673 1.878 1.838 1.817 1.813 1.813 1.781 1.755 1.732 1.701 0.644 0.448 0.389 0.337 0.289 0.248 0.212 0.182 0.158 0.146 1.473 1.493 1.465 1.104 0.519 0.584 0.531 0.644 0.822 1.641 -9999.000 -9999.000 -9999.000 -9999.000 -9999.000 -9999.000
-9999.000 -9999.000 -9999.000 -9999.000 -9999.000 -9999.000 -9999.000 -9999.000 -9999.000 -9999.000 -9999.000 -9999.000 -9999.000 -9999.000 -9999.000 -9999.000 10.189 6.717 4.417 3.563 3.311 3.210 3.098 3.052 2.852 2.731 2.469 2.446 2.395 2.300 2.351 2.610 3.263 2.298 1.961 1.888 1.876 1.842 1.837 1.813 1.781 1.756 1.622 0.564 0.493 0.437 0.384 0.336 0.294 0.258 0.228 0.206 0.288 1.557 1.503 1.457 1.391 0.652 0.778 0.679 0.829 1.053 4.229 -9999.000 -9999.000 -9999.000 -9999.000 -9999.000 -9999.000
-9999.000 -9999.000 -9999.000 -9999.000 -9999.000 -9999.000 -9999.000 -9999.000 -9999.000 -9999.000 -9999.000 -9999.000 -9999.000 -9999.000 -9999.000 -9999.000 10.255 6.978 3.939 3.502 3.349 3.217 3.051 3.007 2.810 2.664 2.469 2.449 2.395 2.323 2.412 2.882 3.616 2.173 2.002 1.965 1.950 1.868 1.863 1.986 1.931 1.836 1.508 0.583 0.534 0.485 0.435 0.389 0.348 0.312 0.283 0.263 0.823 1.559 1.496 1.456 1.349 1.276 0.939 0.941 1.001 1.511 -9999.000 -9999.000 -9999.000 -9999.000 -9999.000 -9999.000 -9999.000
