LISFLOOD/results/run4.mxe
ncols         83
nrows         62
xllcorner     341179.518085
yllcorner     4516699.658735
cellsize      50.000000
NODATA_value  -9999.000000
[rows 28 to 55 of 62, columns 0 to 63 of 83]
-9999.000 -9999.000 -9999.000 -9999.000 -9999.000 -9999.000 -9999.000 -9999.000 -9999.000 -9999.000 -9999.000 -9999.000 -9999.000 -9999.000 145.838 145.838 145.838 145.838 145.838 145.839 145.840 145.842 145.844 145.846 145.848 145.850 145.852 145.854 145.856 145.858 145.860 145.862 145.863 145.865 145.867 145.869 145.871 145.873 145.875 145.878 145.880 145.883 145.885 145.888 145.891 145.895 145.898 145.902 145.906 145.911 145.916 145.921 145.927 145.933 145.940 145.947 145.955 145.964 145.973 145.984 145.996 146.009 146.022 146.046
-9999.000 -9999.000 -9999.000 -9999.000 -9999.000 -9999.000 -9999.000 -9999.000 -9999.000 -9999.000 -9999.000 -9999.000 -9999.000 -9999.000 145.837 145.837 145.836 145.836 145.835 145.835 145.836 145.837 145.838 145.840 145.842 145.844 145.845 145.847 145.849 145.850 145.852 145.853 145.855 145.856 145.858 145.860 145.861 145.863 145.865 145.866 145.868 145.870 145.872 145.875 145.877 145.880 145.883 145.886 145.889 145.893 145.897 145.901 145.906 145.911 145.916 145.923 145.929 145.937 145.945 145.954 145.965 145.979 145.996 146.015
-9999.000 -9999.000 -9999.000 -9999.000 -9999.000 -9999.000 -9999.000 -9999.000 -9999.000 -9999.000 -9999.000 -9999.000 -9999.000 -9999.000 -9999.000 145.836 145.835 145.833 145.832 145.831 145.831 145.832 145.833 145.834 145.836 145.837 145.839 145.840 145.841 145.843 145.844 145.845 145.846 145.848 145.849 145.850 145.851 145.852 145.854 145.855 145.856 145.858 145.859 145.861 145.863 145.865 145.867 145.869 145.871 145.874 145.877 145.881 145.884 145.888 145.893 145.898 145.903 145.909 145.916 145.923 145.932 145.944 145.968 145.986
-9999.000 -9999.000 -9999.000 -9999.000 -9999.000 -9999.000 -9999.000 -9999.000 -9999.000 -9999.000 -9999.000 -9999.000 -9999.000 -9999.000 -9999.000 -9999.000 145.833 145.832 145.828 145.827 145.826 145.827 145.828 145.829 145.830 145.831 145.832 145.833 145.834 145.835 145.836 145.837 145.838 145.839 145.840 145.840 145.841 145.842 145.843 145.843 145.844 145.845 145.846 145.847 145.848 145.849 145.851 145.852 145.854 145.855 145.858 145.860 145.862 145.865 145.869 145.872 145.876 145.881 145.886 145.891 145.895 145.918 145.938 145.957
-9999.000 -9999.000 -9999.000 -9999.000 -9999.000 -9999.000 -9999.000 -9999.000 -9999.000 -9999.000 -9999.000 -9999.000 -9999.000 -9999.000 -9999.000 -9999.000 -9999.000 -9999.000 145.822 145.821 145.821 145.821 145.822 145.823 145.824 145.824 145.825 145.826 145.827 145.828 145.828 145.829 145.829 145.830 145.830 145.831 145.831 145.831 145.832 145.832 145.832 145.833 145.833 145.833 145.834 145.834 145.834 145.835 145.836 145.837 145.838 145.839 145.840 145.842 145.844 145.846 145.849 145.852 145.855 145.859 145.870 145.890 145.910 145.928
-9999.000 -9999.000 -9999.000 -9999.000 -9999.000 -9999.000 -9999.000 -9999.000 -9999.000 -9999.000 -9999.000 -9999.000 -9999.000 -9999.000 -9999.000 -9999.000 -9999.000 -9999.000 145.813 145.814 145.815 145.815 145.816 145.817 145.817 145.818 145.819 145.819 145.820 145.820 145.821 145.821 145.821 145.821 145.821 145.821 145.821 145.821 145.821 145.821 145.820 145.820 145.820 145.819 145.819 145.819 145.818 145.818 145.818 145.817 145.817 145.818 145.818 145.818 145.819 145.820 145.821 145.823 145.823 145.822 145.843 145.863 145.882 145.900
-9999.000 -9999.000 -9999.000 -9999.000 -9999.000 -9999.000 -9999.000 -9999.000 -9999.000 -9999.000 -9999.000 -9999.000 -9999.000 -9999.000 -9999.000 145.795 145.796 145.799 145.803 145.807 145.808 145.809 145.810 145.811 145.811 145.812 145.812 145.812 145.813 145.813 145.813 145.813 145.813 145.813 145.812 145.812 145.811 145.811 145.810 145.809 145.808 145.808 145.807 145.805 145.804 145.803 145.802 145.801 145.799 145.798 145.797 145.796 145.795 145.795 145.794 145.794 145.794 145.794 145.794 145.796 145.817 145.836 145.855 145.873
-9999.000 -9999.000 -9999.000 -9999.000 -9999.000 -9999.000 -9999.000 -9999.000 -9999.000 -9999.000 -9999.000 -9999.000 -9999.000 -9999.000 145.792 145.793 145.795 145.797 145.799 145.801 145.803 145.804 145.804 145.805 145.805 145.806 145.806 145.806 145.806 145.806 145.805 145.805 145.805 145.804 145.803 145.803 145.802 145.801 145.799 145.798 145.797 145.795 145.793 145.792 145.790 145.788 145.786 145.783 145.781 145.779 145.777 145.775 145.773 145.771 145.769 145.767 145.766 145.765 145.764 145.777 145.793 145.811 145.828 145.846
-9999.000 -9999.000 -9999.000 -9999.000 -9999.000 -9999.000 -9999.000 -9999.000 -9999.000 -9999.000 -9999.000 -9999.000 145.790 145.790 145.791 145.792 145.793 145.794 145.796 145.797 145.798 145.799 145.799 145.799 145.799 145.799 145.799 145.799 145.799 145.798 145.798 145.797 145.797 145.796 145.795 145.793 145.792 145.790 145.789 145.787 145.785 145.783 145.780 145.778 145.775 145.772 145.769 145.766 145.763 145.760 145.756 145.753 145.750 145.746 145.743 145.741 145.738 145.738 145.739 145.753 145.769 145.785 145.802 145.818
-9999.000 -9999.000 -9999.000 -9999.000 -9999.000 -9999.000 -9999.000 -9999.000 -9999.000 -9999.000 145.789 145.789 145.789 145.790 145.790 145.790 145.791 145.791 145.792 145.793 145.793 145.794 145.794 145.794 145.794 145.793 145.793 145.793 145.792 145.792 145.791 145.790 145.789 145.787 145.786 145.784 145.783 145.781 145.778 145.776 145.773 145.771 145.768 145.764 145.761 145.757 145.753 145.749 145.745 145.740 145.736 145.731 145.727 145.722 145.717 145.713 145.709 145.707 145.714 145.729 145.744 145.759 145.775 145.791
-9999.000 -9999.000 -9999.000 -9999.000 -9999.000 -9999.000 -9999.000 -9999.000 -9999.000 145.789 145.789 145.789 145.789 145.789 145.789 145.789 145.789 145.789 145.789 145.789 145.789 145.789 145.789 145.788 145.788 145.788 145.787 145.786 145.786 145.785 145.784 145.782 145.781 145.779 145.778 145.776 145.773 145.771 145.768 145.765 145.762 145.759 145.755 145.751 145.747 145.742 145.738 145.732 145.727 145.721 145.716 145.710 145.704 145.697 145.691 145.685 145.678 145.667 145.687 145.703 145.718 145.733 145.748 145.763
-9999.000 -9999.000 -9999.000 -9999.000 -9999.000 -9999.000 -9999.000 -9999.000 -9999.000 145.789 145.789 145.789 145.789 145.789 145.788 145.788 145.787 145.786 145.785 145.785 145.784 145.784 145.783 145.783 145.783 145.782 145.781 145.780 145.779 145.778 145.777 145.775 145.773 145.772 145.769 145.767 145.764 145.762 145.758 145.755 145.751 145.747 145.743 145.738 145.733 145.728 145.722 145.716 145.709 145.703 145.695 145.688 145.681 145.673 145.665 145.658 145.651 145.644 145.661 145.678 145.693 145.708 145.722 145.735
-9999.000 -9999.000 -9999.000 -9999.000 -9999.000 -9999.000 -9999.000 145.788 145.788 145.788 145.789 145.789 145.788 145.788 145.788 145.787 145.785 145.783 145.782 145.781 145.780 145.779 145.779 145.778 145.777 145.776 145.775 145.774 145.773 145.772 145.770 145.768 145.766 145.764 145.761 145.759 145.756 145.752 145.749 145.745 145.741 145.736 145.731 145.726 145.720 145.714 145.707 145.700 145.692 145.684 145.676 145.667 145.658 145.648 145.639 145.631 145.624 145.620 145.637 145.653 145.668 145.683 145.696 145.708
-9999.000 -9999.000 -9999.000 -9999.000 -9999.000 -9999.000 -9999.000 -9999.000 -9999.000 -9999.000 -9999.000 -9999.000 -9999.000 -9999.000 -9999.000 -9999.000 145.782 145.780 145.778 145.776 145.775 145.774 145.774 145.773 145.772 145.771 145.770 145.769 145.767 145.765 145.764 145.761 145.759 145.757 145.754 145.751 145.747 145.744 145.740 145.735 145.730 145.725 145.720 145.713 145.707 145.700 145.692 145.684 145.675 145.666 145.656 145.646 145.635 145.624 145.613 145.602 145.593 145.596 145.613 145.629 145.644 145.658 145.671 145.683
-9999.000 -9999.000 -9999.000 -9999.000 -9999.000 -9999.000 -9999.000 -9999.000 -9999.000 -9999.000 -9999.000 -9999.000 -9999.000 -9999.000 -9999.000 -9999.000 -9999.000 145.776 145.773 145.771 145.770 145.770 145.769 145.768 145.767 145.766 145.764 145.763 145.761 145.759 145.757 145.755 145.752 145.750 145.746 145.743 145.739 145.735 145.731 145.726 145.720 145.715 145.709 145.702 145.694 145.687 145.678 145.669 145.659 145.648 145.637 145.625 145.612 145.599 145.586 145.571 145.551 145.570 145.589 145.606 145.622 145.636 145.648 145.659
-9999.000 -9999.000 -9999.000 -9999.000 -9999.000 -9999.000 -9999.000 -9999.000 -9999.000 -9999.000 -9999.000 -9999.000 -9999.000 -9999.000 -9999.000 -9999.000 -9999.000 145.771 145.767 145.766 145.766 145.765 145.764 145.763 145.762 145.761 145.759 145.758 145.756 145.754 145.751 145.749 145.746 145.743 145.739 145.736 145.732 145.727 145.722 145.717 145.711 145.705 145.698 145.691 145.683 145.674 145.665 145.654 145.643 145.631 145.618 145.605 145.590 145.575 145.560 145.545 145.529 145.549 145.567 145.584 145.600 145.614 145.627 145.638
-9999.000 -9999.000 -9999.000 -9999.000 -9999.000 -9999.000 -9999.000 -9999.000 -9999.000 -9999.000 -9999.000 -9999.000 -9999.000 -9999.000 -9999.000 -9999.000 -9999.000 -9999.000 145.761 145.761 145.761 145.760 145.759 145.758 145.757 145.756 145.754 145.752 145.750 145.748 145.746 145.743 145.740 145.736 145.733 145.729 145.724 145.719 145.714 145.708 145.702 145.696 145.688 145.680 145.672 145.662 145.652 145.641 145.629 145.615 145.601 145.585 145.569 145.552 145.534 145.519 145.507 145.527 145.547 145.564 145.580 145.595 145.607 145.618
-9999.000 -9999.000 -9999.000 -9999.000 -9999.000 -9999.000 -9999.000 -9999.000 -9999.000 -9999.000 -9999.000 -9999.000 -9999.000 -9999.000 -9999.000 -9999.000 -9999.000 145.754 145.756 145.756 145.756 145.756 145.755 145.754 145.753 145.751 145.749 145.748 145.745 145.743 145.740 145.737 145.734 145.730 145.726 145.722 145.717 145.712 145.707 145.701 145.694 145.687 145.679 145.671 145.661 145.651 145.640 145.628 145.615 145.600 145.584 145.567 145.548 145.528 145.507 145.489 145.485 145.507 145.528 145.546 145.563 145.577 145.589 145.600
-9999.000 -9999.000 -9999.000 -9999.000 -9999.000 -9999.000 -9999.000 -9999.000 -9999.000 -9999.000 -9999.000 -9999.000 -9999.000 -9999.000 -9999.000 -9999.000 145.751 145.751 145.752 145.752 145.752 145.752 145.751 145.750 145.748 145.747 145.745 145.743 145.741 145.738 145.735 145.732 145.728 145.725 145.720 145.716 145.711 145.705 145.700 145.693 145.686 145.679 145.671 145.662 145.652 145.641 145.630 145.617 145.603 145.587 145.569 145.550 145.529 145.505 145.478 145.444 145.461 145.489 145.511 145.530 145.547 145.561 145.573 145.583
-9999.000 -9999.000 -9999.000 -9999.000 -9999.000 -9999.000 -9999.000 -9999.000 -9999.000 -9999.000 -9999.000 -9999.000 -9999.000 -9999.000 -9999.000 -9999.000 -9999.000 145.748 145.749 145.749 145.748 145.748 145.747 145.746 145.744 145.743 145.741 145.739 145.736 145.733 145.730 145.727 145.723 145.719 145.715 145.710 145.705 145.699 145.693 145.686 145.679 145.671 145.663 145.653 145.643 145.632 145.620 145.607 145.592 145.575 145.556 145.535 145.512 145.485 145.456 145.425 145.450 145.476 145.498 145.517 145.533 145.546 145.558 145.567
-9999.000 -9999.000 -9999.000 -9999.000 -9999.000 -9999.000 -9999.000 -9999.000 -9999.000 -9999.000 -9999.000 -9999.000 -9999.000 -9999.000 -9999.000 -9999.000 -9999.000 145.746 145.745 145.745 145.745 145.744 145.743 145.742 145.741 145.739 145.737 145.735 145.732 145.729 145.726 145.722 145.719 145.714 145.710 145.705 145.699 145.693 145.687 145.680 145.673 145.665 145.656 145.646 145.636 145.624 145.612 145.598 145.583 145.565 145.546 145.523 145.497 145.468 145.436 145.406 145.439 145.466 145.489 145.507 145.522 145.534 145.545 145.552
-9999.000 -9999.000 -9999.000 -9999.000 -9999.000 -9999.000 -9999.000 -9999.000 -9999.000 -9999.000 -9999.000 -9999.000 -9999.000 -9999.000 -9999.000 -9999.000 -9999.000 145.743 145.743 145.742 145.742 145.741 145.740 145.739 145.737 145.735 145.733 145.731 145.728 145.725 145.722 145.718 145.714 145.710 145.705 145.700 145.694 145.688 145.682 145.675 145.667 145.659 145.650 145.640 145.629 145.618 145.605 145.591 145.575 145.558 145.538 145.515 145.487 145.453 145.414 145.390 145.433 145.461 145.483 145.500 145.514 145.525 145.534 145.540
-9999.000 -9999.000 -9999.000 -9999.000 -9999.000 -9999.000 -9999.000 -9999.000 -9999.000 -9999.000 -9999.000 -9999.000 -9999.000 -9999.000 -9999.000 -9999.000 -9999.000 145.740 145.740 145.739 145.739 145.738 145.737 145.736 145.734 145.732 145.730 145.727 145.725 145.721 145.718 145.714 145.710 145.706 145.701 145.695 145.690 145.683 145.677 145.669 145.662 145.653 145.644 145.634 145.624 145.612 145.599 145.586 145.570 145.553 145.534 145.511 145.482 145.443 145.376 145.413 145.441 145.464 145.482 145.496 145.508 145.518 145.525 145.531
-9999.000 -9999.000 -9999.000 -9999.000 -9999.000 -9999.000 -9999.000 -9999.000 -9999.000 -9999.000 -9999.000 -9999.000 -9999.000 -9999.000 -9999.000 -9999.000 -9999.000 145.737 145.737 145.737 145.736 145.735 145.734 145.733 145.731 145.729 145.727 145.724 145.721 145.718 145.715 145.711 145.707 145.702 145.697 145.691 145.686 145.679 145.672 145.665 145.657 145.649 145.639 145.630 145.619 145.608 145.595 145.582 145.567 145.551 145.532 145.512 145.489 145.462 145.437 145.443 145.457 145.471 145.484 145.495 145.505 145.513 145.519 145.524
-9999.000 -9999.000 -9999.000 -9999.000 -9999.000 -9999.000 -9999.000 -9999.000 -9999.000 -9999.000 -9999.000 -9999.000 -9999.000 -9999.000 -9999.000 -9999.000 -9999.000 145.735 145.735 145.734 145.734 145.733 145.732 145.730 145.729 145.726 145.724 145.721 145.719 145.715 145.712 145.708 145.703 145.699 145.693 145.688 145.682 145.676 145.669 145.661 145.653 145.645 145.636 145.626 145.615 145.604 145.592 145.579 145.565 145.550 145.534 145.516 145.498 145.480 145.467 145.465 145.471 145.479 145.488 145.496 145.503 145.509 145.514 145.518
-9999.000 -9999.000 -9999.000 -9999.000 -9999.000 -9999.000 -9999.000 -9999.000 -9999.000 -9999.000 -9999.000 -9999.000 -9999.000 -9999.000 -9999.000 -9999.000 145.732 145.733 145.733 145.732 145.732 145.731 145.730 145.728 145.726 145.724 145.722 145.719 145.716 145.713 145.709 145.705 145.700 145.696 145.690 145.685 145.679 145.672 145.665 145.658 145.650 145.641 145.632 145.623 145.612 145.601 145.590 145.577 145.564 145.550 145.536 145.521 145.507 145.494 145.485 145.481 145.483 145.487 145.492 145.497 145.503 145.507 145.511 145.513
-9999.000 -9999.000 -9999.000 -9999.000 -9999.000 -9999.000 -9999.000 -9999.000 -9999.000 -9999.000 -9999.000 -9999.000 -9999.000 -9999.000 -9999.000 -9999.000 145.731 145.731 145.731 145.731 145.730 145.729 145.728 145.726 145.724 145.722 145.720 145.717 145.714 145.710 145.707 145.703 145.698 145.693 145.688 145.682 145.676 145.670 145.663 145.655 145.647 145.639 145.630 145.620 145.610 145.599 145.588 145.576 145.564 145.552 145.539 145.526 145.514 145.504 145.496 145.492 145.492 145.493 145.496 145.499 145.503 145.506 145.508 145.510
-9999.000 -9999.000 -9999.000 -9999.000 -9999.000 -9999.000 -9999.000 -9999.000 -9999.000 -9999.000 -9999.000 -9999.000 -9999.000 -9999.000 -9999.000 -9999.000 145.730 145.730 145.730 145.729 145.729 145.728 145.726 145.725 145.723 145.721 145.718 145.715 145.712 145.709 145.705 145.701 145.696 145.691 145.686 145.680 145.674 145.667 145.660 145.653 145.645 145.636 145.627 145.618 145.608 145.598 145.587 145.576 145.564 145.553 145.541 145.530 145.520 145.511 145.505 145.500 145.498 145.498 145.499 145.501 145.503 145.505 145.507 145.508
