LISFLOOD/results/run5.inittm
ncols         413
nrows         307
xllcorner     341179.518085
yllcorner     4516729.658735
cellsize      10.000000
NODATA_value  -9999.000000
[rows 0 to 28 of 307, columns 325 to 389 of 413]
-9999.000 -9999.000 -9999.000 -9999.000 -9999.000 -9999.000 -9999.000 -9999.000 -9999.000 -9999.000 -9999.000 -9999.000 -9999.000 -9999.000 -9999.000 -9999.000 -9999.000 -9999.000 -9999.000 -9999.000 -9999.000 -9999.000 -9999.000 -9999.000 -9999.000 -9999.000 -9999.000 -9999.000 -9999.000 -9999.000 -9999.000 -9999.000 -9999.000 -9999.000 -9999.000 -9999.000 -9999.000 -9999.000 -9999.000 -9999.000 -9999.000 -9999.000 -9999.000 -9999.000 -9999.000 -9999.000 -9999.000 -9999.000 -9999.000 -9999.000 -9999.000 -9999.000 -9999.000 -9999.000 -9999.000 -9999.000 -9999.000 -9999.000 -9999.000 -9999.000 -9999.000 -9999.000 -9999.000 -9999.000 -9999.000
-9999.000 -9999.000 -9999.000 -9999.000 -9999.000 -9999.000 -9999.000 -9999.000 -9999.000 -9999.000 -9999.000 -9999.000 -9999.000 -9999.000 -9999.000 -9999.000 -9999.000 -9999.000 -9999.000 -9999.000 -9999.000 -9999.000 -9999.000 -9999.000 -9999.000 -9999.000 -9999.000 -9999.000 -9999.000 -9999.000 -9999.000 -9999.000 -9999.000 -9999.000 -9999.000 -9999.000 -9999.000 -9999.000 -9999.000 -9999.000 -9999.000 -9999.000 -9999.000 -9999.000 -9999.000 -9999.000 -9999.000 -9999.000 -9999.000 -9999.000 -9999.000 -9999.000 -9999.000 -9999.000 -9999.000 -9999.000 -9999.000 -9999.000 -9999.000 -9999.000 -9999.000 -9999.000 -9999.000 -9999.000 -9999.000
-9999.000 -9999.000 -9999.000 -9999.000 -9999.000 -9999.000 -9999.000 -9999.000 -9999.000 -9999.000 -9999.000 -9999.000 -9999.000 -9999.000 -9999.000 -9999.000 -9999.000 -9999.000 -9999.000 -9999.000 -9999.000 -9999.000 -9999.000 -9999.000 -9999.000 -9999.000 -9999.000 -9999.000 -9999.000 -9999.000 -9999.000 -9999.000 -9999.000 -9999.000 -9999.000 -9999.000 -9999.000 -9999.000 -9999.000 -9999.000 -9999.000 -9999.000 -9999.000 -9999.000 -9999.000 -9999.000 -9999.000 -9999.000 -9999.000 -9999.000 -9999.000 -9999.000 -9999.000 -9999.000 -9999.000 -9999.000 -9999.000 -9999.000 -9999.000 -9999.000 -9999.000 -9999.000 -9999.000 -9999.000 -9999.000
-9999.000 -9999.000 -9999.000 -9999.000 -9999.000 -9999.000 -9999.000 -9999.000 -9999.000 -9999.000 -9999.000 -9999.000 -9999.000 -9999.000 -9999.000 -9999.000 -9999.000 -9999.000 -9999.000 -9999.000 -9999.000 -9999.000 -9999.000 -9999.000 -9999.000 -9999.000 -9999.000 -9999.000 -9999.000 -9999.000 -9999.000 -9999.000 -9999.000 -9999.000 -9999.000 -9999.000 -9999.000 -9999.000 -9999.000 -9999.000 -9999.000 -9999.000 -9999.000 -9999.000 -9999.000 -9999.000 -9999.000 -9999.000 -9999.000 -9999.000 -9999.000 -9999.000 -9999.000 -9999.000 -9999.000 -9999.000 -9999.000 -9999.000 -9999.000 -9999.000 -9999.000 -9999.000 -9999.000 -9999.000 -9999.000
-9999.000 -9999.000 -9999.000 -9999.000 -9999.000 -9999.000 -9999.000 -9999.000 -9999.000 -9999.000 -9999.000 -9999.000 -9999.000 -9999.000 -9999.000 -9999.000 -9999.000 -9999.000 -9999.000 -9999.000 -9999.000 -9999.000 -9999.000 -9999.000 -9999.000 -9999.000 -9999.000 -9999.000 -9999.000 -9999.000 -9999.000 -9999.000 -9999.000 -9999.000 -9999.000 -9999.000 -9999.000 -9999.000 -9999.000 -9999.000 -9999.000 -9999.000 -9999.000 -9999.000 -9999.000 -9999.000 -9999.000 -9999.000 -9999.000 -9999.000 -9999.000 -9999.000 -9999.000 -9999.000 -9999.000 -9999.000 -9999.000 -9999.000 -9999.000 -9999.000 -9999.000 -9999.000 -9999.000 -9999.000 -9999.000
-9999.000 -9999.000 -9999.000 -9999.000 -9999.000 -9999.000 -9999.000 -9999.000 -9999.000 -9999.000 -9999.000 -9999.000 -9999.000 -9999.000 -9999.000 -9999.000 -9999.000 -9999.000 -9999.000 -9999.000 -9999.000 -9999.000 -9999.000 -9999.000 -9999.000 -9999.000 -9999.000 -9999.000 -9999.000 -9999.000 -9999.000 -9999.000 -9999.000 -9999.000 -9999.000 -9999.000 -9999.000 -9999.000 -9999.000 -9999.000 -9999.000 -9999.000 -9999.000 -9999.000 -9999.000 -9999.000 -9999.000 -9999.000 -9999.000 -9999.000 -9999.000 -9999.000 -9999.000 -9999.000 -9999.000 -9999.000 -9999.000 -9999.000 -9999.000 -9999.000 -9999.000 -9999.000 -9999.000 -9999.000 -9999.000
-9999.000 -9999.000 -9999.000 -9999.000 -9999.000 -9999.000 -9999.000 -9999.000 -9999.000 -9999.000 -9999.000 -9999.000 -9999.000 -9999.000 -9999.000 -9999.000 -9999.000 -9999.000 -9999.000 -9999.000 -9999.000 -9999.000 -9999.000 -9999.000 -9999.000 -9999.000 -9999.000 -9999.000 -9999.000 -9999.000 -9999.000 -9999.000 -9999.000 -9999.000 -9999.000 -9999.000 -9999.000 -9999.000 -9999.000 -9999.000 -9999.000 -9999.000 -9999.000 -9999.000 -9999.000 -9999.000 -9999.000 -9999.000 -9999.000 -9999.000 -9999.000 -9999.000 -9999.000 -9999.000 -9999.000 -9999.000 -9999.000 -9999.000 -9999.000 -9999.000 -9999.000 -9999.000 -9999.000 -9999.000 -9999.000
-9999.000 -9999.000 -9999.000 -9999.000 -9999.000 -9999.000 -9999.000 -9999.000 -9999.000 -9999.000 -9999.000 -9999.000 -9999.000 -9999.000 -9999.000 -9999.000 -9999.000 -9999.000 -9999.000 -9999.000 -9999.000 -9999.000 -9999.000 -9999.000 -9999.000 -9999.000 -9999.000 -9999.000 -9999.000 -9999.000 -9999.000 -9999.000 -9999.000 -9999.000 -9999.000 -9999.000 -9999.000 -9999.000 -9999.000 -9999.000 -9999.000 -9999.000 -9999.000 -9999.000 -9999.000 -9999.000 -9999.000 -9999.000 -9999.000 -9999.000 -9999.000 -9999.000 -9999.000 -9999.000 -9999.000 -9999.000 -9999.000 -9999.000 -9999.000 -9999.000 -9999.000 -9999.000 -9999.000 -9999.000 -9999.000
-9999.000 -9999.000 -9999.000 -9999.000 -9999.000 -9999.000 -9999.000 -9999.000 -9999.000 -9999.000 -9999.000 -9999.000 -9999.000 -9999.000 -9999.000 -9999.000 -9999.000 -9999.000 -9999.000 -9999.000 -9999.000 -9999.000 -9999.000 -9999.000 -9999.000 -9999.000 -9999.000 -9999.000 -9999.000 -9999.000 -9999.000 -9999.000 -9999.000 -9999.000 -9999.000 -9999.000 -9999.000 -9999.000 -9999.000 -9999.000 -9999.000 -9999.000 -9999.000 -9999.000 -9999.000 -9999.000 -9999.000 -9999.000 -9999.000 -9999.000 -9999.000 -9999.000 -9999.000 -9999.000 -9999.000 -9999.000 -9999.000 -9999.000 -9999.000 -9999.000 -9999.000 -9999.000 -9999.000 -9999.000 -9999.000
-9999.000 -9999.000 -9999.000 -9999.000 -9999.000 -9999.000 -9999.000 -9999.000 -9999.000 -9999.000 -9999.000 -9999.000 -9999.000 -9999.000 -9999.000 -9999.000 -9999.000 -9999.000 -9999.000 -9999.000 -9999.000 -9999.000 -9999.000 -9999.000 -9999.000 -9999.000 -9999.000 -9999.000 -9999.000 -9999.000 -9999.000 -9999.000 -9999.000 -9999.000 -9999.000 -9999.000 -9999.000 -9999.000 -9999.000 -9999.000 -9999.000 -9999.000 -9999.000 -9999.000 -9999.000 -9999.000 -9999.000 -9999.000 -9999.000 -9999.000 -9999.000 -9999.000 -9999.000 -9999.000 -9999.000 -9999.000 -9999.000 -9999.000 -9999.000 -9999.000 -9999.000 -9999.000 -9999.000 -9999.000 -9999.000
-9999.000 -9999.000 -9999.000 -9999.000 -9999.000 -9999.000 -9999.000 -9999.000 -9999.000 -9999.000 -9999.000 -9999.000 -9999.000 -9999.000 -9999.000 -9999.000 -9999.000 -9999.000 -9999.000 -9999.000 -9999.000 -9999.000 -9999.000 -9999.000 -9999.000 -9999.000 -9999.000 -9999.000 -9999.000 -9999.000 -9999.000 -9999.000 -9999.000 -9999.000 -9999.000 -9999.000 -9999.000 -9999.000 -9999.000 -9999.000 -9999.000 -9999.000 -9999.000 -9999.000 -9999.000 -9999.000 -9999.000 -9999.000 -9999.000 -9999.000 -9999.000 -9999.000 -9999.000 -9999.000 -9999.000 -9999.000 -9999.000 -9999.000 -9999.000 -9999.000 -9999.000 -9999.000 -9999.000 -9999.000 -9999.000
-9999.000 -9999.000 -9999.000 -9999.000 -9999.000 -9999.000 -9999.000 -9999.000 -9999.000 -9999.000 -9999.000 -9999.000 -9999.000 -9999.000 -9999.000 -9999.000 -9999.000 -9999.000 -9999.000 -9999.000 -9999.000 -9999.000 -9999.000 -9999.000 -9999.000 -9999.000 -9999.000 -9999.000 -9999.000 -9999.000 -9999.000 -9999.000 -9999.000 -9999.000 -9999.000 -9999.000 -9999.000 -9999.000 -9999.000 -9999.000 -9999.000 -9999.000 -9999.000 -9999.000 -9999.000 -9999.000 -9999.000 -9999.000 -9999.000 -9999.000 -9999.000 -9999.000 -9999.000 -9999.000 -9999.000 -9999.000 -9999.000 -9999.000 -9999.000 -9999.000 -9999.000 -9999.000 -9999.000 -9999.000 -9999.000
0.404 0.392 0.381 0.369 0.359 0.352 0.343 0.335 0.328 0.321 0.315 0.309 0.306 0.302 0.299 0.298 0.297 0.297 0.298 0.301 0.305 0.308 0.327 0.471 1.344 1.896 1.951 2.037 2.071 2.109 2.148 2.184 2.166 2.004 1.918 1.700 1.673 1.785 2.046 -9999.000 -9999.000 -9999.000 -9999.000 -9999.000 -9999.000 -9999.000 -9999.000 -9999.000 -9999.000 -9999.000 -9999.000 -9999.000 -9999.000 -9999.000 -9999.000 -9999.000 -9999.000 -9999.000 -9999.000 -9999.000 -9999.000 -9999.000 -9999.000 -9999.000 -9999.000
0.384 0.372 0.360 0.349 0.338 0.329 0.320 0.312 0.304 0.300 0.294 0.289 0.284 0.280 0.277 0.276 0.274 0.274 0.276 0.278 0.284 0.290 0.314 0.684 1.584 1.894 1.986 2.018 2.046 2.076 2.104 2.127 1.969 1.751 1.655 1.594 1.633 1.685 1.728 1.474 0.806 0.496 0.462 0.477 0.492 0.509 0.529 0.547 0.566 0.587 0.608 0.636 0.661 0.687 0.715 0.744 0.773 0.804 0.839 0.869 0.899 0.928 0.963 0.992 1.022
0.364 0.352 0.340 0.329 0.318 0.309 0.300 0.292 0.284 0.278 0.272 0.266 0.264 0.260 0.257 0.254 0.253 0.253 0.254 0.256 0.262 0.272 0.346 0.966 1.713 1.878 1.945 1.971 1.999 2.024 2.047 1.937 1.616 1.481 1.487 1.510 1.653 1.689 1.447 0.806 0.455 0.428 0.441 0.456 0.475 0.493 0.513 0.538 0.559 0.582 0.606 0.630 0.655 0.686 0.714 0.744 0.774 0.804 0.834 0.869 0.898 0.928 0.957 0.991 1.021
0.344 0.332 0.321 0.309 0.299 0.289 0.281 0.273 0.265 0.258 0.253 0.247 0.242 0.238 0.235 0.234 0.233 0.232 0.233 0.235 0.241 0.255 0.457 1.234 1.715 1.836 1.859 1.881 1.908 1.931 1.862 1.603 1.383 1.409 1.438 1.480 1.536 1.391 0.749 0.432 0.394 0.409 0.423 0.439 0.459 0.479 0.499 0.522 0.549 0.574 0.600 0.627 0.654 0.681 0.714 0.744 0.774 0.804 0.834 0.863 0.898 0.927 0.956 0.985 1.018
0.326 0.313 0.302 0.291 0.281 0.271 0.262 0.254 0.247 0.240 0.234 0.229 0.224 0.220 0.217 0.214 0.212 0.210 0.213 0.214 0.223 0.239 0.637 1.467 1.675 1.772 1.772 1.799 1.827 1.813 1.493 1.309 1.331 1.369 1.416 1.473 1.347 0.696 0.412 0.365 0.377 0.392 0.407 0.424 0.446 0.466 0.487 0.511 0.536 0.567 0.594 0.623 0.652 0.681 0.710 0.744 0.774 0.804 0.834 0.863 0.892 0.926 0.954 0.983 1.012
0.307 0.295 0.283 0.273 0.262 0.253 0.244 0.236 0.229 0.223 0.217 0.212 0.207 0.203 0.199 0.196 0.194 0.192 0.191 0.192 0.206 0.226 0.832 1.478 1.627 1.699 1.689 1.702 1.717 1.479 1.170 1.224 1.262 1.298 1.348 1.283 0.661 0.394 0.338 0.348 0.361 0.374 0.393 0.411 0.430 0.454 0.476 0.501 0.528 0.556 0.591 0.621 0.651 0.681 0.711 0.741 0.776 0.805 0.834 0.863 0.892 0.919 0.952 0.980 1.008
0.290 0.278 0.266 0.255 0.245 0.236 0.227 0.219 0.212 0.206 0.200 0.195 0.191 0.187 0.183 0.180 0.177 0.175 0.174 0.173 0.190 0.338 1.097 1.430 1.527 1.557 1.562 1.560 1.509 1.177 1.078 1.151 1.193 1.236 1.098 0.613 0.373 0.312 0.320 0.331 0.346 0.361 0.381 0.399 0.420 0.442 0.468 0.494 0.523 0.553 0.585 0.621 0.651 0.682 0.712 0.743 0.772 0.806 0.834 0.862 0.891 0.918 0.945 0.977 1.004
0.273 0.261 0.249 0.238 0.228 0.219 0.210 0.202 0.196 0.189 0.184 0.179 0.176 0.172 0.168 0.165 0.162 0.159 0.158 0.157 0.179 0.579 1.255 1.371 1.377 1.373 1.382 1.383 1.205 1.008 1.042 1.074 1.112 0.897 0.516 0.330 0.284 0.293 0.305 0.318 0.334 0.349 0.368 0.391 0.412 0.436 0.465 0.493 0.522 0.554 0.586 0.617 0.653 0.684 0.715 0.746 0.774 0.802 0.834 0.861 0.888 0.915 0.942 0.969 0.999
0.255 0.243 0.231 0.222 0.212 0.203 0.194 0.187 0.179 0.174 0.169 0.164 0.161 0.158 0.154 0.151 0.147 0.144 0.143 0.142 0.224 0.801 1.220 1.310 1.224 1.204 1.229 1.179 0.919 0.916 0.949 0.978 0.843 0.448 0.267 0.258 0.267 0.279 0.291 0.305 0.322 0.342 0.367 0.399 0.423 0.447 0.471 0.496 0.528 0.559 0.591 0.622 0.652 0.683 0.719 0.749 0.777 0.804 0.829 0.859 0.885 0.911 0.937 0.963 0.989
0.240 0.228 0.216 0.205 0.195 0.186 0.179 0.171 0.164 0.159 0.154 0.151 0.147 0.144 0.141 0.138 0.134 0.130 0.128 0.127 0.263 0.769 1.176 1.176 1.066 1.066 1.045 0.915 0.802 0.823 0.848 0.798 0.452 0.246 0.233 0.243 0.253 0.264 0.279 0.294 0.317 0.361 0.443 0.521 0.550 0.524 0.497 0.518 0.547 0.574 0.603 0.632 0.661 0.691 0.726 0.753 0.779 0.804 0.829 0.857 0.881 0.906 0.931 0.957 0.981
0.226 0.213 0.202 0.191 0.181 0.171 0.163 0.155 0.149 0.143 0.138 0.135 0.133 0.132 0.130 0.126 0.121 0.116 0.113 0.114 0.267 0.718 1.096 0.974 0.948 0.913 0.768 0.706 0.719 0.738 0.708 0.459 0.253 0.211 0.219 0.228 0.240 0.252 0.268 0.289 0.358 0.501 0.661 0.712 0.734 0.628 0.525 0.543 0.570 0.594 0.619 0.646 0.674 0.702 0.732 0.756 0.779 0.803 0.827 0.853 0.876 0.899 0.923 0.948 0.972
0.212 0.200 0.188 0.177 0.167 0.157 0.149 0.141 0.134 0.129 0.124 0.122 0.120 0.119 0.118 0.115 0.108 0.101 0.099 0.101 0.264 0.669 0.936 0.816 0.808 0.680 0.611 0.628 0.646 0.632 0.433 0.252 0.191 0.196 0.206 0.216 0.227 0.242 0.262 0.342 0.491 0.622 0.703 0.727 0.748 0.674 0.558 0.570 0.595 0.616 0.639 0.664 0.689 0.713 0.736 0.757 0.778 0.799 0.821 0.846 0.868 0.890 0.913 0.937 0.960
0.199 0.187 0.175 0.164 0.154 0.144 0.136 0.128 0.121 0.115 0.111 0.108 0.106 0.107 0.109 0.106 0.097 0.089 0.088 0.090 0.264 0.627 0.789 0.684 0.612 0.541 0.558 0.574 0.576 0.406 0.242 0.171 0.176 0.184 0.194 0.204 0.217 0.237 0.309 0.476 0.590 0.665 0.688 0.711 0.731 0.709 0.591 0.599 0.621 0.640 0.661 0.679 0.697 0.714 0.734 0.752 0.771 0.791 0.811 0.832 0.857 0.879 0.901 0.924 0.947
0.187 0.174 0.163 0.152 0.141 0.132 0.123 0.116 0.108 0.102 0.098 0.094 0.093 0.093 0.099 0.097 0.088 0.080 0.076 0.079 0.252 0.598 0.631 0.558 0.486 0.482 0.500 0.512 0.386 0.226 0.154 0.156 0.163 0.172 0.183 0.194 0.210 0.283 0.446 0.549 0.591 0.707 0.730 0.739 0.751 0.676 0.614 0.620 0.631 0.646 0.658 0.672 0.687 0.702 0.719 0.740 0.758 0.777 0.798 0.818 0.840 0.866 0.888 0.911 0.932
0.174 0.162 0.151 0.140 0.130 0.120 0.112 0.104 0.097 0.091 0.086 0.082 0.081 0.082 0.089 0.090 0.081 0.072 0.066 0.069 0.239 0.537 0.505 0.451 0.414 0.431 0.444 0.358 0.216 0.138 0.137 0.144 0.153 0.162 0.172 0.185 0.231 0.400 0.521 0.537 0.583 0.747 0.717 0.666 0.688 0.603 0.592 0.599 0.609 0.622 0.638 0.652 0.667 0.683 0.701 0.719 0.739 0.762 0.782 0.803 0.825 0.848 0.870 0.896 0.917
0.163 0.151 0.139 0.128 0.118 0.109 0.101 0.093 0.086 0.080 0.075 0.072 0.069 0.072 0.081 0.089 0.079 0.066 0.058 0.059 0.187 0.433 0.413 0.382 0.376 0.388 0.326 0.207 0.122 0.119 0.126 0.133 0.142 0.152 0.163 0.189 0.318 0.481 0.512 0.524 0.591 0.611 0.621 0.636 0.649 0.564 0.568 0.576 0.587 0.600 0.613 0.632 0.647 0.664 0.682 0.701 0.721 0.742 0.763 0.788 0.809 0.832 0.856 0.878 0.899
0.153 0.141 0.129 0.118 0.108 0.098 0.090 0.082 0.076 0.070 0.066 0.062 0.059 0.062 0.069 0.086 0.082 0.059 0.051 0.049 0.100 0.326 0.353 0.337 0.341 0.292 0.198 0.111 0.101 0.108 0.116 0.123 0.132 0.143 0.160 0.266 0.426 0.472 0.483 0.532 0.549 0.564 0.606 0.620 0.580 0.536 0.542 0.553 0.565 0.578 0.593 0.608 0.628 0.645 0.663 0.683 0.703 0.724 0.746 0.768 0.795 0.817 0.841 0.863 0.884
