LISFLOOD/results/run5.inittm
ncols         413
nrows         307
xllcorner     341179.518085
yllcorner     4516729.658735
cellsize      10.000000
NODATA_value  -9999.000000
[rows 58 to 86 of 307, columns 195 to 259 of 413]
-9999.000 -9999.000 -9999.000 -9999.000 -9999.000 -9999.000 -9999.000 25.696 22.583 21.068 20.259 19.364 17.597 17.476 17.480 17.351 17.062 16.108 14.973 14.448 14.141 14.035 13.981 13.821 13.672 13.576 13.691 13.668 13.279 12.246 10.868 8.437 7.609 7.556 7.534 7.519 7.552 7.541 7.510 7.478 7.129 6.967 6.889 6.827 6.808 6.779 6.749 6.712 6.679 6.655 6.631 6.604 6.576 6.548 6.517 6.482 6.433 6.348 6.312 6.333 6.313 6.288 6.258 6.229 6.201
-9999.000 -9999.000 -9999.000 -9999.000 -9999.000 -9999.000 27.771 26.069 23.258 20.954 19.456 18.100 17.569 17.523 17.438 17.368 16.839 15.801 14.841 14.380 14.159 14.046 13.976 13.818 13.717 13.762 13.788 13.658 13.391 13.233 11.374 8.304 7.572 7.562 7.559 7.558 7.622 7.604 7.566 7.533 7.059 6.964 6.869 6.807 6.786 6.763 6.739 6.717 6.688 6.665 6.634 6.606 6.575 6.548 6.515 6.483 6.432 6.370 6.333 6.327 6.310 6.291 6.270 6.249 6.234
-9999.000 -9999.000 -9999.000 -9999.000 -9999.000 -9999.000 27.056 24.921 22.545 20.484 18.939 17.651 17.570 17.479 17.378 17.353 16.627 15.609 14.781 14.359 14.258 14.344 14.295 13.849 13.700 13.657 13.683 13.533 13.321 13.297 10.965 8.123 7.536 7.531 7.532 7.603 7.653 7.682 7.661 7.635 7.094 7.003 6.872 6.811 6.777 6.757 6.742 6.723 6.703 6.678 6.646 6.613 6.582 6.546 6.521 6.488 6.436 6.393 6.347 6.326 6.308 6.287 6.263 6.241 6.224
-9999.000 -9999.000 -9999.000 -9999.000 -9999.000 -9999.000 27.222 23.888 21.520 19.631 18.394 17.671 17.646 17.337 17.181 17.103 16.379 15.416 14.758 14.421 14.415 14.812 14.898 13.946 13.657 13.527 13.374 13.267 13.155 12.963 10.712 8.057 7.504 7.500 7.506 7.614 7.598 7.643 7.615 7.612 7.171 7.063 6.925 6.845 6.781 6.741 6.719 6.699 6.688 6.683 6.661 6.627 6.590 6.556 6.532 6.491 6.446 6.407 6.357 6.338 6.321 6.303 6.276 6.259 6.243
-9999.000 -9999.000 -9999.000 -9999.000 -9999.000 -9999.000 27.503 24.004 21.854 19.449 17.832 17.581 17.454 17.062 16.748 16.538 16.061 15.292 14.827 14.577 14.652 14.969 14.859 13.953 13.789 13.673 13.342 13.011 12.698 12.207 9.593 7.762 7.469 7.472 7.476 7.574 7.541 7.529 7.510 7.504 7.232 7.122 6.979 6.871 6.793 6.739 6.689 6.661 6.641 6.634 6.631 6.606 6.573 6.546 6.520 6.474 6.441 6.406 6.366 6.347 6.330 6.312 6.286 6.273 6.260
-9999.000 -9999.000 -9999.000 -9999.000 -9999.000 -9999.000 27.113 24.166 22.691 20.026 17.871 17.656 17.229 16.723 16.374 16.094 15.824 15.378 14.967 14.654 14.527 14.459 14.246 14.010 14.103 14.409 13.993 13.403 12.612 10.696 8.347 7.494 7.442 7.434 7.431 7.514 7.487 7.449 7.439 7.396 7.254 7.122 7.000 6.871 6.804 6.743 6.670 6.632 6.611 6.592 6.572 6.549 6.526 6.508 6.479 6.449 6.432 6.401 6.378 6.356 6.335 6.298 6.274 6.259 6.245
-9999.000 -9999.000 -9999.000 -9999.000 -9999.000 -9999.000 26.817 23.998 22.317 19.544 17.949 17.898 17.356 16.542 16.218 16.074 15.814 15.498 15.035 14.714 14.460 14.241 14.116 14.069 14.347 14.638 14.346 13.951 12.811 8.966 7.582 7.425 7.408 7.395 7.391 7.521 7.503 7.483 8.028 7.396 7.237 7.110 6.998 6.900 6.837 6.753 6.660 6.634 6.612 6.587 6.556 6.531 6.514 6.499 6.475 6.457 6.432 6.402 6.379 6.357 6.334 6.288 6.267 6.251 6.188
-9999.000 -9999.000 -9999.000 -9999.000 -9999.000 -9999.000 26.212 23.360 21.351 18.681 18.034 17.876 17.190 16.252 16.049 16.007 15.849 15.519 14.876 14.642 14.513 14.357 14.185 14.261 14.251 14.139 14.100 13.639 11.937 8.233 7.419 7.394 7.380 7.363 7.350 7.436 7.403 7.377 7.709 7.285 7.177 7.082 7.005 6.934 6.859 6.759 6.683 6.672 6.654 6.625 6.595 6.574 6.561 6.541 6.515 6.491 6.446 6.409 6.381 6.357 6.326 6.287 6.269 6.277 6.183
-9999.000 -9999.000 -9999.000 -9999.000 -9999.000 27.572 25.187 22.437 20.323 18.414 18.339 17.722 16.734 15.989 15.774 15.722 15.536 15.082 14.760 14.572 14.433 14.318 14.291 14.661 14.216 13.738 13.113 12.727 10.604 7.819 7.386 7.364 7.349 7.328 7.305 7.293 7.306 7.283 7.251 7.193 7.091 7.021 6.967 6.906 6.828 6.750 6.706 6.736 6.750 6.706 6.674 6.690 6.684 6.643 6.610 6.577 6.494 6.416 6.384 6.349 6.294 6.259 6.231 6.205 6.181
-9999.000 -9999.000 -9999.000 -9999.000 -9999.000 26.436 23.736 21.255 19.303 18.576 19.014 18.133 16.676 15.831 15.431 15.397 15.129 14.843 14.798 14.578 14.328 14.203 14.462 14.394 13.652 13.073 12.513 11.922 9.570 7.809 7.366 7.338 7.319 7.296 7.275 7.252 7.231 7.212 7.184 7.145 7.040 6.958 6.908 6.852 6.800 6.760 6.740 6.816 6.825 6.797 6.824 6.803 6.761 6.698 6.658 6.561 6.453 6.393 6.365 6.334 6.294 6.266 6.233 6.203 6.181
-9999.000 -9999.000 -9999.000 -9999.000 -9999.000 25.805 22.871 19.923 19.067 19.012 19.539 18.562 16.822 15.764 15.304 15.211 14.873 14.754 14.713 14.540 14.157 14.122 14.539 14.268 13.413 12.717 11.279 10.233 9.192 8.132 7.376 7.313 7.289 7.269 7.251 7.234 7.200 7.180 7.156 7.125 7.026 6.948 6.916 6.862 6.820 6.793 6.821 6.883 6.871 6.861 6.854 6.813 6.728 6.662 6.589 6.484 6.422 6.389 6.368 6.345 6.324 6.306 6.281 6.262 6.247
-9999.000 -9999.000 -9999.000 -9999.000 27.531 26.226 22.875 19.364 19.203 19.623 19.603 18.518 16.713 15.574 15.193 15.084 14.885 14.839 14.905 14.539 14.016 14.009 14.102 13.918 13.528 12.842 10.728 9.448 9.098 8.408 7.471 7.286 7.262 7.236 7.220 7.241 7.210 7.193 7.173 7.146 7.043 7.006 6.999 6.941 6.891 6.883 6.899 6.863 6.832 6.826 6.801 6.753 6.670 6.611 6.523 6.457 6.417 6.397 6.379 6.361 6.338 6.311 6.286 6.265 6.246
-9999.000 -9999.000 -9999.000 -9999.000 26.566 25.578 22.199 19.410 19.407 19.689 18.749 17.927 16.756 15.549 15.284 15.077 14.962 14.894 14.931 14.259 13.934 13.898 13.801 13.668 13.348 12.841 11.233 9.462 9.091 8.657 7.627 7.263 7.232 7.204 7.183 7.172 7.189 7.227 7.219 7.200 7.082 7.073 7.072 7.007 6.966 6.938 6.882 6.831 6.784 6.759 6.730 6.676 6.599 6.547 6.489 6.454 6.429 6.413 6.394 6.377 6.351 6.327 6.307 6.287 6.267
-9999.000 -9999.000 -9999.000 -9999.000 25.575 22.898 20.152 19.509 19.593 19.032 18.017 17.791 16.811 15.444 15.352 15.065 14.948 14.910 14.556 13.922 13.896 13.867 13.798 13.504 13.261 12.727 11.138 9.419 9.106 8.860 7.816 7.266 7.210 7.182 7.161 7.146 7.129 7.268 7.271 7.263 7.118 7.108 7.081 7.030 6.987 6.923 6.859 6.809 6.750 6.701 6.662 6.597 6.544 6.500 6.476 6.454 6.438 6.421 6.401 6.381 6.357 6.341 6.327 6.314 6.298
-9999.000 -9999.000 27.151 26.211 24.736 21.761 19.738 19.658 19.500 18.223 17.316 17.112 16.194 15.203 14.931 14.866 14.824 14.928 14.315 13.793 13.723 13.648 13.592 13.315 13.152 12.077 10.422 9.313 9.111 8.969 7.950 7.274 7.200 7.168 7.146 7.129 7.099 7.272 7.251 7.221 7.142 7.116 7.068 7.027 6.975 6.903 6.853 6.811 6.760 6.689 6.631 6.586 6.542 6.502 6.484 6.467 6.445 6.418 6.394 6.372 6.353 6.337 6.320 6.301 6.277
-9999.000 -9999.000 25.909 23.985 22.534 20.603 19.721 19.557 18.910 18.104 17.090 16.376 15.683 15.032 14.711 14.577 14.536 14.657 14.087 13.872 13.468 13.218 13.137 13.080 12.931 11.531 10.079 9.241 9.133 9.043 7.965 7.278 7.213 7.181 7.158 7.137 7.067 7.197 7.179 7.158 7.124 7.088 7.033 6.976 6.921 6.868 6.824 6.783 6.740 6.679 6.629 6.597 6.551 6.521 6.502 6.486 6.461 6.426 6.395 6.368 6.353 6.342 6.332 6.337 6.240
-9999.000 -9999.000 27.259 24.856 21.659 20.024 19.519 19.269 18.917 18.406 17.366 16.357 15.461 14.832 14.739 14.563 14.484 14.422 14.167 14.177 13.646 13.149 13.048 13.021 12.698 11.311 9.979 9.194 9.123 9.069 7.917 7.282 7.238 7.214 7.226 7.202 7.046 7.172 7.161 7.141 7.114 7.054 6.992 6.912 6.858 6.814 6.778 6.743 6.709 6.661 6.626 6.589 6.554 6.533 6.517 6.501 6.477 6.438 6.389 6.362 6.345 6.328 6.309 6.254 6.223
-9999.000 -9999.000 26.869 25.364 21.697 20.106 19.505 18.751 18.401 18.017 17.188 16.290 15.626 14.993 14.918 15.276 15.121 14.377 14.321 14.211 13.558 13.156 13.023 13.001 12.331 11.142 9.883 9.167 9.127 9.026 7.819 7.295 7.265 7.249 7.249 7.228 7.027 7.010 7.167 7.152 7.132 7.091 6.992 6.882 6.833 6.796 6.762 6.729 6.692 6.653 6.622 6.591 6.564 6.547 6.534 6.518 6.493 6.454 6.425 6.415 6.395 6.371 6.346 6.281 6.278
-9999.000 26.866 25.782 23.113 20.849 20.765 20.420 18.879 17.948 17.396 16.869 16.251 15.862 15.738 15.399 15.459 15.033 14.477 14.553 14.054 13.437 13.111 12.996 12.902 12.088 10.939 9.730 9.170 9.138 8.909 7.741 7.314 7.288 7.278 7.283 7.268 7.023 6.977 7.179 7.181 7.176 7.216 7.068 6.898 6.834 6.803 6.773 6.740 6.705 6.661 6.626 6.600 6.578 6.562 6.548 6.530 6.509 6.471 6.451 6.434 6.418 6.398 6.346 6.320 6.193
-9999.000 26.710 24.848 21.619 20.871 20.812 20.116 18.641 17.838 17.142 16.604 16.176 15.894 15.804 15.885 15.566 14.839 14.689 14.778 14.078 13.309 13.203 13.143 12.689 11.944 10.706 9.582 9.193 9.178 8.959 7.770 7.323 7.303 7.279 7.267 7.283 7.056 6.962 7.026 7.222 7.224 7.221 7.126 6.918 6.840 6.801 6.766 6.732 6.699 6.669 6.646 6.623 6.597 6.578 6.559 6.537 6.510 6.483 6.463 6.447 6.429 6.407 6.363 6.338 6.005
-9999.000 26.530 23.623 21.148 21.052 20.597 19.552 18.313 17.597 16.873 16.371 15.962 15.816 15.696 15.517 15.164 14.897 14.878 14.560 13.898 13.374 13.401 13.192 12.507 11.818 10.508 9.456 9.220 9.228 9.033 7.808 7.306 7.284 7.260 7.244 7.208 7.038 6.949 6.951 7.239 7.214 7.163 6.981 6.876 6.843 6.801 6.746 6.719 6.692 6.669 6.648 6.628 6.611 6.597 6.576 6.553 6.509 6.490 6.476 6.463 6.446 6.383 6.359 6.211 5.741
-9999.000 26.033 22.146 21.298 21.589 20.884 19.666 18.211 17.241 16.601 16.125 15.934 15.874 15.954 15.603 15.076 14.929 14.750 14.270 13.759 13.468 13.543 13.054 12.534 11.861 10.370 9.378 9.243 9.249 9.029 7.802 7.269 7.257 7.358 7.800 7.094 7.006 6.932 6.922 7.057 7.029 6.989 6.875 6.838 6.818 6.776 6.748 6.724 6.702 6.682 6.658 6.638 6.609 6.581 6.556 6.529 6.503 6.488 6.471 6.451 6.418 6.365 6.317 5.982 5.423
27.229 24.984 21.756 21.692 21.944 21.176 19.807 18.297 17.031 16.465 16.038 15.971 15.947 15.982 15.697 15.134 14.988 14.608 14.106 13.728 13.552 13.560 13.038 12.672 12.014 10.427 9.356 9.266 9.262 8.966 7.792 7.236 7.211 7.347 7.844 7.039 6.965 6.921 6.907 6.893 6.878 6.860 6.817 6.811 6.801 6.758 6.741 6.720 6.700 6.682 6.665 6.649 6.634 6.630 6.551 6.519 6.501 6.491 6.482 6.488 6.402 6.379 6.152 5.643 5.217
25.507 22.718 21.832 22.144 22.269 21.538 20.039 18.161 16.660 16.315 16.048 16.008 16.007 16.031 15.530 15.197 14.822 14.295 13.910 13.710 13.587 13.464 13.078 12.822 12.163 10.558 9.352 9.284 9.270 8.884 7.792 7.200 7.166 7.213 7.345 7.033 6.964 6.946 6.931 6.848 6.836 6.822 6.795 6.771 6.757 6.736 6.722 6.706 6.687 6.664 6.640 6.614 6.582 6.562 6.531 6.509 6.494 6.478 6.461 6.421 6.390 6.292 5.874 5.327 5.228
23.965 22.160 22.109 22.861 22.797 22.309 20.416 17.777 16.407 16.117 16.060 16.021 15.970 15.900 15.374 15.277 14.917 14.344 13.844 13.667 13.531 13.234 12.964 12.819 12.059 10.481 9.356 9.305 9.285 8.821 7.766 7.163 7.122 7.117 7.107 7.020 6.991 7.009 6.971 6.882 6.927 6.905 6.841 6.770 6.743 6.729 6.721 6.703 6.682 6.662 6.638 6.614 6.591 6.563 6.543 6.529 6.514 6.494 6.471 6.413 6.389 6.079 5.517 5.241 5.229
23.237 22.245 23.133 23.963 22.706 20.988 19.433 16.951 16.284 15.922 15.838 15.767 15.688 15.584 15.437 15.653 15.272 14.609 14.047 13.697 13.458 13.090 12.760 12.467 11.697 10.361 9.407 9.303 9.266 8.797 7.682 7.117 7.084 7.064 7.050 7.034 7.207 7.286 6.952 6.936 7.134 7.083 6.994 6.921 6.819 6.716 6.688 6.672 6.655 6.636 6.619 6.600 6.582 6.562 6.546 6.534 6.523 6.511 6.459 6.441 6.264 5.763 5.299 5.229 5.214
22.423 22.346 23.222 23.084 21.229 17.453 16.582 16.350 16.081 15.883 15.832 15.783 15.734 15.579 15.526 15.708 15.336 14.717 14.159 13.751 13.412 13.029 12.621 12.238 11.602 10.644 9.777 9.355 9.212 8.709 7.575 7.122 7.098 7.078 7.064 7.101 8.054 7.847 6.969 7.363 7.351 7.183 7.081 6.998 6.961 6.899 6.799 6.692 6.658 6.642 6.629 6.614 6.589 6.562 6.545 6.528 6.509 6.478 6.439 6.412 6.035 5.466 5.289 5.268 5.208
22.206 21.966 21.832 21.413 20.291 16.958 16.213 16.127 15.951 15.883 15.839 15.796 15.744 15.625 15.608 15.435 15.018 14.556 14.044 13.724 13.384 12.949 12.596 12.246 11.756 11.170 10.408 9.500 9.151 8.522 7.440 7.137 7.115 7.096 7.083 7.676 8.458 7.314 6.988 7.502 7.467 7.377 7.312 7.112 7.063 7.000 6.968 6.897 6.795 6.703 6.652 6.626 6.602 6.584 6.569 6.556 6.538 6.475 6.471 6.258 5.751 5.346 5.296 5.284 5.092
22.267 21.339 20.161 19.542 18.957 17.420 16.227 15.967 15.814 15.830 15.811 15.767 15.711 15.661 15.615 15.275 14.736 14.289 13.977 13.758 13.497 13.065 12.821 12.512 12.038 11.550 10.825 9.573 9.077 8.393 7.282 7.157 7.136 7.119 7.121 7.923 8.219 7.128 7.114 7.754 7.633 7.395 7.291 7.166 7.136 7.139 7.074 6.882 6.851 6.870 6.699 6.625 6.604 6.588 6.569 6.548 6.482 6.449 6.388 6.013 5.537 5.315 5.278 5.198 4.924
