LISFLOOD/results/run5.mxe
ncols         413
nrows         307
xllcorner     341179.518085
yllcorner     4516729.658735
cellsize      10.000000
NODATA_value  -9999.000000
[rows 84 to 111 of 307, columns 310 to 371 of 413]
141.685 141.761 141.838 141.915 141.992 142.069 142.146 142.223 142.300 142.378 142.455 142.533 142.611 142.689 142.767 142.844 142.923 143.001 143.079 143.157 143.236 143.314 143.392 143.471 143.549 143.628 143.708 143.695 143.680 143.664 143.647 143.631 143.614 143.597 143.580 143.563 143.547 143.530 143.513 143.497 143.481 143.464 143.448 143.432 143.417 143.401 143.386 143.371 143.356 143.342 143.328 143.314 143.300 143.287 143.273 143.261 143.248 143.236 143.224 143.213 143.202 143.191
141.703 141.779 141.855 141.932 142.009 142.085 142.162 142.239 142.316 142.394 142.471 142.548 142.626 142.703 142.781 142.858 142.936 143.014 143.092 143.170 143.248 143.326 143.405 143.483 143.560 143.635 143.702 143.687 143.671 143.655 143.639 143.623 143.606 143.590 143.573 143.557 143.540 143.524 143.508 143.492 143.476 143.460 143.444 143.429 143.413 143.398 143.383 143.369 143.354 143.340 143.326 143.312 143.299 143.286 143.273 143.260 143.248 143.236 143.225 143.214 143.203 143.192
141.721 141.797 141.873 141.949 142.026 142.102 142.179 142.256 142.332 142.409 142.486 142.563 142.641 142.718 142.795 142.873 142.950 143.028 143.105 143.183 143.261 143.339 143.417 143.496 143.574 143.648 143.697 143.680 143.663 143.647 143.631 143.615 143.598 143.582 143.566 143.550 143.534 143.518 143.502 143.486 143.471 143.455 143.440 143.425 143.410 143.395 143.380 143.366 143.352 143.338 143.324 143.311 143.298 143.285 143.272 143.260 143.248 143.237 143.225 143.214 143.204 143.193
141.739 141.814 141.890 141.967 142.043 142.119 142.195 142.272 142.349 142.425 142.502 142.579 142.656 142.732 142.809 142.887 142.964 143.041 143.118 143.196 143.273 143.351 143.429 143.509 143.592 143.686 143.692 143.671 143.654 143.638 143.622 143.606 143.591 143.575 143.559 143.543 143.528 143.512 143.497 143.481 143.466 143.451 143.436 143.421 143.406 143.392 143.377 143.363 143.349 143.336 143.322 143.309 143.296 143.284 143.272 143.260 143.248 143.237 143.225 143.215 143.204 143.194
141.757 141.832 141.908 141.984 142.060 142.136 142.212 142.288 142.365 142.441 142.518 142.594 142.671 142.747 142.824 142.901 142.977 143.054 143.131 143.208 143.286 143.363 143.440 143.518 143.598 143.681 143.674 143.660 143.645 143.629 143.614 143.598 143.583 143.568 143.552 143.537 143.521 143.506 143.491 143.476 143.461 143.446 143.431 143.417 143.402 143.388 143.374 143.360 143.347 143.334 143.320 143.308 143.295 143.283 143.271 143.259 143.248 143.236 143.226 143.215 143.205 143.195
141.775 141.850 141.926 142.002 142.077 142.153 142.229 142.305 142.381 142.457 142.533 142.610 142.686 142.762 142.838 142.915 142.991 143.068 143.144 143.221 143.298 143.374 143.451 143.527 143.602 143.675 143.664 143.650 143.636 143.621 143.606 143.591 143.575 143.560 143.545 143.530 143.515 143.500 143.485 143.470 143.456 143.441 143.427 143.413 143.399 143.385 143.371 143.358 143.344 143.331 143.318 143.306 143.294 143.282 143.270 143.258 143.247 143.236 143.226 143.215 143.205 143.196
141.793 141.869 141.944 142.019 142.095 142.171 142.246 142.322 142.398 142.473 142.549 142.625 142.701 142.777 142.853 142.929 143.005 143.081 143.158 143.234 143.310 143.386 143.462 143.536 143.607 143.670 143.655 143.641 143.627 143.612 143.597 143.583 143.568 143.553 143.538 143.523 143.509 143.494 143.480 143.465 143.451 143.437 143.422 143.409 143.395 143.381 143.368 143.355 143.342 143.329 143.316 143.304 143.292 143.280 143.269 143.257 143.246 143.236 143.225 143.215 143.206 143.196
141.812 141.887 141.962 142.037 142.113 142.188 142.263 142.339 142.414 142.490 142.565 142.641 142.716 142.792 142.868 142.943 143.019 143.095 143.171 143.247 143.323 143.398 143.474 143.549 143.619 143.664 143.647 143.632 143.618 143.604 143.589 143.575 143.560 143.546 143.531 143.517 143.502 143.488 143.474 143.460 143.446 143.432 143.418 143.404 143.391 143.378 143.365 143.352 143.339 143.326 143.314 143.302 143.290 143.279 143.268 143.257 143.246 143.235 143.225 143.215 143.206 143.197
141.831 141.906 141.981 142.055 142.130 142.206 142.281 142.356 142.431 142.506 142.581 142.656 142.732 142.807 142.882 142.957 143.033 143.108 143.184 143.259 143.335 143.411 143.488 143.567 143.656 143.650 143.637 143.623 143.609 143.595 143.581 143.567 143.553 143.539 143.524 143.510 143.496 143.482 143.468 143.454 143.441 143.427 143.413 143.400 143.387 143.374 143.361 143.349 143.336 143.324 143.312 143.300 143.289 143.277 143.266 143.256 143.245 143.235 143.225 143.215 143.206 143.197
141.850 141.924 141.999 142.074 142.148 142.223 142.298 142.373 142.448 142.523 142.597 142.672 142.747 142.822 142.897 142.972 143.047 143.122 143.197 143.272 143.348 143.423 143.498 143.574 143.651 143.640 143.628 143.615 143.601 143.587 143.573 143.559 143.545 143.531 143.518 143.504 143.490 143.476 143.462 143.449 143.435 143.422 143.409 143.396 143.383 143.370 143.358 143.345 143.333 143.321 143.310 143.298 143.287 143.276 143.265 143.254 143.244 143.234 143.224 143.215 143.206 143.197
141.869 141.943 142.018 142.092 142.167 142.241 142.316 142.390 142.465 142.539 142.614 142.688 142.763 142.837 142.912 142.986 143.061 143.135 143.210 143.285 143.360 143.435 143.509 143.580 143.646 143.633 143.620 143.606 143.593 143.579 143.565 143.552 143.538 143.524 143.511 143.497 143.484 143.470 143.457 143.443 143.430 143.417 143.404 143.392 143.379 143.367 143.354 143.342 143.330 143.319 143.307 143.296 143.285 143.274 143.263 143.253 143.243 143.233 143.224 143.215 143.206 143.197
141.888 141.962 142.036 142.111 142.185 142.259 142.333 142.408 142.482 142.556 142.630 142.704 142.778 142.852 142.926 143.001 143.075 143.149 143.223 143.298 143.372 143.447 143.522 143.593 143.640 143.626 143.612 143.598 143.584 143.571 143.558 143.544 143.531 143.517 143.504 143.491 143.477 143.464 143.451 143.438 143.425 143.412 143.400 143.387 143.375 143.363 143.351 143.339 143.327 143.316 143.305 143.294 143.283 143.272 143.262 143.252 143.242 143.233 143.223 143.214 143.206 143.197
141.908 141.982 142.056 142.130 142.203 142.277 142.351 142.425 142.499 142.573 142.647 142.720 142.794 142.868 142.941 143.015 143.089 143.162 143.236 143.310 143.385 143.460 143.539 143.629 143.635 143.618 143.603 143.590 143.576 143.563 143.550 143.536 143.523 143.510 143.497 143.484 143.471 143.458 143.445 143.433 143.420 143.407 143.395 143.383 143.371 143.359 143.347 143.336 143.324 143.313 143.302 143.291 143.281 143.270 143.260 143.251 143.241 143.232 143.223 143.214 143.205 143.197
141.927 142.001 142.075 142.149 142.222 142.296 142.370 142.443 142.517 142.590 142.663 142.737 142.810 142.883 142.956 143.030 143.103 143.176 143.249 143.322 143.396 143.470 143.545 143.624 143.619 143.607 143.594 143.581 143.568 143.555 143.542 143.529 143.516 143.503 143.490 143.477 143.465 143.452 143.440 143.427 143.415 143.402 143.390 143.378 143.367 143.355 143.343 143.332 143.321 143.310 143.299 143.289 143.279 143.269 143.259 143.249 143.240 143.231 143.222 143.213 143.205 143.197
141.947 142.021 142.094 142.168 142.241 142.315 142.388 142.461 142.534 142.607 142.680 142.753 142.826 142.899 142.972 143.044 143.117 143.189 143.262 143.334 143.406 143.478 143.549 143.618 143.609 143.597 143.585 143.572 143.560 143.547 143.534 143.521 143.509 143.496 143.483 143.471 143.458 143.446 143.434 143.422 143.409 143.398 143.386 143.374 143.362 143.351 143.340 143.329 143.318 143.307 143.297 143.286 143.276 143.267 143.257 143.248 143.238 143.230 143.221 143.213 143.205 143.197
141.967 142.041 142.114 142.187 142.260 142.333 142.407 142.479 142.552 142.625 142.698 142.770 142.843 142.915 142.987 143.059 143.131 143.203 143.275 143.346 143.417 143.487 143.554 143.613 143.601 143.589 143.576 143.564 143.551 143.539 143.526 143.514 143.501 143.489 143.477 143.464 143.452 143.440 143.428 143.416 143.404 143.393 143.381 143.369 143.358 143.347 143.336 143.325 143.315 143.304 143.294 143.284 143.274 143.265 143.255 143.246 143.237 143.228 143.220 143.212 143.204 143.196
141.988 142.061 142.134 142.207 142.280 142.353 142.425 142.498 142.571 142.643 142.715 142.787 142.859 142.931 143.002 143.074 143.145 143.216 143.288 143.359 143.430 143.500 143.565 143.608 143.593 143.580 143.568 143.556 143.543 143.531 143.519 143.506 143.494 143.482 143.470 143.458 143.446 143.434 143.422 143.411 143.399 143.387 143.376 143.365 143.354 143.343 143.332 143.322 143.311 143.301 143.291 143.281 143.272 143.262 143.253 143.244 143.236 143.227 143.219 143.211 143.203 143.196
142.008 142.081 142.154 142.227 142.300 142.372 142.445 142.517 142.589 142.661 142.733 142.804 142.876 142.947 143.018 143.089 143.160 143.230 143.301 143.371 143.443 143.516 143.600 143.594 143.583 143.571 143.559 143.547 143.535 143.523 143.511 143.499 143.487 143.475 143.463 143.451 143.440 143.428 143.416 143.405 143.394 143.382 143.371 143.360 143.350 143.339 143.329 143.318 143.308 143.298 143.288 143.279 143.269 143.260 143.251 143.243 143.234 143.226 143.218 143.210 143.203 143.195
142.029 142.102 142.175 142.247 142.319 142.392 142.464 142.536 142.608 142.679 142.751 142.822 142.893 142.964 143.034 143.104 143.174 143.244 143.314 143.384 143.453 143.523 143.595 143.585 143.574 143.563 143.551 143.539 143.527 143.515 143.503 143.491 143.480 143.468 143.456 143.445 143.433 143.422 143.411 143.399 143.388 143.377 143.367 143.356 143.345 143.335 143.325 143.315 143.305 143.295 143.285 143.276 143.267 143.258 143.249 143.241 143.233 143.225 143.217 143.209 143.202 143.195
142.050 142.123 142.195 142.268 142.340 142.412 142.484 142.555 142.627 142.698 142.769 142.840 142.910 142.981 143.050 143.120 143.189 143.258 143.327 143.396 143.464 143.529 143.589 143.578 143.566 143.554 143.543 143.531 143.519 143.507 143.496 143.484 143.472 143.461 143.450 143.438 143.427 143.416 143.405 143.394 143.383 143.372 143.362 143.351 143.341 143.331 143.321 143.311 143.301 143.292 143.283 143.273 143.265 143.256 143.247 143.239 143.231 143.223 143.216 143.208 143.201 143.194
142.072 142.144 142.216 142.288 142.360 142.432 142.504 142.575 142.646 142.717 142.788 142.858 142.928 142.998 143.067 143.136 143.204 143.273 143.341 143.409 143.476 143.541 143.584 143.571 143.558 143.546 143.534 143.523 143.511 143.499 143.488 143.477 143.465 143.454 143.443 143.432 143.421 143.410 143.399 143.388 143.378 143.367 143.357 143.347 143.337 143.327 143.317 143.307 143.298 143.289 143.280 143.271 143.262 143.254 143.245 143.237 143.229 143.222 143.214 143.207 143.200 143.194
142.093 142.166 142.238 142.309 142.381 142.453 142.524 142.595 142.666 142.737 142.807 142.877 142.946 143.015 143.084 143.152 143.220 143.287 143.355 143.422 143.493 143.573 143.579 143.563 143.550 143.538 143.526 143.514 143.503 143.492 143.480 143.469 143.458 143.447 143.436 143.425 143.414 143.404 143.393 143.383 143.372 143.362 143.352 143.342 143.332 143.323 143.313 143.304 143.294 143.285 143.277 143.268 143.259 143.251 143.243 143.235 143.228 143.220 143.213 143.206 143.199 143.193
142.115 142.187 142.259 142.331 142.402 142.474 142.545 142.616 142.686 142.757 142.826 142.896 142.965 143.034 143.102 143.169 143.236 143.302 143.368 143.433 143.499 143.568 143.563 143.552 143.541 143.529 143.517 143.506 143.495 143.484 143.473 143.462 143.451 143.440 143.429 143.419 143.408 143.398 143.387 143.377 143.367 143.357 143.347 143.337 143.328 143.318 143.309 143.300 143.291 143.282 143.274 143.265 143.257 143.249 143.241 143.233 143.226 143.219 143.212 143.205 143.198 143.192
142.138 142.209 142.281 142.353 142.424 142.495 142.566 142.637 142.707 142.777 142.846 142.916 142.984 143.053 143.120 143.187 143.253 143.318 143.381 143.443 143.503 143.562 143.553 143.543 143.531 143.520 143.509 143.498 143.487 143.476 143.465 143.454 143.443 143.433 143.422 143.412 143.402 143.391 143.381 143.371 143.361 143.352 143.342 143.333 143.323 143.314 143.305 143.296 143.287 143.279 143.270 143.262 143.254 143.246 143.239 143.231 143.224 143.217 143.210 143.204 143.197 143.191
142.160 142.232 142.303 142.375 142.446 142.517 142.588 142.658 142.728 142.798 142.867 142.936 143.004 143.072 143.139 143.205 143.271 143.334 143.396 143.455 143.508 143.557 143.545 143.534 143.522 143.511 143.500 143.489 143.478 143.468 143.457 143.446 143.436 143.426 143.415 143.405 143.395 143.385 143.375 143.366 143.356 143.347 143.337 143.328 143.319 143.310 143.301 143.292 143.284 143.275 143.267 143.259 143.252 143.244 143.236 143.229 143.222 143.215 143.209 143.202 143.196 143.190
142.183 142.255 142.326 142.397 142.468 142.539 142.609 142.680 142.750 142.819 142.888 142.957 143.025 143.092 143.159 143.225 143.290 143.353 143.414 143.471 143.519 143.552 143.537 143.525 143.513 143.502 143.491 143.481 143.470 143.459 143.449 143.439 143.429 143.419 143.409 143.399 143.389 143.379 143.370 143.360 143.351 143.341 143.332 143.323 143.314 143.306 143.297 143.289 143.280 143.272 143.264 143.256 143.249 143.241 143.234 143.227 143.220 143.214 143.207 143.201 143.195 143.189
142.206 142.278 142.349 142.420 142.491 142.561 142.632 142.702 142.772 142.841 142.910 142.978 143.046 143.113 143.180 143.246 143.311 143.375 143.437 143.496 143.544 143.537 143.526 143.515 143.504 143.493 143.482 143.472 143.462 143.451 143.441 143.431 143.421 143.411 143.402 143.392 143.382 143.373 143.364 143.354 143.345 143.336 143.327 143.318 143.310 143.301 143.293 143.285 143.277 143.269 143.261 143.253 143.246 143.239 143.232 143.225 143.218 143.212 143.206 143.200 143.194 143.188
142.230 142.301 142.372 142.443 142.514 142.584 142.655 142.724 142.794 142.863 142.932 143.000 143.068 143.135 143.202 143.268 143.333 143.398 143.462 143.533 143.539 143.526 143.515 143.504 143.494 143.483 143.473 143.463 143.453 143.443 143.433 143.424 143.414 143.404 143.395 143.385 143.376 143.367 143.358 143.349 143.340 143.331 143.322 143.314 143.305 143.297 143.289 143.281 143.273 143.265 143.258 143.250 143.243 143.236 143.229 143.223 143.216 143.210 143.204 143.198 143.193 143.187
