LISFLOOD/results/run5.totaltm
ncols         413
nrows         307
xllcorner     341179.518085
yllcorner     4516729.658735
cellsize      10.000000
NODATA_value  -9999.000000
[rows 165 to 197 of 307, columns 148 to 221 of 413]
0.000 0.000 0.000 0.000 0.000 0.000 0.000 0.000 0.000 0.000 0.000 0.000 0.000 0.000 0.000 0.000 0.000 0.000 0.000 0.000 0.000 0.000 0.000 0.000 0.000 0.000 0.000 0.000 0.000 0.000 1.641 2.954 3.969 4.533 5.004 5.377 5.869 6.146 7.028 7.556 7.872 8.683 9.683 11.033 12.480 13.932 16.077 18.838 19.021 19.084 19.146 19.144 19.156 19.251 19.222 13.192 5.742 0.000 0.000 0.000 0.000 0.000 3.897 20.204 22.719 22.836 22.832 22.861 22.894 22.930 22.987 23.061 23.095 23.119
0.000 0.000 0.000 0.000 0.000 0.000 0.000 0.000 0.000 0.000 0.000 0.000 0.000 0.000 0.000 0.000 0.000 0.000 0.000 0.000 0.000 0.000 0.000 0.000 0.000 0.000 0.000 0.000 0.000 0.181 1.506 2.741 3.898 4.623 5.208 5.725 6.211 6.627 7.251 7.639 8.050 8.625 9.167 9.821 11.261 14.417 17.217 18.989 19.084 19.146 19.184 19.062 18.839 19.311 19.207 11.663 1.829 0.000 0.000 0.000 0.000 0.000 14.318 22.225 22.789 22.803 22.722 22.734 22.758 22.806 22.954 23.036 23.077 23.104
0.000 0.000 0.000 0.000 0.000 0.000 0.000 0.000 0.000 0.000 0.000 0.000 0.000 0.000 0.000 0.000 0.000 0.000 0.000 0.000 0.000 0.000 0.000 0.000 0.000 0.000 0.000 0.000 0.000 0.759 1.483 2.381 3.376 4.324 5.121 5.626 6.076 6.736 7.300 7.737 8.294 8.728 8.871 8.946 10.750 15.336 18.422 19.041 19.119 19.189 19.216 19.183 19.220 19.352 18.899 9.598 0.000 0.000 0.000 0.000 0.000 0.000 18.726 22.606 22.774 22.758 22.745 22.767 22.793 22.842 22.939 22.979 23.007 23.073
0.000 0.000 0.000 0.000 0.000 0.000 0.000 0.000 0.000 0.000 0.000 0.000 0.000 0.000 0.000 0.000 0.000 0.000 0.000 0.000 0.000 0.000 0.000 0.000 0.000 0.000 0.000 0.000 0.000 1.199 1.854 2.378 2.902 4.746 5.559 5.739 6.079 6.717 7.263 7.728 8.403 8.869 8.889 8.932 11.168 16.708 18.926 19.084 19.160 19.222 19.242 19.256 19.319 19.399 19.034 7.038 0.000 0.000 0.000 0.000 0.000 9.931 21.417 22.719 22.735 22.729 22.758 22.786 22.815 22.853 22.899 22.776 22.818 22.932
0.000 0.000 0.000 0.000 0.000 0.000 0.000 0.000 0.000 0.000 0.000 0.000 0.000 0.000 0.000 0.000 0.000 0.000 0.000 0.000 0.000 0.000 0.000 0.000 0.000 0.000 0.000 0.000 0.000 1.134 1.731 2.142 2.962 5.426 5.913 5.994 6.251 6.869 7.349 8.104 9.232 9.926 10.092 11.004 13.917 18.256 18.977 19.069 19.160 19.223 19.241 19.276 19.416 19.442 19.251 6.384 0.000 0.000 0.000 0.000 0.000 16.768 22.434 22.713 22.704 22.638 22.591 22.551 22.544 22.585 22.709 22.696 22.860 22.932
0.000 0.000 0.000 0.000 0.000 0.000 0.000 0.000 0.000 0.000 0.000 0.000 0.000 0.000 0.000 0.000 0.000 0.000 0.000 0.000 0.000 0.000 0.000 0.000 0.000 0.000 0.000 0.000 0.081 1.358 2.031 2.254 3.284 5.388 5.633 5.780 6.344 6.954 7.292 7.904 9.732 11.284 11.627 12.639 15.759 18.810 18.942 19.013 19.069 18.934 18.899 18.982 19.452 19.481 19.476 11.201 5.683 1.488 0.000 0.000 4.869 19.986 22.721 22.743 22.724 22.691 22.657 22.648 22.636 22.473 22.739 22.751 22.929 22.981
0.000 0.000 0.000 0.000 0.000 0.000 0.000 0.000 0.000 0.000 0.000 0.000 0.000 0.000 0.000 0.000 0.000 0.000 0.000 0.000 0.000 0.000 0.000 0.000 0.000 0.000 0.000 0.000 0.369 1.447 2.192 2.504 3.707 5.340 5.666 5.925 6.409 7.008 7.306 7.859 10.311 11.961 12.444 13.979 17.410 18.809 18.880 18.929 18.881 18.660 18.762 19.002 19.467 19.499 19.518 19.538 19.576 19.613 18.118 16.475 17.150 21.982 22.762 22.773 22.767 22.750 22.708 22.718 22.763 22.917 23.068 22.899 22.935 23.035
0.000 0.000 0.000 0.000 0.000 0.000 0.000 0.000 0.000 0.000 0.000 0.000 0.000 0.000 0.000 0.000 0.000 0.000 0.000 0.000 0.000 0.000 0.000 0.000 0.000 0.000 0.000 0.000 0.434 1.509 2.321 2.784 4.115 5.397 5.792 6.218 6.654 7.098 7.694 9.427 11.878 12.448 13.038 15.319 18.588 18.766 18.819 18.854 17.839 16.687 17.151 17.796 16.997 13.111 8.879 7.010 15.063 19.655 20.780 21.151 21.368 22.480 22.780 22.807 22.817 22.824 22.812 22.888 22.992 23.067 23.149 23.171 23.219 23.164
0.000 0.000 0.000 0.000 0.000 0.000 0.000 0.000 0.000 0.000 0.000 0.000 0.000 0.000 0.000 0.000 0.000 0.000 0.000 0.000 0.000 0.000 0.000 0.000 0.000 0.000 0.000 0.000 0.299 1.517 2.533 3.337 4.609 5.569 5.877 6.293 6.789 7.572 9.448 11.561 12.992 13.139 14.183 16.861 18.654 18.711 18.747 18.744 16.249 14.613 14.827 15.041 14.017 11.577 4.064 0.000 0.000 7.161 16.863 20.283 22.086 22.526 22.788 22.836 22.872 22.921 22.965 23.003 23.047 23.137 23.171 23.224 23.316 23.339
0.000 0.000 0.000 0.000 0.000 0.000 0.000 0.000 0.000 0.000 0.000 0.000 0.000 0.000 0.000 0.000 0.000 0.000 0.000 0.000 0.000 0.000 0.000 0.000 0.000 0.000 0.000 0.000 0.937 2.087 3.013 3.753 4.809 5.532 5.841 6.291 6.923 8.045 10.716 12.447 13.098 13.535 15.250 18.305 18.609 18.657 18.681 18.173 14.943 14.078 13.867 13.777 13.352 10.243 0.402 0.000 0.000 0.000 0.000 16.339 21.968 22.717 22.788 22.853 22.893 22.933 22.969 23.003 23.044 23.088 23.102 23.161 23.329 23.362
0.000 0.000 0.000 0.000 0.000 0.000 0.000 0.000 0.000 0.000 0.000 0.000 0.000 0.000 0.000 0.000 0.000 0.000 0.000 0.000 0.000 0.000 0.000 0.000 0.000 0.000 0.000 0.191 1.573 2.669 3.539 4.130 4.919 5.475 5.771 6.343 7.092 8.118 10.602 12.287 12.822 13.986 16.338 18.490 18.561 18.594 18.592 16.237 14.063 13.879 13.489 13.345 12.708 8.563 0.000 0.000 0.000 0.000 0.000 16.762 22.458 22.678 22.683 22.854 22.894 22.926 22.953 22.978 23.004 22.992 22.926 22.957 23.256 23.312
0.000 0.000 0.000 0.000 0.000 0.000 0.000 0.000 0.000 0.000 0.000 0.000 0.000 0.000 0.000 0.000 0.000 0.000 0.000 0.000 0.000 0.000 0.000 0.000 0.000 0.000 0.000 0.836 1.628 2.572 3.820 4.514 5.219 5.743 6.135 6.694 7.371 8.794 10.816 12.056 12.793 14.770 17.729 18.466 18.515 18.535 18.414 15.068 13.809 13.584 13.057 12.947 11.832 6.248 0.000 0.000 0.000 0.000 0.746 19.576 22.621 22.643 22.671 22.833 22.871 22.898 22.912 22.938 22.944 22.829 22.819 22.892 23.044 23.152
0.000 0.000 0.000 0.000 0.000 0.000 0.000 0.000 0.000 0.000 0.000 0.000 0.000 0.000 0.000 0.000 0.000 0.000 0.000 0.000 0.000 0.000 0.000 0.000 0.000 0.000 0.000 0.262 1.447 2.596 3.701 4.538 5.422 5.920 6.455 7.223 7.903 9.840 11.175 11.894 13.094 15.836 18.341 18.422 18.459 18.474 17.185 14.334 13.741 13.153 12.633 12.541 10.768 3.348 0.000 0.000 0.000 0.000 8.888 21.259 22.631 22.652 22.695 22.802 22.850 22.868 22.826 22.728 22.721 22.708 22.786 22.904 22.982 23.107
0.000 0.000 0.000 0.000 0.000 0.000 0.000 0.000 0.000 0.000 0.000 0.000 0.000 0.000 0.000 0.000 0.000 0.000 0.000 0.000 0.000 0.000 0.000 0.000 0.000 0.000 0.000 0.000 0.974 2.735 3.617 4.668 5.654 6.013 6.639 7.962 8.856 10.457 11.241 11.882 13.805 17.057 18.331 18.380 18.404 18.337 15.627 13.846 13.592 12.766 12.336 12.166 9.434 0.163 0.000 0.000 0.000 0.000 15.920 22.383 22.589 22.571 22.736 22.798 22.839 22.801 22.746 22.765 22.827 22.728 22.780 22.844 22.852 23.067
0.000 0.000 0.000 0.000 0.000 0.000 0.000 0.000 0.000 0.000 0.000 0.000 0.000 0.000 0.000 0.000 0.000 0.000 0.000 0.000 0.000 0.000 0.000 0.000 0.000 0.000 0.000 0.000 1.059 2.824 3.669 4.824 5.825 6.338 7.264 8.973 9.964 10.981 11.524 12.180 14.794 18.130 18.291 18.330 18.346 17.423 14.521 13.779 13.581 12.645 12.219 11.791 7.824 0.000 0.000 0.000 0.000 1.974 19.162 22.631 22.625 22.593 22.780 22.849 22.895 22.916 22.940 22.974 22.996 22.952 22.941 22.939 22.971 23.137
0.000 0.000 0.000 0.000 0.000 0.000 0.000 0.000 0.000 0.000 0.000 0.000 0.000 0.000 0.000 0.000 0.000 0.000 0.000 0.000 0.000 0.000 0.000 0.000 0.000 0.000 0.527 1.328 2.037 2.950 3.744 4.873 5.928 6.831 8.266 9.900 10.622 11.293 11.852 13.060 15.993 18.195 18.246 18.272 18.251 16.043 13.966 13.869 13.752 12.997 12.470 11.378 5.798 0.000 0.000 0.000 0.000 10.752 21.494 22.724 22.662 22.690 22.816 22.852 22.910 22.938 22.974 23.006 23.039 23.076 23.119 23.148 23.173 23.281
0.000 0.000 0.000 0.000 0.000 0.000 0.000 0.000 0.000 0.000 0.000 0.000 0.000 0.000 0.000 0.000 0.000 0.000 0.000 0.000 0.000 0.000 0.000 0.000 0.000 0.000 0.326 1.617 2.472 2.999 3.267 4.273 5.832 7.601 9.262 10.478 10.791 11.283 12.071 14.487 17.590 18.158 18.201 18.217 17.873 15.159 13.972 13.946 13.903 13.723 13.035 10.534 3.471 0.000 0.000 0.000 0.486 16.822 22.567 22.752 22.769 22.796 22.842 22.857 22.861 22.878 22.943 22.986 23.049 23.097 23.138 23.193 23.236 23.352
0.000 0.000 0.000 0.000 0.000 0.000 0.000 0.000 0.000 0.000 0.000 0.000 0.000 0.000 0.000 0.000 0.000 0.000 0.000 0.000 0.000 0.000 0.000 0.000 0.000 0.000 0.000 1.834 2.873 3.156 3.129 3.814 5.803 8.423 10.048 10.738 10.887 11.299 12.711 15.929 18.054 18.118 18.145 18.142 16.396 14.541 14.139 14.093 14.054 13.972 13.060 9.278 1.114 0.000 0.000 0.000 5.841 19.897 22.754 22.778 22.799 22.823 22.863 22.883 22.891 22.874 22.907 22.944 22.976 22.962 23.021 23.218 23.297 23.414
0.000 0.000 0.000 0.000 0.000 0.000 0.000 0.000 0.000 0.000 0.000 0.000 0.000 0.000 0.000 0.000 0.000 0.000 0.000 0.000 0.000 0.000 0.000 0.000 0.000 0.000 1.076 2.438 3.359 3.482 3.926 4.723 6.641 9.155 10.552 10.888 11.019 11.614 14.006 17.633 18.026 18.072 18.089 17.912 15.288 14.048 14.016 14.048 14.023 13.953 12.715 7.776 0.819 0.000 0.725 0.546 12.976 21.983 22.754 22.776 22.800 22.833 22.879 22.908 22.932 22.966 22.949 22.924 22.948 22.981 23.047 23.187 23.334 23.454
0.000 0.000 0.000 0.000 0.000 0.000 0.000 0.000 0.000 0.000 0.000 0.000 0.000 0.000 0.000 0.000 0.000 0.000 0.000 0.000 0.000 0.000 0.000 0.000 0.000 0.406 1.816 3.024 3.691 3.590 4.587 5.802 7.556 9.862 10.908 11.044 11.208 12.258 15.187 17.931 17.983 18.018 18.031 16.554 14.476 13.894 13.931 13.932 13.874 13.247 10.857 5.359 1.167 1.198 3.079 3.230 17.253 22.638 22.702 22.698 22.743 22.795 22.842 22.926 22.978 23.032 23.049 23.053 23.075 23.112 23.162 23.306 23.459 23.528
0.000 0.000 0.000 0.000 0.000 0.000 0.000 0.000 0.000 0.000 0.000 0.000 0.000 0.000 0.000 0.000 0.000 0.000 0.000 0.000 0.000 0.000 0.000 0.000 0.000 0.896 2.028 3.342 3.997 4.112 5.191 6.404 8.302 10.517 11.169 11.381 11.648 13.124 16.126 17.896 17.938 17.964 17.951 15.457 14.081 14.009 13.974 13.757 13.031 11.053 7.409 2.792 1.457 2.824 2.887 8.167 19.944 22.632 22.642 22.605 22.661 22.720 22.793 22.938 23.019 23.060 23.090 23.123 23.155 23.188 23.233 23.411 23.571 23.604
0.000 0.000 0.000 0.000 0.000 0.000 0.000 0.000 0.000 0.000 0.000 0.000 0.000 0.000 0.000 0.000 0.000 0.000 0.000 0.000 0.000 0.000 0.000 0.000 0.000 1.085 2.393 3.829 4.496 5.328 6.375 7.516 9.333 11.011 11.388 11.708 12.126 14.149 16.863 17.851 17.884 17.904 17.482 14.706 14.079 14.044 14.022 13.168 11.834 9.454 5.182 3.081 1.393 3.945 3.479 14.077 21.761 22.608 22.597 22.561 22.609 22.662 22.768 22.932 23.013 23.072 23.083 23.122 23.157 23.197 23.265 23.449 23.621 23.653
0.000 0.000 0.000 0.000 0.000 0.000 0.000 0.000 0.000 0.000 0.000 0.000 0.000 0.000 0.000 0.000 0.000 0.000 0.000 0.000 0.000 0.000 0.000 0.000 0.000 1.647 3.251 4.713 5.622 6.700 7.659 8.831 10.287 11.412 11.594 11.836 12.513 14.979 17.602 17.808 17.831 17.842 16.439 14.363 14.105 14.072 14.040 12.826 11.378 8.667 5.069 3.922 3.687 5.837 5.896 17.593 22.464 22.565 22.560 22.596 22.636 22.697 22.792 22.927 23.006 23.101 23.093 23.121 23.137 23.197 23.377 23.543 23.648 23.681
0.000 0.000 0.000 0.000 0.000 0.000 0.000 0.000 0.000 0.000 0.000 0.000 0.000 0.000 0.000 0.000 0.000 0.000 0.000 0.000 0.000 0.000 0.000 0.000 0.086 2.012 3.609 5.163 6.516 7.796 8.814 9.929 11.083 11.774 11.839 12.074 13.070 15.676 17.691 17.761 17.773 17.753 15.572 14.197 14.107 14.066 13.717 12.338 10.874 7.903 5.316 5.079 5.713 5.796 10.517 20.024 22.522 22.534 22.446 22.514 22.574 22.638 22.698 22.875 23.057 23.140 23.176 23.183 23.183 23.239 23.282 23.355 23.643 23.695
0.000 0.000 0.000 0.000 0.000 0.000 0.000 0.000 0.000 0.000 0.000 0.000 0.000 0.000 0.000 0.000 0.000 0.000 0.000 0.000 0.000 0.000 0.000 0.000 0.613 2.019 3.445 5.033 6.754 8.406 9.730 10.874 11.799 12.139 12.199 12.413 13.667 16.246 17.663 17.714 17.719 17.487 14.871 14.148 14.114 13.984 13.331 12.174 10.412 7.383 5.615 4.443 6.177 6.149 15.057 21.773 22.508 22.511 22.425 22.477 22.531 22.562 21.927 22.399 22.903 23.140 23.239 23.312 23.349 23.368 23.248 23.252 23.654 23.689
0.000 0.000 0.000 0.000 0.000 0.000 0.000 0.000 0.000 0.000 0.000 0.000 0.000 0.000 0.000 0.000 0.000 0.000 0.000 0.000 0.000 0.000 0.000 0.000 0.793 2.182 3.562 5.265 7.081 8.768 10.449 11.657 12.321 12.411 12.496 12.613 14.132 16.601 17.618 17.655 17.663 16.832 14.596 14.191 14.057 13.799 13.156 11.958 9.759 7.468 6.439 6.041 7.832 7.823 17.860 22.319 22.473 22.413 22.344 22.408 22.462 22.470 21.941 22.223 22.800 22.996 23.099 23.248 23.422 23.523 23.545 23.576 23.656 23.674
0.000 0.000 0.000 0.000 0.000 0.000 0.000 0.000 0.000 0.000 0.000 0.000 0.000 0.000 0.000 0.000 0.000 0.000 0.000 0.000 0.000 0.000 0.000 0.000 1.188 2.568 4.021 5.864 7.709 9.301 11.231 12.346 12.675 12.550 12.672 12.832 14.563 16.923 17.573 17.598 17.601 16.181 14.237 13.969 13.526 13.381 12.844 11.709 9.476 7.873 7.974 9.045 9.326 11.747 19.968 22.399 22.414 22.316 22.277 22.341 22.382 22.356 22.217 22.271 22.768 23.023 23.061 23.133 23.357 23.576 23.602 23.624 23.643 23.661
0.000 0.000 0.000 0.000 0.000 0.000 0.000 0.000 0.000 0.000 0.000 0.000 0.000 0.000 0.000 0.000 0.000 0.000 0.000 0.000 0.000 0.000 0.000 0.000 1.736 3.162 4.486 6.290 8.432 10.124 11.879 12.615 12.849 12.711 12.911 13.291 15.206 17.267 17.524 17.536 17.512 15.509 13.572 13.419 12.919 12.772 12.428 11.547 9.857 8.039 7.507 9.391 9.405 15.246 21.588 22.384 22.371 22.164 22.173 22.212 22.138 22.082 22.136 22.201 22.781 23.166 23.153 23.180 23.400 23.562 23.576 23.593 23.611 23.630
0.000 0.000 0.000 0.000 0.000 0.000 0.000 0.000 0.000 0.000 0.000 0.000 0.000 0.000 0.000 0.000 0.000 0.000 0.000 0.000 0.000 0.000 0.000 0.264 2.294 3.899 5.064 6.928 9.102 11.058 12.436 12.852 13.046 12.926 13.069 13.712 15.812 17.369 17.477 17.477 17.333 15.332 13.270 13.416 12.787 12.316 12.371 11.696 10.629 9.614 8.591 10.647 10.650 17.866 22.118 22.368 22.344 22.123 22.088 22.019 21.853 21.539 21.589 22.117 22.804 23.249 23.303 23.316 23.465 23.545 23.548 23.561 23.576 23.591
0.000 0.000 0.000 0.000 0.000 0.000 0.000 0.000 0.000 0.000 0.000 0.000 0.000 0.000 0.000 0.000 0.000 0.000 0.000 0.000 0.000 0.000 0.000 0.659 2.953 4.748 5.959 7.971 9.319 11.351 12.887 13.244 13.243 13.119 13.187 14.109 16.341 17.368 17.425 17.422 17.038 15.639 13.212 13.498 12.896 12.557 12.514 12.079 11.332 11.497 12.233 12.653 12.778 20.023 22.332 22.349 22.311 22.065 22.027 22.018 21.923 21.606 21.690 22.203 22.801 23.268 23.366 23.407 23.484 23.527 23.523 23.535 23.557 23.566
0.000 0.000 0.000 0.000 0.000 0.000 0.000 0.000 0.000 0.000 0.000 0.000 0.000 0.000 0.000 0.000 0.000 0.000 0.000 0.000 0.000 0.000 0.000 1.264 3.646 5.432 6.826 8.804 9.877 11.666 13.058 13.419 13.361 13.262 13.350 14.404 16.631 17.324 17.366 17.366 16.725 16.104 16.151 16.362 16.213 12.952 12.752 12.787 11.371 10.887 12.822 12.889 15.422 21.681 22.318 22.318 22.193 22.045 22.072 22.089 22.016 21.967 22.073 22.465 22.908 23.249 23.358 23.423 23.473 23.508 23.494 23.510 23.539 23.536
0.000 0.000 0.000 0.000 0.000 0.000 0.000 0.000 0.000 0.000 0.000 0.000 0.000 0.000 0.000 0.000 0.000 0.000 0.000 0.000 0.000 0.000 0.000 2.134 4.392 5.917 7.046 8.984 11.189 12.765 13.253 13.531 13.480 13.431 13.603 14.803 16.934 17.351 17.352 17.317 16.337 15.097 15.247 16.191 16.743 16.850 15.114 13.523 12.648 11.379 13.726 13.762 17.786 22.118 22.284 22.226 22.073 22.064 22.105 22.151 22.194 22.156 22.263 22.693 23.093 23.304 23.362 23.413 23.449 23.481 23.497 23.536 23.567 23.577
0.000 0.000 0.000 0.000 0.000 0.000 0.000 0.000 0.000 0.000 0.000 0.000 0.000 0.000 0.000 0.000 0.000 0.000 0.000 0.000 0.000 0.000 0.149 3.299 5.451 6.621 7.858 9.728 11.994 12.979 13.299 13.578 13.626 13.755 13.926 15.334 17.253 17.392 17.391 17.328 16.156 15.303 16.172 16.320 16.481 16.377 15.119 14.246 13.668 13.338 14.589 14.635 18.886 22.186 22.233 22.081 22.034 21.986 22.046 22.149 22.255 22.312 22.464 22.905 23.235 23.359 23.398 23.426 23.452 23.487 23.509 23.559 23.585 23.604
