LISFLOOD/results/run5.totaltm
ncols         413
nrows         307
xllcorner     341179.518085
yllcorner     4516729.658735
cellsize      10.000000
NODATA_value  -9999.000000
[rows 99 to 131 of 307, columns 296 to 369 of 413]
27.231 27.249 27.267 27.284 27.302 27.319 27.336 27.352 27.367 27.382 27.397 27.411 27.424 27.438 27.451 27.462 27.474 27.484 27.495 27.504 27.513 27.521 27.527 27.533 27.538 27.534 27.564 27.639 27.652 27.654 27.578 27.581 27.584 27.588 27.592 27.594 27.595 27.778 27.599 27.597 27.595 27.592 27.589 27.589 27.588 27.586 27.583 27.580 27.576 27.572 27.567 27.561 27.554 27.547 27.539 27.527 27.478 27.428 27.376 27.368 27.359 27.297 27.232 27.209 27.157 27.134 27.117 27.106 27.092 27.088 27.091 27.115 27.111 27.105
27.233 27.252 27.271 27.288 27.304 27.321 27.338 27.354 27.369 27.384 27.398 27.412 27.427 27.439 27.452 27.464 27.476 27.487 27.498 27.508 27.517 27.526 27.533 27.541 27.544 27.549 27.609 27.628 27.639 27.574 27.574 27.578 27.581 27.586 27.589 27.591 27.592 27.778 27.594 27.593 27.591 27.589 27.586 27.586 27.584 27.583 27.580 27.577 27.573 27.568 27.563 27.557 27.550 27.543 27.534 27.514 27.463 27.416 27.366 27.361 27.346 27.264 27.243 27.232 27.157 27.051 27.036 27.073 27.051 27.034 27.074 27.098 27.095 27.089
27.234 27.253 27.272 27.289 27.306 27.323 27.339 27.355 27.371 27.386 27.400 27.414 27.427 27.441 27.453 27.466 27.478 27.489 27.500 27.510 27.520 27.529 27.539 27.549 27.563 27.582 27.602 27.615 27.617 27.569 27.573 27.576 27.579 27.583 27.586 27.587 27.778 27.589 27.590 27.589 27.587 27.585 27.582 27.582 27.581 27.579 27.577 27.573 27.569 27.564 27.558 27.552 27.546 27.538 27.529 27.499 27.452 27.401 27.364 27.357 27.321 27.237 27.227 27.197 27.160 27.036 27.022 27.049 27.019 26.998 27.008 27.081 27.078 27.073
27.237 27.254 27.273 27.291 27.308 27.324 27.341 27.356 27.371 27.387 27.401 27.415 27.429 27.442 27.454 27.467 27.478 27.489 27.501 27.511 27.521 27.529 27.538 27.547 27.557 27.576 27.589 27.601 27.564 27.567 27.571 27.574 27.577 27.581 27.583 27.584 27.778 27.587 27.586 27.585 27.583 27.581 27.579 27.578 27.577 27.576 27.573 27.569 27.564 27.559 27.554 27.548 27.541 27.533 27.523 27.484 27.442 27.395 27.380 27.366 27.262 27.195 27.139 27.058 27.048 27.008 27.001 27.025 26.988 26.974 26.987 27.064 27.062 27.057
27.240 27.257 27.275 27.292 27.309 27.326 27.342 27.357 27.372 27.387 27.402 27.416 27.429 27.442 27.455 27.467 27.478 27.489 27.500 27.510 27.519 27.528 27.536 27.543 27.551 27.563 27.576 27.581 27.560 27.563 27.567 27.571 27.576 27.578 27.580 27.581 27.778 27.584 27.583 27.581 27.578 27.576 27.576 27.575 27.573 27.571 27.568 27.564 27.560 27.555 27.549 27.543 27.536 27.528 27.514 27.468 27.430 27.397 27.384 27.334 27.194 27.141 27.076 27.011 26.954 26.935 26.951 26.978 26.949 26.958 26.969 27.048 27.045 27.041
27.242 27.260 27.277 27.294 27.311 27.327 27.343 27.359 27.374 27.388 27.402 27.416 27.429 27.443 27.455 27.467 27.478 27.489 27.499 27.509 27.518 27.526 27.532 27.539 27.544 27.551 27.559 27.554 27.558 27.562 27.565 27.569 27.573 27.575 27.577 27.578 27.778 27.580 27.578 27.577 27.574 27.572 27.572 27.571 27.569 27.567 27.564 27.560 27.556 27.551 27.544 27.538 27.531 27.523 27.502 27.453 27.414 27.393 27.373 27.279 27.159 27.107 27.047 26.984 26.881 26.870 26.863 26.932 26.926 26.933 26.955 27.031 27.028 27.024
27.244 27.262 27.280 27.297 27.313 27.329 27.344 27.360 27.375 27.389 27.404 27.417 27.430 27.443 27.455 27.467 27.478 27.488 27.498 27.507 27.516 27.523 27.529 27.535 27.540 27.544 27.548 27.551 27.554 27.558 27.561 27.567 27.569 27.572 27.573 27.778 27.778 27.576 27.574 27.572 27.570 27.568 27.568 27.568 27.566 27.563 27.560 27.556 27.551 27.546 27.540 27.533 27.526 27.517 27.489 27.439 27.399 27.382 27.346 27.238 27.134 27.056 27.010 26.968 26.906 26.889 26.889 26.894 26.895 26.908 26.968 27.012 27.009 27.006
27.247 27.264 27.282 27.299 27.315 27.331 27.346 27.361 27.376 27.391 27.404 27.417 27.430 27.443 27.454 27.466 27.477 27.487 27.497 27.506 27.513 27.521 27.527 27.532 27.537 27.541 27.544 27.548 27.552 27.555 27.558 27.564 27.566 27.568 27.570 27.778 27.573 27.572 27.570 27.568 27.567 27.565 27.564 27.564 27.562 27.559 27.556 27.551 27.546 27.541 27.535 27.528 27.521 27.512 27.479 27.427 27.387 27.369 27.312 27.208 27.115 27.048 26.974 26.960 26.937 26.927 26.917 26.907 26.897 26.891 26.965 26.993 26.991 26.987
27.250 27.267 27.284 27.301 27.317 27.333 27.348 27.363 27.377 27.391 27.404 27.418 27.431 27.443 27.454 27.466 27.476 27.486 27.496 27.504 27.512 27.518 27.524 27.529 27.534 27.538 27.543 27.547 27.550 27.553 27.557 27.560 27.562 27.565 27.567 27.778 27.570 27.569 27.567 27.565 27.563 27.562 27.561 27.560 27.558 27.554 27.551 27.547 27.542 27.536 27.530 27.523 27.516 27.506 27.470 27.416 27.378 27.354 27.280 27.163 27.082 27.053 26.990 26.976 26.937 26.926 26.915 26.904 26.893 26.886 26.951 26.972 26.970 26.967
27.253 27.271 27.287 27.303 27.319 27.334 27.349 27.364 27.378 27.392 27.405 27.418 27.431 27.442 27.454 27.465 27.475 27.485 27.494 27.502 27.509 27.516 27.522 27.527 27.531 27.535 27.539 27.543 27.547 27.550 27.554 27.557 27.559 27.562 27.563 27.778 27.567 27.566 27.564 27.561 27.559 27.558 27.558 27.556 27.553 27.551 27.547 27.542 27.537 27.531 27.525 27.518 27.511 27.499 27.458 27.402 27.366 27.334 27.251 27.120 27.044 27.039 27.017 26.971 26.950 26.937 26.924 26.912 26.901 26.891 26.931 26.947 26.947 26.945
27.256 27.273 27.289 27.305 27.321 27.336 27.351 27.366 27.379 27.393 27.406 27.418 27.431 27.442 27.453 27.464 27.474 27.483 27.492 27.500 27.508 27.514 27.520 27.524 27.528 27.532 27.537 27.540 27.544 27.547 27.551 27.554 27.557 27.559 27.560 27.778 27.564 27.563 27.560 27.557 27.554 27.554 27.554 27.552 27.550 27.546 27.542 27.538 27.532 27.526 27.520 27.513 27.505 27.493 27.444 27.387 27.354 27.313 27.222 27.078 27.046 27.032 27.007 26.983 26.947 26.934 26.921 26.908 26.897 26.888 26.912 26.920 26.921 26.921
27.259 27.276 27.292 27.308 27.323 27.338 27.352 27.367 27.381 27.394 27.407 27.419 27.431 27.442 27.453 27.463 27.473 27.482 27.491 27.498 27.506 27.512 27.518 27.522 27.526 27.531 27.534 27.538 27.541 27.545 27.548 27.552 27.554 27.556 27.778 27.558 27.560 27.558 27.555 27.551 27.549 27.550 27.551 27.548 27.546 27.542 27.538 27.533 27.527 27.522 27.515 27.508 27.500 27.484 27.429 27.375 27.339 27.288 27.179 27.027 27.033 27.018 26.983 26.966 26.924 26.917 26.906 26.895 26.888 26.881 26.893 26.896 26.897 26.897
27.262 27.278 27.294 27.310 27.326 27.340 27.354 27.368 27.381 27.394 27.407 27.419 27.431 27.442 27.452 27.463 27.472 27.481 27.489 27.497 27.504 27.510 27.515 27.519 27.523 27.528 27.532 27.536 27.539 27.543 27.546 27.548 27.551 27.778 27.778 27.556 27.555 27.553 27.551 27.548 27.546 27.546 27.546 27.544 27.541 27.537 27.533 27.528 27.522 27.516 27.509 27.502 27.494 27.476 27.414 27.362 27.322 27.264 27.125 27.009 27.019 27.006 26.991 26.961 26.913 26.904 26.893 26.883 26.877 26.871 26.874 26.874 26.874 26.873
27.266 27.281 27.297 27.312 27.327 27.342 27.356 27.369 27.382 27.395 27.408 27.419 27.431 27.442 27.452 27.462 27.471 27.480 27.488 27.495 27.502 27.508 27.513 27.517 27.521 27.526 27.529 27.533 27.536 27.540 27.543 27.546 27.548 27.778 27.551 27.552 27.551 27.548 27.545 27.544 27.543 27.542 27.541 27.539 27.536 27.532 27.528 27.523 27.517 27.511 27.504 27.497 27.489 27.466 27.399 27.349 27.307 27.240 27.084 27.009 26.997 26.991 26.983 26.949 26.936 26.924 26.909 26.896 26.885 26.874 26.861 26.855 26.853 26.851
27.269 27.285 27.300 27.314 27.329 27.343 27.358 27.371 27.384 27.396 27.408 27.420 27.431 27.442 27.452 27.462 27.471 27.479 27.487 27.493 27.500 27.506 27.511 27.515 27.519 27.523 27.527 27.530 27.534 27.537 27.541 27.543 27.778 27.778 27.548 27.547 27.546 27.544 27.541 27.540 27.539 27.539 27.537 27.534 27.532 27.528 27.523 27.518 27.512 27.506 27.499 27.491 27.483 27.457 27.387 27.336 27.290 27.203 27.041 26.996 26.982 26.971 26.973 26.939 26.928 26.917 26.904 26.893 26.885 26.874 26.859 26.846 26.837 26.832
27.273 27.288 27.303 27.318 27.332 27.346 27.359 27.372 27.385 27.397 27.409 27.420 27.431 27.442 27.452 27.461 27.469 27.478 27.485 27.492 27.498 27.504 27.508 27.512 27.516 27.520 27.523 27.526 27.531 27.534 27.537 27.539 27.778 27.541 27.543 27.543 27.542 27.541 27.537 27.536 27.536 27.535 27.533 27.531 27.527 27.523 27.518 27.513 27.507 27.501 27.493 27.485 27.477 27.451 27.376 27.320 27.272 27.169 27.016 26.997 26.984 26.958 26.963 26.952 26.942 26.927 26.914 26.904 26.896 26.885 26.868 26.852 26.833 26.821
27.276 27.291 27.306 27.321 27.334 27.348 27.361 27.374 27.386 27.398 27.410 27.421 27.432 27.442 27.451 27.460 27.469 27.477 27.484 27.491 27.496 27.502 27.506 27.510 27.514 27.518 27.521 27.524 27.528 27.532 27.533 27.778 27.778 27.538 27.538 27.538 27.538 27.537 27.533 27.532 27.532 27.531 27.529 27.526 27.522 27.518 27.513 27.508 27.502 27.495 27.488 27.480 27.471 27.444 27.363 27.303 27.253 27.121 26.992 26.984 26.972 26.959 26.956 26.948 26.938 26.919 26.910 26.903 26.896 26.885 26.870 26.854 26.836 26.819
27.279 27.294 27.309 27.323 27.337 27.350 27.363 27.376 27.388 27.399 27.411 27.421 27.432 27.442 27.451 27.459 27.468 27.476 27.482 27.489 27.494 27.499 27.503 27.507 27.511 27.514 27.518 27.522 27.525 27.528 27.529 27.778 27.532 27.534 27.536 27.535 27.534 27.533 27.530 27.529 27.528 27.527 27.524 27.522 27.518 27.513 27.508 27.503 27.497 27.489 27.482 27.474 27.466 27.438 27.352 27.285 27.225 27.070 26.961 26.958 26.947 26.948 26.943 26.933 26.927 26.912 26.906 26.900 26.893 26.882 26.869 26.853 26.836 26.818
27.283 27.297 27.311 27.326 27.339 27.352 27.365 27.377 27.389 27.401 27.411 27.422 27.432 27.442 27.451 27.459 27.467 27.474 27.481 27.487 27.492 27.497 27.501 27.505 27.508 27.511 27.515 27.518 27.522 27.524 27.778 27.778 27.529 27.532 27.532 27.531 27.529 27.528 27.526 27.526 27.525 27.523 27.521 27.517 27.513 27.508 27.503 27.497 27.491 27.484 27.476 27.468 27.459 27.433 27.342 27.268 27.191 27.022 26.955 26.936 26.907 26.919 26.926 26.911 26.912 26.898 26.897 26.893 26.886 26.875 26.863 26.849 26.833 26.815
27.288 27.302 27.316 27.328 27.341 27.354 27.367 27.379 27.391 27.402 27.412 27.423 27.432 27.441 27.450 27.458 27.466 27.473 27.479 27.484 27.489 27.493 27.498 27.502 27.505 27.508 27.512 27.516 27.518 27.519 27.778 27.523 27.526 27.528 27.528 27.527 27.525 27.523 27.522 27.521 27.521 27.519 27.516 27.513 27.508 27.504 27.498 27.492 27.486 27.478 27.471 27.462 27.453 27.432 27.333 27.254 27.153 26.978 26.936 26.926 26.912 26.899 26.906 26.893 26.868 26.851 26.887 26.885 26.877 26.867 26.855 26.842 26.826 26.809
27.293 27.307 27.319 27.332 27.344 27.357 27.368 27.380 27.392 27.402 27.413 27.423 27.432 27.441 27.449 27.458 27.465 27.472 27.477 27.483 27.487 27.491 27.496 27.499 27.502 27.506 27.509 27.512 27.514 27.778 27.778 27.521 27.523 27.524 27.523 27.521 27.519 27.517 27.516 27.516 27.517 27.514 27.512 27.508 27.503 27.498 27.493 27.487 27.480 27.472 27.464 27.456 27.447 27.429 27.326 27.238 27.098 26.931 26.923 26.916 26.905 26.893 26.887 26.870 26.834 26.831 26.877 26.875 26.867 26.856 26.845 26.832 26.817 26.801
27.298 27.311 27.324 27.336 27.348 27.359 27.371 27.382 27.392 27.403 27.413 27.423 27.432 27.441 27.449 27.457 27.464 27.470 27.476 27.481 27.485 27.489 27.493 27.497 27.499 27.503 27.506 27.508 27.510 27.778 27.515 27.519 27.519 27.519 27.516 27.514 27.514 27.512 27.507 27.511 27.512 27.510 27.507 27.503 27.498 27.493 27.487 27.481 27.474 27.467 27.458 27.449 27.441 27.427 27.329 27.217 27.038 26.909 26.910 26.903 26.896 26.884 26.875 26.840 26.826 26.819 26.862 26.862 26.854 26.844 26.833 26.821 26.805 26.789
27.305 27.317 27.329 27.341 27.352 27.363 27.374 27.384 27.394 27.404 27.414 27.423 27.432 27.441 27.448 27.456 27.463 27.469 27.474 27.479 27.483 27.487 27.491 27.493 27.497 27.500 27.503 27.505 27.778 27.778 27.513 27.516 27.516 27.514 27.512 27.509 27.509 27.505 27.503 27.506 27.507 27.504 27.501 27.497 27.493 27.487 27.482 27.475 27.468 27.460 27.452 27.443 27.434 27.423 27.348 27.194 26.988 26.894 26.892 26.879 26.884 26.875 26.843 26.814 26.810 26.808 26.841 26.846 26.840 26.831 26.820 26.808 26.793 26.778
27.314 27.326 27.337 27.348 27.358 27.368 27.378 27.387 27.397 27.406 27.415 27.424 27.432 27.440 27.448 27.455 27.461 27.467 27.472 27.476 27.480 27.484 27.487 27.490 27.493 27.496 27.499 27.501 27.778 27.507 27.510 27.511 27.511 27.509 27.507 27.505 27.502 27.493 27.498 27.500 27.501 27.499 27.496 27.492 27.487 27.481 27.476 27.469 27.462 27.454 27.446 27.436 27.427 27.417 27.368 27.168 26.942 26.882 26.877 26.867 26.863 26.859 26.794 26.778 26.791 26.797 26.813 26.828 26.823 26.815 26.805 26.793 26.779 26.765
27.327 27.339 27.350 27.361 27.370 27.379 27.387 27.395 27.402 27.410 27.417 27.425 27.433 27.440 27.447 27.454 27.459 27.465 27.469 27.473 27.477 27.481 27.483 27.487 27.489 27.492 27.496 27.778 27.778 27.504 27.505 27.506 27.505 27.504 27.502 27.497 27.491 27.488 27.492 27.494 27.495 27.493 27.489 27.486 27.481 27.475 27.469 27.461 27.452 27.446 27.438 27.430 27.420 27.411 27.381 27.137 26.914 26.868 26.864 26.854 26.847 26.844 26.777 26.761 26.766 26.783 26.793 26.808 26.804 26.797 26.788 26.777 26.764 26.750
27.351 27.364 27.376 27.383 27.393 27.403 27.412 27.418 27.424 27.429 27.432 27.434 27.437 27.441 27.447 27.453 27.458 27.463 27.467 27.471 27.475 27.478 27.481 27.483 27.486 27.489 27.778 27.778 27.497 27.500 27.499 27.499 27.500 27.498 27.494 27.489 27.481 27.482 27.479 27.484 27.489 27.486 27.483 27.479 27.474 27.468 27.462 27.443 27.426 27.428 27.428 27.421 27.412 27.403 27.383 27.118 26.899 26.856 26.852 26.843 26.837 26.832 26.776 26.757 26.751 26.767 26.778 26.787 26.784 26.779 26.769 26.759 26.747 26.734
27.375 27.389 27.402 27.414 27.425 27.431 27.439 27.447 27.453 27.458 27.462 27.463 27.464 27.464 27.463 27.461 27.459 27.462 27.465 27.469 27.473 27.476 27.478 27.481 27.483 27.486 27.778 27.491 27.495 27.497 27.496 27.496 27.494 27.489 27.484 27.480 27.476 27.476 27.473 27.478 27.482 27.479 27.476 27.472 27.467 27.461 27.450 27.414 27.398 27.394 27.413 27.411 27.403 27.394 27.380 27.108 26.886 26.844 26.841 26.832 26.825 26.814 26.783 26.767 26.755 26.750 26.762 26.764 26.763 26.758 26.751 26.741 26.730 26.717
27.404 27.414 27.428 27.439 27.451 27.461 27.470 27.478 27.481 27.486 27.489 27.492 27.493 27.493 27.492 27.489 27.485 27.479 27.463 27.467 27.470 27.472 27.475 27.478 27.481 27.778 27.778 27.489 27.492 27.493 27.492 27.492 27.489 27.483 27.479 27.474 27.471 27.470 27.468 27.472 27.475 27.473 27.469 27.465 27.459 27.454 27.433 27.389 27.361 27.357 27.387 27.399 27.392 27.385 27.371 27.104 26.871 26.837 26.831 26.820 26.807 26.775 26.767 26.755 26.748 26.739 26.745 26.744 26.742 26.738 26.731 26.722 26.711 26.699
27.428 27.442 27.456 27.468 27.476 27.486 27.495 27.503 27.510 27.516 27.519 27.518 27.520 27.520 27.519 27.518 27.512 27.503 27.480 27.464 27.467 27.469 27.473 27.475 27.478 27.778 27.482 27.487 27.488 27.488 27.488 27.485 27.480 27.477 27.474 27.471 27.467 27.466 27.464 27.465 27.468 27.465 27.462 27.457 27.452 27.444 27.414 27.357 27.316 27.310 27.351 27.383 27.381 27.376 27.361 27.134 26.863 26.835 26.824 26.808 26.784 26.751 26.749 26.743 26.738 26.729 26.727 26.726 26.723 26.718 26.711 26.702 26.692 26.680
27.451 27.465 27.478 27.491 27.502 27.513 27.522 27.527 27.534 27.540 27.545 27.548 27.549 27.549 27.545 27.544 27.539 27.525 27.491 27.461 27.464 27.467 27.470 27.472 27.778 27.778 27.480 27.483 27.484 27.484 27.483 27.477 27.473 27.470 27.470 27.467 27.463 27.462 27.459 27.459 27.460 27.457 27.454 27.449 27.444 27.433 27.392 27.321 27.299 27.291 27.316 27.359 27.369 27.364 27.352 27.177 26.899 26.829 26.813 26.797 26.767 26.751 26.738 26.732 26.728 26.717 26.711 26.707 26.703 26.698 26.691 26.683 26.671 26.661
27.476 27.490 27.501 27.513 27.524 27.535 27.545 27.553 27.561 27.567 27.569 27.572 27.574 27.574 27.573 27.572 27.564 27.546 27.454 27.457 27.460 27.464 27.466 27.468 27.778 27.473 27.477 27.479 27.479 27.480 27.474 27.468 27.467 27.464 27.461 27.462 27.459 27.458 27.456 27.453 27.452 27.449 27.446 27.442 27.437 27.422 27.362 27.298 27.291 27.283 27.293 27.332 27.355 27.353 27.342 27.232 26.964 26.819 26.802 26.781 26.750 26.739 26.729 26.724 26.718 26.707 26.697 26.690 26.685 26.678 26.671 26.663 26.652 26.641
27.497 27.511 27.524 27.536 27.548 27.556 27.566 27.574 27.583 27.589 27.595 27.599 27.601 27.598 27.597 27.594 27.588 27.566 27.452 27.454 27.457 27.461 27.463 27.778 27.778 27.471 27.472 27.474 27.474 27.472 27.467 27.463 27.462 27.458 27.452 27.456 27.456 27.454 27.452 27.449 27.446 27.443 27.439 27.434 27.429 27.403 27.332 27.291 27.282 27.273 27.267 27.310 27.339 27.340 27.332 27.279 27.012 26.799 26.787 26.759 26.745 26.732 26.723 26.717 26.725 26.722 26.710 26.690 26.676 26.664 26.654 26.645 26.634 26.623
27.516 27.529 27.543 27.556 27.567 27.578 27.588 27.597 27.603 27.610 27.616 27.621 27.623 27.624 27.624 27.621 27.607 27.573 27.448 27.451 27.455 27.458 27.460 27.778 27.464 27.468 27.468 27.469 27.471 27.465 27.459 27.455 27.452 27.452 27.448 27.451 27.451 27.450 27.447 27.444 27.441 27.437 27.432 27.427 27.421 27.371 27.294 27.264 27.257 27.247 27.238 27.287 27.324 27.326 27.321 27.297 27.053 26.778 26.768 26.743 26.733 26.722 26.716 26.709 26.762 26.751 26.737 26.720 26.702 26.678 26.659 26.641 26.626 26.612
