LISFLOOD/results/run5.mxe
ncols         413
nrows         307
xllcorner     341179.518085
yllcorner     4516729.658735
cellsize      10.000000
NODATA_value  -9999.000000
[rows 56 to 83 of 307, columns 310 to 371 of 413]
141.213 141.292 141.372 141.452 141.532 141.613 141.695 141.777 141.859 141.942 142.026 142.110 142.195 142.280 142.366 142.453 142.540 142.628 142.717 142.807 142.897 142.988 143.080 143.173 143.266 143.361 143.457 143.554 143.653 143.757 143.876 143.858 143.827 143.792 143.758 143.724 143.690 143.656 143.623 143.591 143.559 143.528 143.498 143.469 143.440 143.413 143.386 143.360 143.335 143.311 143.288 143.265 143.244 143.223 143.203 143.183 143.164 143.146 143.129 143.112 143.096 143.080
141.230 141.309 141.389 141.469 141.550 141.631 141.712 141.794 141.877 141.959 142.043 142.127 142.212 142.297 142.383 142.469 142.556 142.644 142.732 142.822 142.911 143.002 143.093 143.185 143.278 143.372 143.467 143.563 143.661 143.763 143.870 143.845 143.816 143.784 143.752 143.719 143.686 143.654 143.622 143.591 143.560 143.530 143.501 143.472 143.444 143.417 143.391 143.366 143.341 143.317 143.294 143.272 143.250 143.230 143.210 143.190 143.172 143.154 143.136 143.119 143.103 143.088
141.247 141.326 141.406 141.486 141.566 141.648 141.729 141.811 141.893 141.976 142.060 142.144 142.228 142.313 142.399 142.485 142.572 142.659 142.747 142.836 142.925 143.015 143.106 143.197 143.289 143.382 143.476 143.570 143.667 143.765 143.865 143.837 143.808 143.777 143.746 143.715 143.683 143.652 143.621 143.590 143.561 143.531 143.503 143.475 143.448 143.421 143.395 143.370 143.346 143.323 143.300 143.278 143.257 143.236 143.216 143.197 143.178 143.160 143.143 143.126 143.110 143.095
141.263 141.343 141.423 141.503 141.583 141.664 141.746 141.828 141.910 141.993 142.076 142.160 142.244 142.329 142.415 142.500 142.587 142.674 142.762 142.850 142.939 143.028 143.118 143.208 143.300 143.391 143.483 143.576 143.670 143.764 143.859 143.830 143.801 143.771 143.741 143.710 143.680 143.649 143.619 143.590 143.561 143.532 143.504 143.477 143.450 143.424 143.399 143.375 143.351 143.328 143.305 143.283 143.262 143.242 143.222 143.203 143.185 143.167 143.150 143.133 143.117 143.101
141.280 141.360 141.439 141.519 141.600 141.681 141.762 141.844 141.926 142.009 142.092 142.176 142.260 142.345 142.430 142.516 142.602 142.688 142.776 142.863 142.951 143.040 143.129 143.219 143.309 143.400 143.491 143.581 143.672 143.763 143.853 143.824 143.795 143.765 143.735 143.705 143.676 143.646 143.617 143.589 143.560 143.532 143.505 143.479 143.452 143.427 143.402 143.378 143.355 143.332 143.310 143.288 143.267 143.247 143.228 143.209 143.190 143.173 143.156 143.139 143.123 143.108
141.297 141.376 141.456 141.536 141.617 141.697 141.779 141.861 141.943 142.025 142.108 142.192 142.276 142.360 142.445 142.530 142.616 142.702 142.789 142.876 142.964 143.052 143.141 143.230 143.319 143.408 143.498 143.587 143.675 143.762 143.848 143.818 143.789 143.759 143.730 143.701 143.672 143.643 143.615 143.587 143.559 143.532 143.506 143.480 143.454 143.429 143.405 143.381 143.358 143.336 143.314 143.293 143.272 143.252 143.233 143.214 143.196 143.178 143.161 143.145 143.129 143.114
141.314 141.393 141.473 141.553 141.633 141.714 141.795 141.877 141.959 142.041 142.124 142.207 142.291 142.375 142.460 142.545 142.630 142.716 142.802 142.889 142.976 143.064 143.152 143.240 143.328 143.417 143.505 143.593 143.679 143.762 143.842 143.812 143.782 143.753 143.725 143.696 143.668 143.640 143.612 143.585 143.558 143.532 143.506 143.480 143.455 143.431 143.407 143.384 143.361 143.339 143.318 143.297 143.276 143.257 143.238 143.219 143.201 143.184 143.167 143.151 143.135 143.120
141.330 141.409 141.489 141.569 141.649 141.730 141.811 141.893 141.975 142.057 142.140 142.223 142.306 142.390 142.474 142.559 142.644 142.729 142.815 142.901 142.988 143.075 143.162 143.250 143.338 143.426 143.514 143.601 143.686 143.766 143.836 143.805 143.776 143.747 143.719 143.691 143.664 143.637 143.610 143.583 143.557 143.531 143.506 143.481 143.456 143.432 143.409 143.386 143.364 143.342 143.321 143.300 143.280 143.261 143.242 143.224 143.206 143.189 143.172 143.156 143.140 143.125
141.347 141.426 141.506 141.585 141.666 141.746 141.827 141.909 141.990 142.073 142.155 142.238 142.321 142.405 142.489 142.573 142.658 142.743 142.828 142.914 143.000 143.086 143.173 143.260 143.347 143.435 143.523 143.611 143.698 143.779 143.831 143.798 143.768 143.740 143.713 143.686 143.659 143.633 143.607 143.581 143.555 143.530 143.505 143.481 143.457 143.433 143.410 143.388 143.366 143.345 143.324 143.304 143.284 143.265 143.246 143.228 143.210 143.193 143.177 143.161 143.146 143.131
141.363 141.442 141.522 141.602 141.682 141.763 141.843 141.925 142.006 142.088 142.170 142.253 142.336 142.419 142.503 142.587 142.671 142.756 142.840 142.926 143.011 143.097 143.183 143.270 143.356 143.444 143.532 143.622 143.716 143.823 143.809 143.785 143.760 143.733 143.707 143.681 143.655 143.629 143.603 143.578 143.553 143.528 143.504 143.480 143.457 143.434 143.411 143.389 143.368 143.347 143.326 143.306 143.287 143.268 143.250 143.232 143.215 143.198 143.181 143.166 143.150 143.136
141.380 141.459 141.538 141.618 141.698 141.779 141.859 141.940 142.022 142.103 142.185 142.268 142.350 142.433 142.517 142.600 142.684 142.768 142.853 142.938 143.022 143.108 143.193 143.279 143.365 143.452 143.539 143.629 143.721 143.817 143.798 143.776 143.751 143.726 143.701 143.675 143.650 143.625 143.600 143.575 143.551 143.527 143.503 143.480 143.457 143.434 143.412 143.391 143.369 143.349 143.329 143.309 143.290 143.271 143.253 143.236 143.218 143.202 143.186 143.170 143.155 143.140
141.396 141.475 141.555 141.634 141.714 141.795 141.875 141.956 142.037 142.119 142.201 142.283 142.365 142.448 142.531 142.614 142.697 142.781 142.865 142.949 143.034 143.118 143.203 143.288 143.373 143.459 143.545 143.632 143.721 143.812 143.790 143.767 143.744 143.719 143.694 143.670 143.645 143.620 143.596 143.572 143.548 143.525 143.501 143.479 143.456 143.434 143.413 143.391 143.371 143.350 143.331 143.311 143.292 143.274 143.256 143.239 143.222 143.206 143.190 143.174 143.159 143.145
141.413 141.492 141.571 141.651 141.730 141.811 141.891 141.972 142.053 142.134 142.216 142.297 142.379 142.462 142.544 142.627 142.710 142.794 142.877 142.961 143.045 143.129 143.213 143.297 143.381 143.465 143.550 143.635 143.720 143.806 143.783 143.760 143.737 143.713 143.688 143.664 143.640 143.616 143.592 143.569 143.545 143.522 143.500 143.477 143.455 143.434 143.413 143.392 143.371 143.352 143.332 143.313 143.295 143.277 143.259 143.242 143.225 143.209 143.193 143.178 143.164 143.149
141.430 141.508 141.588 141.667 141.747 141.827 141.907 141.987 142.068 142.149 142.230 142.312 142.394 142.476 142.558 142.641 142.723 142.806 142.889 142.972 143.056 143.139 143.222 143.306 143.389 143.472 143.554 143.637 143.719 143.801 143.777 143.754 143.730 143.706 143.682 143.659 143.635 143.612 143.588 143.565 143.542 143.520 143.498 143.476 143.454 143.433 143.412 143.392 143.372 143.353 143.333 143.315 143.297 143.279 143.261 143.245 143.228 143.212 143.197 143.182 143.167 143.153
141.446 141.525 141.604 141.683 141.763 141.842 141.922 142.003 142.083 142.164 142.245 142.327 142.408 142.490 142.572 142.654 142.736 142.819 142.901 142.984 143.067 143.149 143.232 143.314 143.397 143.478 143.559 143.639 143.718 143.795 143.771 143.747 143.723 143.700 143.676 143.653 143.630 143.607 143.584 143.562 143.539 143.517 143.496 143.474 143.453 143.432 143.412 143.392 143.372 143.353 143.334 143.316 143.298 143.281 143.264 143.247 143.231 143.215 143.200 143.185 143.171 143.157
141.463 141.541 141.620 141.699 141.779 141.858 141.938 142.018 142.099 142.179 142.260 142.341 142.422 142.504 142.586 142.667 142.749 142.831 142.913 142.996 143.078 143.160 143.242 143.324 143.405 143.486 143.565 143.643 143.718 143.789 143.765 143.741 143.717 143.693 143.670 143.647 143.625 143.602 143.580 143.558 143.536 143.514 143.493 143.472 143.452 143.431 143.411 143.392 143.372 143.354 143.335 143.317 143.300 143.282 143.266 143.249 143.234 143.218 143.203 143.189 143.175 143.161
141.480 141.558 141.637 141.716 141.795 141.874 141.954 142.034 142.114 142.194 142.275 142.356 142.437 142.518 142.599 142.681 142.762 142.844 142.926 143.007 143.089 143.171 143.252 143.334 143.414 143.494 143.573 143.650 143.721 143.784 143.758 143.734 143.710 143.687 143.664 143.642 143.619 143.597 143.575 143.554 143.533 143.511 143.491 143.470 143.450 143.430 143.410 143.391 143.372 143.354 143.336 143.318 143.301 143.284 143.267 143.251 143.236 143.221 143.206 143.192 143.178 143.164
141.496 141.575 141.653 141.732 141.811 141.890 141.970 142.049 142.129 142.209 142.290 142.370 142.451 142.532 142.613 142.694 142.775 142.857 142.938 143.019 143.101 143.182 143.263 143.344 143.424 143.504 143.584 143.661 143.733 143.778 143.750 143.726 143.703 143.680 143.658 143.636 143.614 143.592 143.571 143.550 143.529 143.508 143.488 143.468 143.448 143.428 143.409 143.390 143.372 143.354 143.336 143.319 143.302 143.285 143.269 143.253 143.238 143.223 143.208 143.194 143.181 143.167
141.513 141.591 141.670 141.748 141.827 141.906 141.985 142.065 142.145 142.225 142.305 142.385 142.465 142.546 142.627 142.707 142.788 142.869 142.950 143.031 143.112 143.193 143.274 143.355 143.435 143.515 143.596 143.678 143.771 143.759 143.739 143.717 143.695 143.673 143.651 143.629 143.608 143.587 143.566 143.545 143.525 143.505 143.485 143.465 143.446 143.427 143.408 143.389 143.371 143.354 143.336 143.319 143.302 143.286 143.270 143.255 143.240 143.225 143.211 143.197 143.184 143.171
141.530 141.608 141.686 141.765 141.843 141.922 142.001 142.081 142.160 142.240 142.319 142.399 142.480 142.560 142.640 142.721 142.801 142.882 142.963 143.044 143.124 143.205 143.285 143.366 143.446 143.526 143.606 143.685 143.765 143.748 143.729 143.708 143.687 143.665 143.644 143.623 143.602 143.582 143.561 143.541 143.521 143.501 143.482 143.463 143.444 143.425 143.406 143.388 143.371 143.353 143.336 143.319 143.303 143.287 143.271 143.256 143.241 143.227 143.213 143.199 143.186 143.173
141.547 141.625 141.703 141.781 141.859 141.938 142.017 142.096 142.175 142.255 142.334 142.414 142.494 142.574 142.654 142.734 142.815 142.895 142.975 143.056 143.136 143.217 143.297 143.377 143.457 143.537 143.616 143.691 143.760 143.740 143.720 143.699 143.678 143.658 143.637 143.617 143.596 143.576 143.556 143.537 143.517 143.498 143.479 143.460 143.441 143.423 143.405 143.387 143.370 143.353 143.336 143.319 143.303 143.288 143.272 143.257 143.243 143.229 143.215 143.202 143.189 143.176
141.564 141.641 141.719 141.797 141.876 141.954 142.033 142.112 142.191 142.270 142.349 142.429 142.508 142.588 142.668 142.748 142.828 142.908 142.988 143.068 143.148 143.229 143.309 143.389 143.469 143.549 143.629 143.704 143.754 143.732 143.711 143.691 143.671 143.650 143.630 143.610 143.590 143.571 143.551 143.532 143.513 143.494 143.475 143.457 143.438 143.421 143.403 143.386 143.368 143.352 143.335 143.319 143.303 143.288 143.273 143.258 143.244 143.230 143.217 143.204 143.191 143.178
141.581 141.658 141.736 141.814 141.892 141.970 142.049 142.127 142.206 142.285 142.364 142.444 142.523 142.602 142.682 142.762 142.841 142.921 143.001 143.081 143.161 143.240 143.320 143.400 143.481 143.562 143.647 143.743 143.749 143.724 143.703 143.682 143.662 143.643 143.623 143.604 143.584 143.565 143.546 143.527 143.508 143.490 143.472 143.454 143.436 143.418 143.401 143.384 143.367 143.351 143.335 143.319 143.303 143.288 143.274 143.259 143.245 143.232 143.218 143.205 143.193 143.181
141.598 141.675 141.753 141.831 141.908 141.987 142.065 142.143 142.222 142.301 142.379 142.458 142.537 142.617 142.696 142.775 142.855 142.934 143.014 143.093 143.173 143.252 143.332 143.412 143.491 143.572 143.653 143.738 143.729 143.712 143.693 143.673 143.654 143.635 143.616 143.597 143.578 143.559 143.541 143.522 143.504 143.486 143.468 143.450 143.433 143.416 143.399 143.382 143.366 143.350 143.334 143.318 143.303 143.288 143.274 143.260 143.246 143.233 143.220 143.207 143.195 143.183
141.615 141.692 141.770 141.847 141.925 142.003 142.081 142.159 142.237 142.316 142.394 142.473 142.552 142.631 142.710 142.789 142.868 142.947 143.027 143.106 143.185 143.265 143.344 143.423 143.502 143.580 143.657 143.732 143.718 143.701 143.683 143.665 143.646 143.627 143.609 143.590 143.572 143.554 143.535 143.517 143.499 143.482 143.464 143.447 143.430 143.413 143.396 143.380 143.364 143.348 143.333 143.318 143.303 143.288 143.274 143.260 143.247 143.234 143.221 143.208 143.196 143.185
141.632 141.709 141.787 141.864 141.942 142.019 142.097 142.175 142.253 142.331 142.410 142.488 142.567 142.645 142.724 142.803 142.882 142.961 143.040 143.119 143.198 143.277 143.356 143.434 143.512 143.589 143.662 143.727 143.709 143.692 143.674 143.656 143.638 143.620 143.602 143.584 143.566 143.548 143.530 143.512 143.495 143.478 143.460 143.443 143.427 143.410 143.394 143.378 143.362 143.347 143.332 143.317 143.302 143.288 143.274 143.261 143.247 143.235 143.222 143.210 143.198 143.187
141.650 141.727 141.804 141.881 141.958 142.036 142.113 142.191 142.269 142.347 142.425 142.503 142.581 142.660 142.738 142.817 142.895 142.974 143.053 143.131 143.210 143.289 143.368 143.447 143.525 143.602 143.675 143.721 143.701 143.683 143.665 143.647 143.630 143.612 143.595 143.577 143.559 143.542 143.524 143.507 143.490 143.473 143.456 143.440 143.424 143.407 143.391 143.376 143.360 143.345 143.330 143.316 143.302 143.288 143.274 143.261 143.248 143.235 143.223 143.211 143.199 143.188
141.667 141.744 141.821 141.898 141.975 142.052 142.129 142.207 142.285 142.362 142.440 142.518 142.596 142.674 142.752 142.831 142.909 142.987 143.066 143.144 143.223 143.301 143.380 143.459 143.538 143.621 143.713 143.705 143.690 143.673 143.656 143.639 143.622 143.605 143.587 143.570 143.553 143.536 143.519 143.502 143.485 143.469 143.452 143.436 143.420 143.404 143.389 143.374 143.358 143.344 143.329 143.315 143.301 143.287 143.274 143.261 143.248 143.236 143.224 143.212 143.201 143.190
