LISFLOOD/results/run5.inittm
ncols         413
nrows         307
xllcorner     341179.518085
yllcorner     4516729.658735
cellsize      10.000000
NODATA_value  -9999.000000
[rows 203 to 231 of 307, columns 260 to 324 of 413]
0.306 0.285 0.265 0.246 0.226 0.207 0.189 0.173 0.156 0.141 0.126 0.113 0.099 0.087 0.076 0.064 0.054 0.044 0.036 0.028 0.021 0.015 0.010 0.006 0.003 0.001 0.001 0.001 0.001 0.001 0.003 0.006 0.010 0.017 0.078 0.657 0.674 0.678 0.683 0.688 0.693 0.698 0.704 0.718 0.733 0.741 0.749 0.763 0.785 0.805 0.825 0.853 0.881 0.893 0.898 0.901 0.906 0.914 0.922 0.931 0.941 0.950 0.961 0.971 0.983
0.300 0.279 0.259 0.240 0.221 0.203 0.185 0.168 0.152 0.137 0.122 0.108 0.096 0.084 0.072 0.062 0.052 0.042 0.034 0.026 0.019 0.014 0.009 0.006 0.003 0.001 0.001 0.001 0.001 0.001 0.003 0.007 0.011 0.024 0.136 0.670 0.679 0.683 0.687 0.692 0.699 0.703 0.708 0.718 0.726 0.733 0.741 0.769 0.797 0.818 0.836 0.869 0.891 0.899 0.904 0.908 0.916 0.924 0.932 0.942 0.951 0.961 0.971 0.982 0.994
0.295 0.274 0.254 0.235 0.216 0.198 0.181 0.164 0.148 0.133 0.119 0.105 0.092 0.081 0.069 0.059 0.049 0.040 0.032 0.024 0.018 0.012 0.007 0.003 0.001 0.001 0.001 0.001 0.001 0.001 0.003 0.007 0.012 0.041 0.284 0.678 0.683 0.687 0.692 0.696 0.704 0.708 0.714 0.722 0.728 0.735 0.743 0.779 0.809 0.835 0.851 0.883 0.896 0.903 0.909 0.916 0.924 0.933 0.942 0.951 0.961 0.971 0.983 0.994 1.006
0.289 0.269 0.249 0.231 0.212 0.194 0.177 0.160 0.144 0.129 0.115 0.102 0.089 0.077 0.066 0.056 0.047 0.038 0.029 0.023 0.016 0.011 0.007 0.003 0.001 0.001 0.001 0.001 0.001 0.003 0.006 0.009 0.014 0.072 0.668 0.682 0.687 0.692 0.696 0.701 0.706 0.712 0.720 0.727 0.732 0.739 0.756 0.792 0.822 0.849 0.871 0.895 0.904 0.909 0.914 0.923 0.933 0.942 0.951 0.961 0.971 0.981 0.992 1.004 1.018
0.284 0.264 0.244 0.226 0.208 0.190 0.173 0.156 0.141 0.126 0.112 0.098 0.086 0.074 0.063 0.053 0.044 0.036 0.028 0.021 0.015 0.010 0.006 0.003 0.001 0.001 0.001 0.001 0.001 0.003 0.006 0.010 0.019 0.140 0.681 0.689 0.694 0.698 0.702 0.706 0.711 0.716 0.724 0.729 0.736 0.742 0.771 0.804 0.832 0.871 0.893 0.916 0.915 0.917 0.922 0.931 0.941 0.951 0.960 0.970 0.980 0.991 1.003 1.014 1.028
0.279 0.258 0.239 0.220 0.202 0.185 0.169 0.152 0.137 0.122 0.108 0.095 0.083 0.071 0.061 0.051 0.041 0.033 0.026 0.019 0.013 0.009 0.006 0.003 0.001 0.001 0.001 0.001 0.001 0.003 0.007 0.012 0.042 0.669 0.688 0.696 0.703 0.705 0.707 0.711 0.716 0.722 0.727 0.732 0.738 0.756 0.785 0.811 0.838 0.879 0.906 0.918 0.923 0.925 0.931 0.941 0.950 0.959 0.969 0.979 0.990 1.001 1.013 1.026 1.038
0.274 0.253 0.234 0.215 0.197 0.180 0.164 0.149 0.133 0.119 0.105 0.092 0.079 0.068 0.058 0.048 0.039 0.031 0.023 0.017 0.012 0.007 0.003 0.001 0.001 0.001 0.001 0.001 0.003 0.006 0.009 0.016 0.089 0.685 0.693 0.698 0.703 0.708 0.712 0.717 0.722 0.727 0.731 0.736 0.746 0.771 0.796 0.819 0.851 0.881 0.916 0.926 0.931 0.933 0.941 0.949 0.958 0.968 0.978 0.989 1.000 1.012 1.023 1.036 1.049
0.269 0.249 0.229 0.211 0.192 0.175 0.158 0.143 0.129 0.115 0.102 0.089 0.077 0.066 0.055 0.046 0.037 0.029 0.022 0.016 0.010 0.006 0.003 0.001 0.001 0.001 0.001 0.001 0.003 0.006 0.010 0.027 0.214 0.692 0.696 0.701 0.705 0.711 0.716 0.721 0.726 0.731 0.735 0.740 0.758 0.788 0.811 0.832 0.857 0.883 0.930 0.937 0.939 0.942 0.950 0.958 0.967 0.977 0.987 0.998 1.010 1.022 1.034 1.047 1.061
0.262 0.243 0.225 0.206 0.188 0.171 0.155 0.139 0.124 0.111 0.098 0.086 0.074 0.063 0.052 0.043 0.034 0.027 0.020 0.014 0.009 0.006 0.003 0.001 0.001 0.001 0.001 0.001 0.003 0.007 0.012 0.059 0.688 0.697 0.700 0.704 0.708 0.713 0.719 0.724 0.729 0.734 0.739 0.749 0.776 0.807 0.824 0.844 0.870 0.895 0.939 0.947 0.948 0.952 0.959 0.968 0.977 0.986 0.996 1.007 1.019 1.032 1.045 1.058 1.072
0.256 0.237 0.218 0.201 0.184 0.167 0.151 0.136 0.121 0.107 0.094 0.082 0.070 0.059 0.050 0.041 0.032 0.024 0.018 0.012 0.007 0.003 0.001 0.001 0.001 0.001 0.001 0.001 0.003 0.007 0.018 0.123 0.697 0.701 0.704 0.708 0.712 0.717 0.722 0.727 0.732 0.737 0.743 0.761 0.793 0.828 0.842 0.865 0.889 0.909 0.928 0.937 0.944 0.955 0.968 0.977 0.986 0.996 1.006 1.017 1.029 1.041 1.054 1.068 1.083
0.251 0.232 0.213 0.195 0.178 0.162 0.147 0.132 0.118 0.104 0.091 0.079 0.067 0.057 0.047 0.038 0.030 0.023 0.016 0.011 0.007 0.003 0.001 0.001 0.001 0.001 0.001 0.003 0.006 0.009 0.034 0.684 0.702 0.706 0.708 0.712 0.716 0.721 0.725 0.729 0.734 0.740 0.756 0.780 0.807 0.836 0.863 0.896 0.909 0.927 0.938 0.944 0.951 0.961 0.975 0.985 0.995 1.005 1.016 1.027 1.038 1.051 1.064 1.078 1.092
0.246 0.227 0.208 0.191 0.173 0.157 0.142 0.127 0.114 0.101 0.088 0.076 0.064 0.054 0.044 0.036 0.028 0.021 0.015 0.010 0.006 0.003 0.001 0.001 0.001 0.001 0.001 0.003 0.006 0.011 0.060 0.699 0.707 0.709 0.713 0.717 0.721 0.724 0.728 0.733 0.738 0.752 0.772 0.799 0.832 0.859 0.878 0.898 0.918 0.933 0.942 0.949 0.955 0.965 0.978 0.991 1.002 1.012 1.024 1.036 1.048 1.061 1.074 1.088 1.103
0.242 0.222 0.204 0.186 0.169 0.153 0.138 0.123 0.109 0.096 0.084 0.073 0.062 0.052 0.043 0.034 0.026 0.019 0.014 0.009 0.006 0.003 0.001 0.001 0.001 0.001 0.001 0.003 0.007 0.015 0.098 0.707 0.711 0.714 0.717 0.721 0.725 0.729 0.733 0.737 0.748 0.767 0.787 0.822 0.858 0.881 0.887 0.907 0.930 0.949 0.952 0.957 0.963 0.972 0.984 0.996 1.007 1.019 1.031 1.043 1.057 1.070 1.084 1.098 1.113
0.237 0.218 0.200 0.182 0.166 0.149 0.134 0.120 0.106 0.093 0.081 0.069 0.059 0.049 0.041 0.032 0.024 0.018 0.012 0.007 0.003 0.001 0.001 0.001 0.001 0.001 0.001 0.003 0.007 0.024 0.158 0.714 0.716 0.719 0.722 0.725 0.729 0.732 0.736 0.743 0.759 0.776 0.809 0.840 0.867 0.879 0.892 0.916 0.936 0.951 0.958 0.963 0.969 0.978 0.989 1.001 1.013 1.026 1.038 1.051 1.064 1.078 1.094 1.108 1.123
0.233 0.214 0.196 0.178 0.162 0.146 0.131 0.116 0.103 0.090 0.078 0.067 0.056 0.047 0.038 0.030 0.023 0.016 0.011 0.007 0.003 0.001 0.001 0.001 0.001 0.001 0.003 0.006 0.010 0.042 0.703 0.719 0.721 0.724 0.727 0.729 0.733 0.736 0.742 0.754 0.771 0.793 0.831 0.857 0.870 0.881 0.903 0.932 0.962 0.994 0.972 0.972 0.978 0.987 0.997 1.008 1.020 1.033 1.046 1.059 1.073 1.087 1.102 1.117 1.132
0.226 0.208 0.192 0.174 0.158 0.142 0.127 0.113 0.099 0.087 0.075 0.064 0.054 0.044 0.036 0.028 0.021 0.015 0.010 0.006 0.003 0.001 0.001 0.001 0.001 0.001 0.003 0.006 0.012 0.076 0.717 0.723 0.725 0.728 0.731 0.733 0.737 0.741 0.753 0.771 0.795 0.818 0.845 0.856 0.867 0.882 0.915 0.947 0.977 0.999 0.995 0.984 0.988 0.997 1.007 1.017 1.029 1.041 1.054 1.067 1.082 1.096 1.111 1.126 1.142
0.221 0.202 0.185 0.169 0.153 0.138 0.124 0.109 0.096 0.084 0.072 0.062 0.052 0.042 0.034 0.026 0.019 0.014 0.009 0.006 0.003 0.001 0.001 0.001 0.001 0.001 0.003 0.007 0.019 0.132 0.724 0.727 0.729 0.732 0.735 0.688 0.724 0.750 0.764 0.782 0.808 0.836 0.846 0.855 0.868 0.895 0.918 0.952 0.976 0.988 0.997 0.999 1.000 1.008 1.018 1.028 1.039 1.051 1.063 1.077 1.091 1.106 1.121 1.136 1.152
0.216 0.198 0.181 0.164 0.148 0.134 0.119 0.106 0.093 0.081 0.069 0.059 0.049 0.040 0.032 0.024 0.018 0.012 0.007 0.003 0.001 0.001 0.001 0.001 0.001 0.001 0.003 0.007 0.033 0.713 0.729 0.732 0.734 0.737 0.678 0.576 0.747 0.759 0.773 0.791 0.820 0.839 0.848 0.859 0.871 0.888 0.928 0.976 0.987 0.997 1.003 1.008 1.013 1.020 1.029 1.038 1.049 1.062 1.074 1.087 1.102 1.116 1.131 1.147 1.163
0.212 0.194 0.177 0.160 0.144 0.129 0.115 0.102 0.089 0.078 0.067 0.056 0.047 0.038 0.029 0.023 0.016 0.011 0.007 0.003 0.001 0.001 0.001 0.001 0.001 0.003 0.006 0.009 0.055 0.726 0.733 0.736 0.738 0.741 0.490 0.548 0.754 0.768 0.784 0.803 0.821 0.831 0.842 0.853 0.876 0.898 0.940 0.987 1.014 1.012 1.012 1.016 1.024 1.032 1.040 1.049 1.060 1.072 1.084 1.097 1.112 1.127 1.142 1.157 1.173
0.208 0.190 0.173 0.156 0.141 0.126 0.112 0.098 0.086 0.074 0.063 0.053 0.044 0.036 0.028 0.021 0.015 0.010 0.006 0.003 0.001 0.001 0.001 0.001 0.001 0.003 0.006 0.013 0.097 0.734 0.737 0.739 0.673 0.428 0.454 0.628 0.760 0.776 0.798 0.816 0.823 0.836 0.844 0.854 0.883 0.923 0.944 0.962 0.987 0.998 1.006 1.017 1.030 1.041 1.050 1.060 1.070 1.082 1.094 1.107 1.121 1.136 1.151 1.169 1.184
0.201 0.184 0.168 0.152 0.137 0.122 0.108 0.095 0.083 0.071 0.061 0.051 0.041 0.033 0.026 0.019 0.014 0.009 0.006 0.003 0.001 0.001 0.001 0.001 0.001 0.003 0.007 0.027 0.725 0.739 0.741 0.743 0.369 0.387 0.468 0.586 0.768 0.789 0.801 0.816 0.826 0.836 0.846 0.877 0.924 0.939 0.962 0.977 0.987 0.994 1.001 1.010 1.026 1.043 1.057 1.068 1.079 1.091 1.103 1.117 1.131 1.146 1.161 1.177 1.194
0.196 0.179 0.163 0.147 0.133 0.119 0.105 0.092 0.079 0.068 0.058 0.048 0.039 0.031 0.023 0.017 0.012 0.007 0.003 0.001 0.001 0.001 0.001 0.001 0.003 0.006 0.009 0.056 0.738 0.742 0.744 0.314 0.334 0.378 0.436 0.762 0.788 0.797 0.804 0.813 0.822 0.833 0.878 0.928 0.948 0.979 0.998 1.001 1.004 1.002 1.008 1.019 1.033 1.048 1.062 1.074 1.087 1.099 1.113 1.126 1.141 1.156 1.171 1.187 1.204
0.192 0.175 0.158 0.143 0.128 0.114 0.101 0.088 0.077 0.066 0.055 0.046 0.037 0.028 0.022 0.016 0.010 0.006 0.003 0.001 0.001 0.001 0.001 0.001 0.003 0.006 0.014 0.115 0.742 0.744 0.269 0.282 0.359 0.452 0.764 0.779 0.786 0.794 0.804 0.812 0.835 0.894 0.927 0.942 0.958 0.988 1.010 1.024 1.023 1.012 1.018 1.029 1.042 1.054 1.069 1.082 1.095 1.108 1.122 1.136 1.151 1.166 1.182 1.198 1.215
0.188 0.171 0.154 0.139 0.124 0.111 0.097 0.084 0.073 0.062 0.053 0.043 0.034 0.027 0.020 0.014 0.009 0.006 0.003 0.001 0.001 0.001 0.001 0.001 0.003 0.007 0.029 0.738 0.742 0.263 0.239 0.286 0.672 0.766 0.779 0.783 0.791 0.796 0.807 0.841 0.894 0.919 0.931 0.946 0.957 0.979 1.011 1.046 1.039 1.025 1.030 1.041 1.052 1.064 1.076 1.089 1.102 1.118 1.131 1.146 1.161 1.176 1.192 1.209 1.226
0.183 0.167 0.151 0.136 0.121 0.107 0.094 0.082 0.070 0.059 0.049 0.041 0.032 0.024 0.018 0.012 0.007 0.003 0.001 0.001 0.001 0.001 0.001 0.001 0.003 0.008 0.058 0.743 0.311 0.208 0.228 0.432 0.767 0.776 0.781 0.788 0.797 0.812 0.854 0.894 0.908 0.918 0.938 0.952 0.963 0.993 1.028 1.066 1.054 1.039 1.044 1.053 1.063 1.074 1.086 1.098 1.112 1.126 1.140 1.155 1.172 1.187 1.203 1.220 1.237
0.179 0.163 0.147 0.132 0.117 0.103 0.091 0.078 0.067 0.057 0.047 0.038 0.030 0.023 0.016 0.011 0.007 0.003 0.001 0.001 0.001 0.001 0.001 0.003 0.006 0.015 0.097 0.194 0.181 0.193 0.271 0.762 0.772 0.777 0.783 0.800 0.824 0.859 0.882 0.895 0.905 0.926 0.948 0.958 0.982 1.014 1.043 1.056 1.062 1.056 1.059 1.066 1.075 1.086 1.097 1.109 1.122 1.136 1.150 1.165 1.181 1.197 1.213 1.230 1.249
0.175 0.159 0.143 0.128 0.114 0.101 0.088 0.076 0.064 0.054 0.044 0.036 0.028 0.021 0.015 0.010 0.006 0.003 0.001 0.001 0.001 0.001 0.001 0.003 0.006 0.028 0.136 0.147 0.157 0.188 0.513 0.772 0.777 0.781 0.800 0.821 0.854 0.876 0.885 0.894 0.907 0.927 0.947 0.965 0.993 1.021 1.060 1.068 1.071 1.073 1.074 1.080 1.088 1.098 1.109 1.121 1.133 1.147 1.161 1.176 1.191 1.207 1.224 1.241 1.259
0.169 0.153 0.138 0.124 0.111 0.097 0.084 0.073 0.062 0.052 0.042 0.034 0.026 0.019 0.014 0.009 0.006 0.003 0.001 0.001 0.001 0.001 0.001 0.003 0.008 0.047 0.174 0.159 0.173 0.277 0.765 0.774 0.779 0.792 0.816 0.846 0.869 0.880 0.888 0.897 0.912 0.924 0.948 0.974 1.006 1.031 1.062 1.072 1.077 1.084 1.089 1.095 1.102 1.111 1.122 1.133 1.146 1.158 1.173 1.187 1.203 1.219 1.236 1.252 1.270
0.165 0.149 0.134 0.120 0.107 0.094 0.082 0.070 0.059 0.049 0.040 0.032 0.024 0.018 0.012 0.007 0.003 0.001 0.001 0.001 0.001 0.001 0.001 0.003 0.012 0.072 0.159 0.173 0.207 0.515 0.765 0.773 0.779 0.805 0.835 0.856 0.872 0.884 0.892 0.902 0.915 0.930 0.959 0.992 1.023 1.045 1.059 1.068 1.075 1.087 1.099 1.107 1.115 1.124 1.134 1.146 1.158 1.171 1.184 1.199 1.214 1.231 1.247 1.264 1.282
