LISFLOOD/results/run5.mxe
ncols         413
nrows         307
xllcorner     341179.518085
yllcorner     4516729.658735
cellsize      10.000000
NODATA_value  -9999.000000
[rows 112 to 139 of 307, columns 310 to 371 of 413]
142.254 142.325 142.396 142.467 142.537 142.608 142.678 142.748 142.817 142.886 142.955 143.023 143.090 143.158 143.224 143.290 143.356 143.420 143.482 143.528 143.523 143.514 143.504 143.494 143.484 143.474 143.464 143.454 143.445 143.435 143.425 143.416 143.406 143.397 143.388 143.379 143.370 143.361 143.352 143.343 143.334 143.326 143.317 143.309 143.301 143.293 143.285 143.277 143.269 143.262 143.255 143.247 143.240 143.234 143.227 143.221 143.214 143.208 143.203 143.197 143.192 143.186
142.278 142.349 142.420 142.491 142.561 142.631 142.701 142.771 142.840 142.909 142.978 143.046 143.114 143.181 143.247 143.314 143.379 143.446 143.517 143.523 143.512 143.503 143.493 143.484 143.474 143.464 143.455 143.445 143.436 143.427 143.417 143.408 143.399 143.390 143.381 143.372 143.363 143.354 143.346 143.337 143.329 143.320 143.312 143.304 143.296 143.288 143.281 143.273 143.266 143.258 143.251 143.244 143.238 143.231 143.225 143.218 143.212 143.207 143.201 143.196 143.190 143.185
142.302 142.373 142.444 142.515 142.585 142.656 142.725 142.795 142.864 142.933 143.002 143.070 143.137 143.204 143.271 143.337 143.403 143.465 143.512 143.508 143.500 143.491 143.482 143.473 143.464 143.455 143.446 143.437 143.427 143.418 143.409 143.400 143.392 143.383 143.374 143.365 143.357 143.348 143.340 143.331 143.323 143.315 143.307 143.299 143.292 143.284 143.277 143.269 143.262 143.255 143.248 143.241 143.235 143.228 143.222 143.216 143.210 143.205 143.199 143.194 143.189 143.184
142.327 142.398 142.469 142.540 142.610 142.680 142.750 142.820 142.889 142.957 143.026 143.094 143.161 143.228 143.295 143.362 143.429 143.501 143.507 143.497 143.489 143.480 143.472 143.463 143.454 143.445 143.437 143.428 143.419 143.410 143.401 143.393 143.384 143.376 143.367 143.359 143.350 143.342 143.334 143.326 143.318 143.310 143.302 143.295 143.287 143.280 143.272 143.265 143.258 143.251 143.245 143.238 143.232 143.226 143.220 143.214 143.208 143.203 143.198 143.193 143.188 143.183
142.352 142.423 142.494 142.564 142.635 142.705 142.775 142.844 142.914 142.982 143.051 143.118 143.186 143.253 143.320 143.385 143.449 143.496 143.493 143.486 143.478 143.470 143.461 143.453 143.445 143.436 143.427 143.419 143.410 143.402 143.393 143.385 143.377 143.368 143.360 143.352 143.344 143.336 143.328 143.320 143.312 143.305 143.297 143.290 143.282 143.275 143.268 143.261 143.255 143.248 143.242 143.235 143.229 143.223 143.217 143.212 143.206 143.201 143.196 143.191 143.186 143.182
142.377 142.448 142.519 142.590 142.660 142.730 142.800 142.870 142.939 143.008 143.076 143.144 143.211 143.278 143.345 143.412 143.485 143.491 143.482 143.474 143.467 143.459 143.451 143.443 143.435 143.427 143.418 143.410 143.402 143.394 143.386 143.377 143.369 143.361 143.353 143.345 143.337 143.330 143.322 143.314 143.307 143.299 143.292 143.285 143.278 143.271 143.264 143.257 143.251 143.244 143.238 143.232 143.226 143.220 143.215 143.209 143.204 143.199 143.194 143.189 143.185 143.181
142.403 142.474 142.545 142.616 142.686 142.756 142.826 142.896 142.965 143.033 143.102 143.169 143.236 143.303 143.369 143.433 143.480 143.477 143.471 143.463 143.456 143.449 143.441 143.433 143.425 143.417 143.409 143.401 143.393 143.386 143.378 143.370 143.362 143.354 143.346 143.339 143.331 143.323 143.316 143.309 143.301 143.294 143.287 143.280 143.273 143.267 143.260 143.253 143.247 143.241 143.235 143.229 143.223 143.218 143.212 143.207 143.202 143.197 143.192 143.188 143.184 143.179
142.429 142.500 142.571 142.642 142.712 142.782 142.852 142.922 142.991 143.060 143.128 143.195 143.262 143.329 143.396 143.469 143.475 143.467 143.460 143.453 143.445 143.438 143.431 143.423 143.416 143.408 143.400 143.393 143.385 143.377 143.370 143.362 143.354 143.347 143.339 143.332 143.325 143.317 143.310 143.303 143.296 143.289 143.282 143.275 143.269 143.262 143.256 143.250 143.243 143.237 143.232 143.226 143.220 143.215 143.210 143.205 143.200 143.195 143.191 143.186 143.182 143.178
142.455 142.526 142.597 142.668 142.738 142.809 142.879 142.948 143.018 143.087 143.155 143.222 143.289 143.354 143.417 143.464 143.461 143.455 143.449 143.442 143.435 143.428 143.421 143.414 143.406 143.399 143.392 143.384 143.377 143.369 143.362 143.354 143.347 143.340 143.333 143.325 143.318 143.311 143.304 143.297 143.290 143.284 143.277 143.270 143.264 143.258 143.252 143.246 143.240 143.234 143.228 143.223 143.217 143.212 143.207 143.202 143.198 143.193 143.189 143.185 143.181 143.177
142.482 142.553 142.624 142.695 142.765 142.836 142.906 142.976 143.045 143.114 143.183 143.250 143.316 143.382 143.453 143.459 143.451 143.445 143.438 143.431 143.425 143.418 143.411 143.404 143.397 143.390 143.383 143.376 143.368 143.361 143.354 143.347 143.340 143.333 143.326 143.319 143.312 143.305 143.298 143.291 143.285 143.278 143.272 143.266 143.259 143.253 143.247 143.242 143.236 143.230 143.225 143.220 143.215 143.210 143.205 143.200 143.196 143.191 143.187 143.183 143.179 143.176
142.508 142.580 142.651 142.721 142.792 142.863 142.933 143.003 143.073 143.143 143.212 143.280 143.345 143.403 143.448 143.446 143.440 143.434 143.427 143.421 143.415 143.408 143.401 143.395 143.388 143.381 143.374 143.367 143.360 143.353 143.346 143.339 143.333 143.326 143.319 143.312 143.305 143.299 143.292 143.286 143.279 143.273 143.267 143.261 143.255 143.249 143.243 143.238 143.232 143.227 143.222 143.217 143.212 143.207 143.202 143.198 143.193 143.189 143.185 143.182 143.178 143.174
142.535 142.607 142.678 142.749 142.819 142.890 142.961 143.031 143.101 143.172 143.242 143.312 143.380 143.438 143.443 143.435 143.429 143.423 143.417 143.411 143.405 143.398 143.392 143.385 143.379 143.372 143.365 143.359 143.352 143.345 143.339 143.332 143.325 143.319 143.312 143.306 143.299 143.293 143.286 143.280 143.274 143.268 143.262 143.256 143.250 143.245 143.239 143.234 143.228 143.223 143.218 143.213 143.209 143.204 143.200 143.195 143.191 143.187 143.184 143.180 143.176 143.173
142.563 142.634 142.705 142.776 142.847 142.918 142.989 143.059 143.130 143.201 143.272 143.345 143.427 143.432 143.429 143.424 143.418 143.412 143.407 143.401 143.395 143.389 143.382 143.376 143.370 143.363 143.357 143.350 143.344 143.337 143.331 143.325 143.318 143.312 143.305 143.299 143.293 143.287 143.281 143.275 143.269 143.263 143.257 143.251 143.246 143.240 143.235 143.230 143.225 143.220 143.215 143.210 143.206 143.201 143.197 143.193 143.189 143.185 143.182 143.178 143.175 143.172
142.590 142.661 142.732 142.804 142.875 142.946 143.016 143.087 143.158 143.229 143.300 143.369 143.422 143.420 143.417 143.413 143.407 143.402 143.396 143.391 143.385 143.379 143.373 143.367 143.361 143.355 143.348 143.342 143.336 143.330 143.323 143.317 143.311 143.305 143.299 143.293 143.287 143.281 143.275 143.269 143.263 143.258 143.252 143.247 143.241 143.236 143.231 143.226 143.221 143.216 143.212 143.207 143.203 143.199 143.195 143.191 143.187 143.183 143.180 143.177 143.174 143.171
142.618 142.689 142.760 142.831 142.902 142.973 143.044 143.116 143.187 143.258 143.331 143.411 143.416 143.411 143.407 143.402 143.397 143.392 143.386 143.381 143.375 143.370 143.364 143.358 143.352 143.346 143.340 143.334 143.328 143.322 143.316 143.310 143.304 143.298 143.292 143.286 143.280 143.275 143.269 143.263 143.258 143.252 143.247 143.242 143.237 143.232 143.227 143.222 143.217 143.213 143.208 143.204 143.200 143.196 143.192 143.188 143.185 143.181 143.178 143.175 143.172 143.169
142.645 142.717 142.788 142.859 142.930 143.001 143.072 143.144 143.215 143.286 143.354 143.406 143.404 143.400 143.396 143.392 143.387 143.382 143.376 143.371 143.366 143.360 143.355 143.349 143.343 143.337 143.332 143.326 143.320 143.314 143.308 143.303 143.297 143.291 143.285 143.280 143.274 143.269 143.263 143.258 143.252 143.247 143.242 143.237 143.232 143.227 143.223 143.218 143.214 143.209 143.205 143.201 143.197 143.193 143.190 143.186 143.183 143.179 143.176 143.173 143.171 143.168
142.673 142.745 142.816 142.887 142.958 143.029 143.100 143.172 143.243 143.316 143.395 143.400 143.395 143.390 143.386 143.381 143.377 143.372 143.367 143.362 143.356 143.351 143.346 143.340 143.335 143.329 143.323 143.318 143.312 143.307 143.301 143.295 143.290 143.284 143.279 143.273 143.268 143.263 143.257 143.252 143.247 143.242 143.237 143.232 143.228 143.223 143.219 143.214 143.210 143.206 143.202 143.198 143.194 143.190 143.187 143.184 143.180 143.177 143.175 143.172 143.169 143.167
142.701 142.773 142.844 142.915 142.986 143.057 143.129 143.200 143.270 143.339 143.390 143.388 143.385 143.380 143.376 143.371 143.367 143.362 143.357 143.352 143.347 143.342 143.337 143.331 143.326 143.321 143.315 143.310 143.304 143.299 143.294 143.288 143.283 143.278 143.272 143.267 143.262 143.257 143.252 143.247 143.242 143.237 143.232 143.228 143.223 143.219 143.214 143.210 143.206 143.202 143.198 143.195 143.191 143.188 143.184 143.181 143.178 143.175 143.173 143.170 143.168 143.165
142.730 142.801 142.872 142.944 143.015 143.086 143.157 143.228 143.300 143.379 143.384 143.379 143.375 143.371 143.366 143.362 143.357 143.352 143.348 143.343 143.338 143.333 143.328 143.323 143.318 143.312 143.307 143.302 143.297 143.292 143.286 143.281 143.276 143.271 143.266 143.261 143.256 143.251 143.246 143.241 143.237 143.232 143.227 143.223 143.219 143.214 143.210 143.206 143.203 143.199 143.195 143.192 143.188 143.185 143.182 143.179 143.176 143.173 143.171 143.169 143.166 143.164
142.758 142.830 142.901 142.972 143.043 143.114 143.184 143.255 143.323 143.374 143.373 143.369 143.365 143.361 143.356 143.352 143.348 143.343 143.338 143.334 143.329 143.324 143.319 143.314 143.309 143.304 143.299 143.294 143.289 143.284 143.279 143.274 143.269 143.264 143.259 143.254 143.250 143.245 143.240 143.236 143.231 143.227 143.223 143.218 143.214 143.210 143.206 143.203 143.199 143.195 143.192 143.189 143.185 143.182 143.179 143.177 143.174 143.172 143.169 143.167 143.165 143.163
142.787 142.859 142.930 143.001 143.071 143.142 143.213 143.285 143.363 143.369 143.363 143.359 143.355 143.351 143.347 143.342 143.338 143.334 143.329 143.325 143.320 143.315 143.310 143.306 143.301 143.296 143.291 143.286 143.282 143.277 143.272 143.267 143.262 143.258 143.253 143.248 143.244 143.239 143.235 143.230 143.226 143.222 143.218 143.214 143.210 143.206 143.202 143.199 143.195 143.192 143.189 143.185 143.182 143.180 143.177 143.174 143.172 143.170 143.167 143.165 143.164 143.162
142.816 142.888 142.959 143.030 143.100 143.170 143.240 143.307 143.358 143.357 143.353 143.349 143.345 143.341 143.337 143.333 143.329 143.324 143.320 143.316 143.311 143.307 143.302 143.297 143.293 143.288 143.283 143.279 143.274 143.269 143.265 143.260 143.256 143.251 143.246 143.242 143.238 143.233 143.229 143.225 143.221 143.217 143.213 143.209 143.205 143.202 143.198 143.195 143.192 143.188 143.185 143.182 143.180 143.177 143.174 143.172 143.170 143.168 143.166 143.164 143.162 143.161
142.846 142.917 142.988 143.059 143.129 143.199 143.270 143.347 143.353 143.348 143.344 143.340 143.336 143.332 143.328 143.324 143.320 143.315 143.311 143.307 143.302 143.298 143.293 143.289 143.285 143.280 143.276 143.271 143.267 143.262 143.258 143.253 143.249 143.244 143.240 143.236 143.232 143.228 143.224 143.220 143.216 143.212 143.208 143.204 143.201 143.198 143.194 143.191 143.188 143.185 143.182 143.179 143.177 143.174 143.172 143.170 143.168 143.166 143.164 143.162 143.161 143.160
142.876 142.947 143.018 143.089 143.158 143.226 143.292 143.342 143.341 143.338 143.334 143.330 143.326 143.322 143.318 143.314 143.310 143.306 143.302 143.298 143.294 143.289 143.285 143.281 143.276 143.272 143.268 143.263 143.259 143.255 143.251 143.246 143.242 143.238 143.234 143.230 143.226 143.222 143.218 143.214 143.210 143.207 143.203 143.200 143.197 143.193 143.190 143.187 143.184 143.182 143.179 143.176 143.174 143.172 143.170 143.168 143.166 143.164 143.162 143.161 143.160 143.158
142.906 142.978 143.049 143.119 143.188 143.257 143.331 143.337 143.332 143.328 143.324 143.321 143.317 143.313 143.309 143.305 143.301 143.297 143.293 143.289 143.285 143.281 143.277 143.273 143.268 143.264 143.260 143.256 143.252 143.248 143.244 143.240 143.235 143.231 143.228 143.224 143.220 143.216 143.212 143.209 143.205 143.202 143.199 143.195 143.192 143.189 143.186 143.183 143.181 143.178 143.176 143.173 143.171 143.169 143.167 143.165 143.164 143.162 143.161 143.159 143.158 143.157
142.936 143.009 143.080 143.151 143.219 143.280 143.326 143.325 143.322 143.318 143.315 143.311 143.307 143.304 143.300 143.296 143.292 143.288 143.285 143.281 143.277 143.273 143.269 143.265 143.261 143.257 143.253 143.249 143.245 143.241 143.237 143.233 143.229 143.225 143.221 143.218 143.214 143.210 143.207 143.204 143.200 143.197 143.194 143.191 143.188 143.185 143.182 143.180 143.177 143.175 143.172 143.170 143.168 143.166 143.165 143.163 143.161 143.160 143.159 143.158 143.157 143.156
142.967 143.040 143.113 143.186 143.258 143.319 143.317 143.315 143.312 143.309 143.305 143.302 143.298 143.295 143.291 143.287 143.283 143.280 143.276 143.272 143.268 143.264 143.260 143.257 143.253 143.249 143.245 143.241 143.237 143.233 143.230 143.226 143.222 143.219 143.215 143.212 143.208 143.205 143.201 143.198 143.195 143.192 143.189 143.186 143.183 143.181 143.178 143.176 143.173 143.171 143.169 143.167 143.165 143.164 143.162 143.161 143.159 143.158 143.157 143.156 143.156 143.155
142.998 143.071 143.146 143.222 143.308 143.313 143.309 143.306 143.302 143.299 143.296 143.292 143.289 143.285 143.282 143.278 143.275 143.271 143.267 143.264 143.260 143.256 143.252 143.249 143.245 143.241 143.237 143.234 143.230 143.226 143.223 143.219 143.216 143.212 143.209 143.206 143.202 143.199 143.196 143.193 143.190 143.187 143.184 143.182 143.179 143.177 143.174 143.172 143.170 143.168 143.166 143.164 143.163 143.161 143.160 143.158 143.157 143.156 143.156 143.155 143.154 143.154
