LISFLOOD/results/run5.totaltm
ncols         413
nrows         307
xllcorner     341179.518085
yllcorner     4516729.658735
cellsize      10.000000
NODATA_value  -9999.000000
[rows 33 to 65 of 307, columns 296 to 369 of 413]
26.916 26.954 26.985 27.007 27.028 27.048 27.067 27.091 26.823 26.907 27.290 27.329 27.354 27.378 27.401 27.422 27.443 27.463 27.483 27.503 27.522 27.541 27.558 27.575 27.591 27.607 27.621 27.636 27.650 27.663 27.676 27.687 27.698 27.708 27.718 27.726 27.733 27.739 27.744 27.748 27.752 27.754 27.754 27.756 27.757 27.757 27.758 27.759 27.761 27.758 27.737 27.717 27.738 27.742 27.738 27.732 27.725 27.718 27.710 27.702 27.673 27.576 27.505 27.406 27.341 27.349 27.338 27.351 27.353 27.323 27.309 27.299 27.368 27.363
26.909 26.939 26.967 26.987 26.993 26.709 26.725 27.111 27.194 27.219 27.307 27.332 27.357 27.381 27.404 27.427 27.449 27.471 27.491 27.511 27.529 27.547 27.564 27.582 27.598 27.613 27.627 27.641 27.655 27.668 27.680 27.692 27.703 27.713 27.722 27.731 27.738 27.744 27.749 27.753 27.756 27.758 27.759 27.762 27.766 27.766 27.763 27.764 27.765 27.763 27.756 27.749 27.753 27.748 27.743 27.737 27.731 27.723 27.715 27.706 27.640 27.562 27.486 27.321 27.372 27.381 27.377 27.378 27.372 27.289 27.295 27.382 27.391 27.382
26.889 26.921 26.944 26.949 26.567 26.023 26.046 26.860 27.258 27.294 27.319 27.342 27.366 27.389 27.412 27.434 27.457 27.477 27.497 27.517 27.535 27.553 27.570 27.587 27.603 27.618 27.633 27.647 27.661 27.673 27.685 27.697 27.707 27.717 27.727 27.735 27.742 27.748 27.753 27.757 27.759 27.762 27.763 27.768 27.770 27.770 27.768 27.769 27.769 27.768 27.765 27.761 27.758 27.753 27.748 27.742 27.735 27.728 27.719 27.695 27.608 27.532 27.413 27.342 27.400 27.404 27.405 27.402 27.388 27.368 27.354 27.415 27.411 27.401
26.869 26.894 26.906 26.524 25.823 25.682 25.971 26.787 27.260 27.307 27.331 27.354 27.377 27.399 27.421 27.442 27.463 27.483 27.502 27.522 27.540 27.558 27.574 27.591 27.607 27.623 27.638 27.652 27.665 27.677 27.689 27.701 27.711 27.721 27.730 27.738 27.745 27.751 27.756 27.760 27.763 27.766 27.768 27.771 27.773 27.774 27.771 27.774 27.772 27.771 27.768 27.765 27.761 27.757 27.751 27.745 27.738 27.731 27.720 27.661 27.581 27.486 27.434 27.428 27.428 27.428 27.431 27.424 27.403 27.386 27.424 27.437 27.428 27.418
26.842 26.863 26.661 25.753 25.563 25.837 25.986 26.589 27.237 27.318 27.342 27.365 27.387 27.409 27.429 27.451 27.471 27.490 27.509 27.527 27.546 27.563 27.581 27.597 27.612 27.627 27.641 27.655 27.668 27.681 27.693 27.704 27.714 27.724 27.733 27.741 27.748 27.753 27.758 27.762 27.766 27.768 27.771 27.773 27.775 27.776 27.773 27.776 27.775 27.773 27.771 27.768 27.764 27.759 27.754 27.748 27.741 27.733 27.705 27.633 27.531 27.500 27.457 27.449 27.451 27.455 27.473 27.456 27.429 27.414 27.459 27.454 27.444 27.433
26.805 26.673 26.036 25.527 25.546 25.926 25.947 26.581 27.255 27.331 27.354 27.376 27.397 27.418 27.439 27.459 27.478 27.498 27.516 27.534 27.552 27.569 27.585 27.601 27.617 27.631 27.645 27.659 27.672 27.684 27.696 27.707 27.717 27.727 27.735 27.743 27.749 27.754 27.760 27.764 27.767 27.771 27.773 27.775 27.776 27.777 27.778 27.777 27.776 27.775 27.773 27.770 27.767 27.762 27.757 27.751 27.744 27.732 27.682 27.592 27.536 27.518 27.503 27.486 27.469 27.515 27.512 27.492 27.472 27.454 27.478 27.469 27.459 27.447
26.622 25.902 25.467 25.488 25.664 25.919 26.018 26.877 27.313 27.345 27.367 27.388 27.409 27.429 27.449 27.469 27.488 27.507 27.524 27.542 27.559 27.575 27.591 27.606 27.621 27.635 27.648 27.662 27.674 27.686 27.697 27.708 27.718 27.728 27.736 27.744 27.750 27.756 27.760 27.765 27.768 27.771 27.774 27.776 27.777 27.778 27.778 27.778 27.777 27.776 27.774 27.772 27.768 27.763 27.758 27.752 27.745 27.721 27.652 27.564 27.548 27.527 27.508 27.493 27.475 27.540 27.532 27.519 27.507 27.497 27.492 27.483 27.472 27.459
25.995 25.380 25.359 25.500 25.656 25.691 26.228 27.152 27.333 27.356 27.377 27.397 27.418 27.438 27.457 27.477 27.495 27.513 27.531 27.547 27.564 27.580 27.595 27.611 27.625 27.639 27.652 27.664 27.677 27.688 27.699 27.710 27.720 27.729 27.737 27.744 27.751 27.756 27.760 27.764 27.768 27.771 27.773 27.776 27.777 27.778 27.778 27.778 27.777 27.776 27.774 27.771 27.768 27.763 27.758 27.752 27.743 27.699 27.614 27.576 27.563 27.528 27.505 27.492 27.564 27.553 27.544 27.535 27.526 27.516 27.506 27.495 27.483 27.471
25.406 25.423 25.488 25.523 25.554 25.716 26.571 27.287 27.341 27.363 27.384 27.405 27.426 27.445 27.465 27.483 27.502 27.519 27.537 27.553 27.569 27.585 27.600 27.614 27.629 27.642 27.655 27.668 27.679 27.691 27.701 27.711 27.721 27.729 27.737 27.744 27.750 27.755 27.759 27.764 27.767 27.770 27.773 27.775 27.777 27.778 27.778 27.778 27.777 27.775 27.773 27.771 27.767 27.763 27.758 27.752 27.732 27.669 27.619 27.589 27.578 27.564 27.549 27.585 27.577 27.566 27.559 27.553 27.545 27.531 27.516 27.504 27.493 27.479
25.388 25.406 25.457 25.461 25.476 25.893 26.913 27.317 27.346 27.368 27.389 27.411 27.431 27.451 27.469 27.488 27.506 27.524 27.541 27.558 27.573 27.588 27.603 27.618 27.631 27.644 27.657 27.669 27.681 27.692 27.702 27.712 27.721 27.729 27.737 27.744 27.749 27.754 27.758 27.762 27.766 27.768 27.771 27.775 27.777 27.778 27.778 27.778 27.777 27.775 27.772 27.769 27.766 27.762 27.757 27.750 27.709 27.645 27.629 27.616 27.606 27.599 27.598 27.593 27.576 27.567 27.559 27.552 27.544 27.533 27.522 27.512 27.501 27.488
25.378 25.385 25.376 25.389 25.416 26.058 27.138 27.326 27.347 27.369 27.390 27.412 27.432 27.452 27.472 27.491 27.508 27.525 27.542 27.558 27.574 27.590 27.605 27.619 27.633 27.646 27.658 27.670 27.681 27.692 27.702 27.712 27.721 27.728 27.736 27.743 27.748 27.753 27.757 27.762 27.766 27.768 27.772 27.775 27.777 27.778 27.778 27.778 27.777 27.775 27.772 27.768 27.764 27.761 27.756 27.738 27.679 27.647 27.638 27.632 27.624 27.617 27.611 27.597 27.589 27.580 27.571 27.561 27.548 27.537 27.528 27.518 27.507 27.494
25.423 25.373 25.385 25.399 25.503 26.432 27.263 27.327 27.349 27.370 27.391 27.412 27.432 27.452 27.472 27.491 27.508 27.526 27.543 27.559 27.574 27.590 27.604 27.619 27.632 27.646 27.658 27.669 27.681 27.691 27.701 27.711 27.719 27.727 27.734 27.742 27.748 27.753 27.758 27.762 27.766 27.768 27.772 27.775 27.777 27.778 27.778 27.778 27.777 27.775 27.772 27.767 27.763 27.759 27.749 27.709 27.664 27.654 27.647 27.639 27.628 27.621 27.612 27.582 27.577 27.571 27.564 27.560 27.554 27.546 27.536 27.526 27.514 27.501
25.450 25.391 25.407 25.312 25.621 26.713 27.296 27.327 27.349 27.372 27.393 27.413 27.433 27.452 27.472 27.491 27.509 27.526 27.543 27.559 27.575 27.590 27.604 27.618 27.632 27.644 27.657 27.669 27.680 27.690 27.700 27.709 27.718 27.726 27.733 27.740 27.746 27.752 27.757 27.762 27.766 27.769 27.772 27.774 27.777 27.778 27.778 27.778 27.777 27.775 27.771 27.767 27.762 27.756 27.727 27.685 27.669 27.663 27.656 27.649 27.636 27.628 27.619 27.607 27.596 27.587 27.579 27.572 27.564 27.555 27.545 27.534 27.521 27.508
25.479 25.411 25.438 25.541 25.927 26.924 27.305 27.328 27.350 27.372 27.394 27.415 27.436 27.455 27.473 27.491 27.508 27.526 27.543 27.559 27.575 27.591 27.605 27.619 27.632 27.644 27.656 27.668 27.678 27.689 27.699 27.708 27.716 27.724 27.732 27.739 27.745 27.751 27.757 27.761 27.765 27.769 27.773 27.776 27.777 27.778 27.778 27.778 27.777 27.775 27.771 27.766 27.760 27.742 27.704 27.684 27.679 27.673 27.666 27.658 27.644 27.631 27.623 27.612 27.602 27.594 27.588 27.581 27.573 27.564 27.553 27.541 27.528 27.514
25.508 25.441 25.602 25.790 26.164 27.095 27.309 27.331 27.353 27.374 27.394 27.415 27.435 27.455 27.474 27.493 27.511 27.528 27.544 27.560 27.575 27.590 27.604 27.618 27.631 27.644 27.656 27.667 27.678 27.688 27.697 27.707 27.715 27.723 27.730 27.737 27.744 27.750 27.756 27.762 27.767 27.772 27.775 27.777 27.778 27.778 27.778 27.777 27.776 27.773 27.769 27.764 27.753 27.724 27.696 27.690 27.684 27.678 27.672 27.664 27.650 27.638 27.630 27.621 27.614 27.607 27.598 27.590 27.581 27.571 27.561 27.547 27.534 27.520
25.535 25.557 25.684 25.909 26.437 27.228 27.309 27.332 27.354 27.376 27.397 27.417 27.437 27.456 27.474 27.493 27.511 27.527 27.544 27.560 27.575 27.589 27.604 27.617 27.630 27.643 27.654 27.666 27.677 27.687 27.696 27.705 27.713 27.721 27.729 27.736 27.742 27.749 27.756 27.762 27.767 27.772 27.775 27.777 27.778 27.778 27.778 27.777 27.775 27.772 27.768 27.762 27.741 27.711 27.697 27.693 27.687 27.682 27.676 27.668 27.660 27.653 27.633 27.626 27.619 27.613 27.606 27.597 27.588 27.578 27.567 27.554 27.539 27.524
25.552 25.611 25.705 25.997 26.736 27.277 27.309 27.332 27.354 27.376 27.397 27.417 27.437 27.456 27.474 27.492 27.510 27.527 27.543 27.559 27.575 27.589 27.604 27.617 27.630 27.642 27.653 27.664 27.675 27.685 27.694 27.703 27.712 27.720 27.727 27.734 27.742 27.748 27.755 27.762 27.767 27.772 27.775 27.777 27.778 27.778 27.778 27.777 27.775 27.772 27.768 27.755 27.727 27.706 27.700 27.696 27.690 27.684 27.678 27.671 27.664 27.658 27.633 27.627 27.620 27.623 27.614 27.606 27.595 27.584 27.572 27.558 27.544 27.528
25.618 25.676 25.762 26.151 27.021 27.286 27.311 27.333 27.354 27.376 27.397 27.417 27.437 27.457 27.476 27.493 27.511 27.527 27.543 27.558 27.574 27.589 27.603 27.616 27.629 27.641 27.653 27.664 27.674 27.684 27.693 27.702 27.711 27.718 27.726 27.733 27.741 27.748 27.755 27.762 27.767 27.772 27.775 27.777 27.778 27.778 27.778 27.777 27.775 27.772 27.767 27.740 27.716 27.705 27.702 27.697 27.692 27.686 27.680 27.672 27.665 27.658 27.651 27.646 27.641 27.633 27.623 27.613 27.602 27.589 27.576 27.562 27.547 27.532
25.549 25.624 25.731 26.273 27.181 27.289 27.312 27.334 27.355 27.376 27.397 27.417 27.437 27.457 27.475 27.493 27.511 27.527 27.543 27.559 27.573 27.588 27.602 27.615 27.628 27.640 27.651 27.662 27.673 27.683 27.692 27.701 27.709 27.717 27.725 27.733 27.741 27.748 27.755 27.762 27.767 27.772 27.775 27.777 27.778 27.778 27.778 27.777 27.775 27.772 27.762 27.727 27.712 27.707 27.703 27.698 27.693 27.687 27.681 27.671 27.665 27.659 27.653 27.648 27.642 27.634 27.626 27.616 27.604 27.591 27.578 27.563 27.548 27.533
25.514 25.586 25.764 26.386 27.225 27.289 27.312 27.334 27.357 27.378 27.398 27.418 27.437 27.456 27.474 27.492 27.510 27.527 27.543 27.558 27.573 27.588 27.601 27.614 27.627 27.639 27.650 27.661 27.672 27.681 27.691 27.699 27.708 27.717 27.724 27.733 27.741 27.749 27.756 27.762 27.767 27.772 27.775 27.777 27.778 27.778 27.778 27.777 27.775 27.771 27.742 27.718 27.711 27.708 27.703 27.698 27.693 27.688 27.681 27.671 27.666 27.659 27.654 27.648 27.641 27.633 27.624 27.615 27.604 27.592 27.578 27.564 27.549 27.533
25.512 25.628 25.937 26.635 27.255 27.292 27.314 27.336 27.356 27.378 27.398 27.418 27.438 27.457 27.475 27.492 27.509 27.526 27.542 27.557 27.572 27.587 27.600 27.613 27.626 27.638 27.649 27.660 27.671 27.680 27.689 27.698 27.707 27.716 27.724 27.733 27.741 27.749 27.757 27.763 27.768 27.772 27.775 27.777 27.778 27.778 27.778 27.777 27.775 27.763 27.727 27.716 27.712 27.708 27.703 27.699 27.694 27.688 27.679 27.669 27.663 27.658 27.653 27.647 27.639 27.631 27.623 27.614 27.603 27.592 27.577 27.563 27.549 27.533
25.551 25.745 26.148 26.857 27.269 27.292 27.315 27.337 27.358 27.379 27.398 27.418 27.437 27.456 27.474 27.492 27.509 27.526 27.542 27.557 27.571 27.585 27.599 27.612 27.624 27.637 27.648 27.659 27.669 27.679 27.689 27.698 27.707 27.716 27.724 27.733 27.742 27.750 27.757 27.763 27.768 27.772 27.775 27.777 27.778 27.778 27.778 27.777 27.774 27.741 27.720 27.715 27.712 27.708 27.703 27.698 27.693 27.687 27.677 27.667 27.660 27.656 27.651 27.644 27.636 27.628 27.620 27.611 27.601 27.589 27.577 27.563 27.548 27.532
25.586 25.869 26.360 27.039 27.270 27.292 27.314 27.337 27.358 27.379 27.400 27.419 27.438 27.457 27.474 27.491 27.508 27.525 27.541 27.556 27.571 27.585 27.598 27.611 27.623 27.635 27.647 27.658 27.668 27.678 27.688 27.697 27.707 27.716 27.726 27.734 27.743 27.751 27.758 27.764 27.769 27.773 27.776 27.777 27.778 27.778 27.778 27.777 27.766 27.728 27.718 27.715 27.712 27.707 27.703 27.698 27.693 27.684 27.676 27.667 27.661 27.656 27.650 27.642 27.634 27.626 27.617 27.608 27.598 27.587 27.574 27.562 27.547 27.531
25.668 25.966 26.579 27.184 27.272 27.295 27.317 27.338 27.358 27.378 27.399 27.418 27.438 27.456 27.474 27.492 27.508 27.524 27.539 27.555 27.569 27.584 27.597 27.610 27.623 27.635 27.646 27.657 27.667 27.677 27.687 27.697 27.706 27.716 27.726 27.736 27.744 27.753 27.759 27.766 27.771 27.775 27.777 27.778 27.778 27.778 27.777 27.776 27.747 27.722 27.717 27.714 27.711 27.707 27.702 27.698 27.692 27.682 27.672 27.666 27.661 27.656 27.649 27.641 27.632 27.623 27.614 27.605 27.595 27.584 27.572 27.559 27.545 27.530
25.761 26.051 26.762 27.237 27.272 27.294 27.317 27.338 27.360 27.381 27.400 27.419 27.437 27.455 27.473 27.491 27.508 27.524 27.539 27.554 27.568 27.582 27.596 27.609 27.621 27.633 27.645 27.656 27.667 27.677 27.687 27.697 27.707 27.717 27.727 27.737 27.746 27.753 27.761 27.767 27.772 27.775 27.777 27.778 27.778 27.778 27.777 27.771 27.726 27.718 27.715 27.712 27.709 27.706 27.702 27.697 27.688 27.679 27.669 27.663 27.658 27.653 27.646 27.638 27.630 27.622 27.612 27.602 27.592 27.581 27.568 27.556 27.542 27.527
25.810 26.048 26.784 27.243 27.273 27.294 27.316 27.338 27.359 27.379 27.399 27.419 27.438 27.456 27.473 27.490 27.506 27.522 27.538 27.553 27.568 27.582 27.595 27.608 27.620 27.632 27.643 27.654 27.666 27.676 27.686 27.697 27.707 27.718 27.728 27.738 27.747 27.754 27.761 27.767 27.772 27.775 27.777 27.778 27.778 27.778 27.777 27.761 27.719 27.715 27.713 27.711 27.707 27.704 27.700 27.692 27.684 27.675 27.668 27.663 27.658 27.652 27.644 27.636 27.628 27.619 27.610 27.599 27.588 27.577 27.565 27.552 27.538 27.524
25.816 26.079 26.854 27.248 27.274 27.297 27.318 27.339 27.359 27.378 27.398 27.418 27.437 27.455 27.473 27.490 27.506 27.522 27.537 27.552 27.566 27.580 27.593 27.607 27.619 27.631 27.643 27.653 27.664 27.675 27.686 27.696 27.708 27.719 27.729 27.739 27.747 27.755 27.762 27.767 27.772 27.775 27.777 27.778 27.778 27.778 27.777 27.724 27.716 27.713 27.711 27.708 27.706 27.702 27.697 27.689 27.681 27.670 27.664 27.660 27.656 27.649 27.641 27.634 27.626 27.617 27.607 27.597 27.586 27.573 27.562 27.548 27.535 27.521
25.798 26.248 27.035 27.251 27.274 27.296 27.318 27.339 27.360 27.380 27.399 27.418 27.436 27.453 27.471 27.488 27.505 27.521 27.537 27.552 27.566 27.579 27.593 27.606 27.618 27.629 27.641 27.652 27.663 27.674 27.686 27.697 27.708 27.719 27.730 27.739 27.748 27.755 27.762 27.767 27.772 27.775 27.777 27.778 27.778 27.778 27.769 27.716 27.714 27.712 27.709 27.707 27.703 27.700 27.694 27.686 27.677 27.667 27.663 27.658 27.653 27.646 27.639 27.632 27.623 27.613 27.604 27.593 27.583 27.571 27.559 27.544 27.531 27.517
25.810 26.454 27.166 27.251 27.273 27.296 27.317 27.338 27.359 27.379 27.398 27.418 27.436 27.454 27.471 27.487 27.503 27.519 27.535 27.550 27.564 27.578 27.591 27.604 27.617 27.629 27.640 27.651 27.662 27.673 27.685 27.697 27.709 27.721 27.731 27.741 27.748 27.756 27.762 27.767 27.772 27.775 27.777 27.778 27.778 27.778 27.717 27.714 27.712 27.709 27.707 27.704 27.702 27.698 27.691 27.682 27.672 27.666 27.662 27.657 27.651 27.644 27.637 27.629 27.621 27.612 27.602 27.590 27.579 27.567 27.555 27.542 27.528 27.513
25.888 26.666 27.210 27.249 27.272 27.294 27.317 27.338 27.358 27.378 27.398 27.417 27.435 27.453 27.470 27.487 27.503 27.518 27.533 27.548 27.562 27.576 27.589 27.603 27.615 27.627 27.638 27.650 27.661 27.673 27.684 27.697 27.709 27.721 27.731 27.741 27.749 27.757 27.763 27.768 27.772 27.775 27.777 27.778 27.778 27.718 27.714 27.712 27.710 27.708 27.705 27.703 27.699 27.695 27.689 27.679 27.666 27.662 27.658 27.654 27.648 27.641 27.634 27.626 27.618 27.608 27.598 27.588 27.576 27.563 27.551 27.538 27.524 27.510
26.011 26.868 27.226 27.251 27.273 27.294 27.316 27.336 27.357 27.377 27.397 27.416 27.434 27.452 27.469 27.486 27.502 27.518 27.533 27.547 27.561 27.575 27.588 27.601 27.613 27.625 27.637 27.648 27.659 27.671 27.684 27.697 27.709 27.721 27.732 27.742 27.750 27.757 27.763 27.768 27.772 27.775 27.777 27.778 27.778 27.713 27.712 27.710 27.708 27.706 27.703 27.700 27.697 27.693 27.686 27.674 27.666 27.661 27.656 27.651 27.644 27.638 27.631 27.623 27.614 27.604 27.594 27.584 27.573 27.561 27.548 27.535 27.520 27.506
26.128 26.988 27.229 27.252 27.274 27.296 27.317 27.338 27.357 27.377 27.395 27.414 27.432 27.450 27.467 27.484 27.501 27.516 27.531 27.546 27.560 27.573 27.587 27.599 27.611 27.623 27.634 27.646 27.657 27.669 27.682 27.696 27.708 27.721 27.732 27.742 27.751 27.758 27.764 27.769 27.773 27.776 27.777 27.778 27.778 27.711 27.709 27.708 27.706 27.703 27.701 27.698 27.694 27.689 27.680 27.669 27.664 27.660 27.656 27.649 27.642 27.635 27.628 27.620 27.611 27.602 27.592 27.580 27.569 27.557 27.544 27.531 27.517 27.503
26.273 27.069 27.228 27.252 27.274 27.296 27.317 27.337 27.357 27.377 27.396 27.414 27.432 27.449 27.466 27.482 27.498 27.514 27.529 27.544 27.558 27.572 27.584 27.597 27.609 27.621 27.633 27.644 27.655 27.667 27.679 27.693 27.707 27.719 27.731 27.742 27.751 27.759 27.766 27.772 27.775 27.777 27.778 27.778 27.709 27.708 27.707 27.705 27.703 27.701 27.698 27.696 27.692 27.686 27.674 27.668 27.664 27.660 27.654 27.647 27.640 27.633 27.626 27.617 27.608 27.598 27.588 27.577 27.566 27.554 27.540 27.527 27.513 27.498
