LISFLOOD/results/run5.inittm
ncols         413
nrows         307
xllcorner     341179.518085
yllcorner     4516729.658735
cellsize      10.000000
NODATA_value  -9999.000000
[rows 261 to 289 of 307, columns 260 to 324 of 413]
0.130 0.115 0.102 0.089 0.077 0.067 0.058 0.049 0.043 0.037 0.032 0.028 0.048 0.897 0.935 0.922 0.889 0.227 0.164 0.186 0.914 0.953 0.951 0.947 0.945 0.949 0.958 0.964 0.969 0.975 0.977 0.977 0.988 1.037 1.106 1.141 1.181 1.201 1.253 1.300 1.319 1.327 1.331 1.331 1.324 1.332 1.341 1.351 1.361 1.372 1.383 1.396 1.408 1.421 1.436 1.451 1.466 1.483 1.500 1.517 2.347 4.207 7.586 -9999.000 -9999.000
0.139 0.124 0.111 0.098 0.087 0.076 0.067 0.058 0.051 0.045 0.040 0.038 0.193 0.954 0.954 0.945 0.902 0.232 0.177 0.236 0.941 0.967 0.961 0.956 0.952 0.957 0.974 0.976 0.982 0.987 0.989 0.985 0.994 1.046 1.123 1.158 1.199 1.230 1.300 1.317 1.329 1.339 1.346 1.348 1.343 1.349 1.357 1.366 1.376 1.387 1.399 1.411 1.424 1.438 1.452 1.467 1.483 1.499 1.517 1.553 2.721 4.652 10.616 -9999.000 -9999.000
0.149 0.134 0.121 0.108 0.097 0.086 0.076 0.068 0.061 0.054 0.049 0.056 0.902 0.981 0.966 0.975 0.918 0.239 0.191 0.311 0.959 0.988 0.973 0.964 0.959 0.971 0.995 0.992 0.995 0.998 1.002 0.999 1.002 1.061 1.142 1.194 1.237 1.299 1.379 1.352 1.348 1.356 1.360 1.362 1.361 1.366 1.373 1.382 1.392 1.403 1.415 1.427 1.441 1.454 1.469 1.484 1.500 1.517 1.533 1.724 3.229 5.093 13.799 -9999.000 -9999.000
0.161 0.146 0.132 0.119 0.107 0.097 0.087 0.079 0.072 0.066 0.061 0.137 0.987 1.058 0.982 1.006 0.938 0.254 0.204 0.388 0.982 1.014 0.987 0.972 0.968 0.987 1.007 1.007 1.008 1.010 1.013 1.010 1.009 1.071 1.172 1.249 1.282 1.333 1.396 1.383 1.373 1.377 1.375 1.376 1.377 1.383 1.390 1.399 1.409 1.419 1.432 1.444 1.457 1.471 1.486 1.502 1.518 1.534 1.549 1.989 3.783 5.623 25.693 -9999.000 -9999.000
0.173 0.158 0.144 0.131 0.119 0.109 0.099 0.091 0.084 0.078 0.078 0.722 1.126 1.124 1.001 1.033 0.955 0.275 0.219 0.435 0.996 1.067 1.012 0.979 0.980 1.010 1.022 1.023 1.024 1.024 1.024 1.019 1.018 1.083 1.201 1.271 1.303 1.358 1.407 1.417 1.413 1.407 1.393 1.392 1.394 1.401 1.408 1.416 1.426 1.437 1.449 1.461 1.475 1.488 1.505 1.520 1.536 1.553 1.571 2.361 4.294 6.529 -9999.000 -9999.000 -9999.000
0.187 0.172 0.157 0.144 0.133 0.122 0.113 0.104 0.097 0.092 0.104 0.985 1.186 1.149 1.017 1.053 0.969 0.283 0.234 0.464 1.029 1.112 1.041 0.989 0.996 1.026 1.036 1.039 1.041 1.039 1.038 1.034 1.034 1.103 1.220 1.289 1.326 1.385 1.418 1.443 1.449 1.444 1.413 1.411 1.412 1.418 1.425 1.434 1.443 1.454 1.466 1.479 1.492 1.506 1.522 1.538 1.554 1.570 1.612 2.875 4.812 8.213 -9999.000 -9999.000 -9999.000
0.201 0.186 0.172 0.159 0.147 0.137 0.127 0.119 0.112 0.108 0.161 1.094 1.302 1.178 1.034 1.053 0.983 0.280 0.251 0.497 1.077 1.135 1.058 1.001 1.011 1.047 1.051 1.055 1.057 1.054 1.054 1.051 1.052 1.118 1.240 1.311 1.350 1.409 1.441 1.458 1.469 1.472 1.439 1.432 1.432 1.438 1.444 1.453 1.462 1.473 1.484 1.497 1.511 1.525 1.541 1.556 1.573 1.591 1.863 3.533 5.395 11.524 -9999.000 -9999.000 -9999.000
0.217 0.202 0.188 0.175 0.163 0.153 0.143 0.136 0.129 0.126 0.294 1.231 1.318 1.217 1.069 1.074 0.998 0.296 0.268 0.524 1.098 1.165 1.074 1.011 1.031 1.064 1.068 1.071 1.071 1.067 1.064 1.065 1.064 1.121 1.260 1.334 1.376 1.433 1.462 1.474 1.485 1.488 1.470 1.452 1.454 1.458 1.464 1.472 1.482 1.492 1.504 1.517 1.530 1.544 1.559 1.576 1.591 1.617 2.326 4.271 6.364 22.304 -9999.000 -9999.000 -9999.000
0.233 0.218 0.204 0.192 0.181 0.170 0.161 0.153 0.148 0.147 0.738 1.335 1.322 1.249 1.131 1.134 1.022 0.319 0.289 0.556 1.123 1.221 1.093 1.022 1.050 1.092 1.106 1.089 1.088 1.088 1.076 1.077 1.077 1.120 1.281 1.356 1.401 1.463 1.481 1.491 1.501 1.502 1.494 1.474 1.476 1.480 1.486 1.493 1.502 1.513 1.524 1.537 1.550 1.564 1.579 1.596 1.610 1.736 2.966 4.959 8.234 -9999.000 -9999.000 -9999.000 -9999.000
0.252 0.237 0.223 0.210 0.199 0.188 0.179 0.172 0.168 0.184 1.061 1.329 1.312 1.273 1.174 1.202 1.056 0.344 0.313 0.600 1.179 1.250 1.102 1.033 1.081 1.127 1.127 1.115 1.111 1.107 1.088 1.096 1.095 1.147 1.302 1.386 1.471 1.603 1.504 1.509 1.516 1.516 1.512 1.498 1.499 1.502 1.508 1.515 1.524 1.534 1.546 1.558 1.571 1.584 1.599 1.615 1.632 2.067 3.779 5.622 12.007 -9999.000 -9999.000 -9999.000 -9999.000
0.271 0.256 0.243 0.230 0.219 0.209 0.200 0.193 0.189 0.291 1.286 1.372 1.347 1.329 1.306 1.328 1.084 0.372 0.339 0.621 1.199 1.276 1.096 1.047 1.125 1.169 1.149 1.135 1.126 1.117 1.100 1.109 1.114 1.177 1.343 1.448 1.529 1.641 1.536 1.533 1.531 1.529 1.528 1.522 1.522 1.525 1.530 1.537 1.546 1.556 1.567 1.579 1.592 1.606 1.621 1.635 1.673 2.564 4.632 6.449 21.143 -9999.000 -9999.000 -9999.000 -9999.000
0.292 0.277 0.264 0.251 0.241 0.231 0.222 0.216 0.213 0.649 1.463 1.446 1.409 1.392 1.416 1.419 1.133 0.407 0.362 0.559 1.218 1.259 1.093 1.059 1.158 1.207 1.176 1.157 1.141 1.125 1.116 1.133 1.143 1.206 1.394 1.517 1.565 1.647 1.589 1.572 1.548 1.546 1.546 1.546 1.547 1.549 1.554 1.561 1.569 1.578 1.589 1.601 1.614 1.628 1.642 1.658 1.891 3.243 5.191 7.689 -9999.000 -9999.000 -9999.000 -9999.000 -9999.000
0.314 0.299 0.286 0.274 0.263 0.254 0.246 0.241 0.242 1.076 1.679 1.652 1.440 1.425 1.453 1.454 1.217 0.502 0.382 0.511 1.236 1.286 1.128 1.079 1.183 1.332 1.268 1.182 1.156 1.136 1.128 1.148 1.162 1.229 1.426 1.554 1.604 1.641 1.657 1.636 1.568 1.568 1.565 1.567 1.569 1.573 1.578 1.584 1.592 1.602 1.612 1.624 1.637 1.651 1.664 1.687 2.316 4.097 5.538 10.089 -9999.000 -9999.000 -9999.000 -9999.000 -9999.000
0.337 0.323 0.309 0.298 0.287 0.278 0.271 0.267 0.289 1.301 1.776 1.734 1.471 1.457 1.491 1.575 1.371 0.837 0.402 0.459 1.189 1.213 1.159 1.100 1.207 1.367 1.299 1.208 1.169 1.146 1.143 1.167 1.182 1.268 1.474 1.591 1.619 1.647 1.673 1.669 1.596 1.588 1.587 1.588 1.591 1.596 1.601 1.608 1.616 1.625 1.636 1.647 1.660 1.673 1.684 1.817 2.923 4.831 5.961 14.793 -9999.000 -9999.000 -9999.000 -9999.000 -9999.000
0.361 0.347 0.335 0.323 0.313 0.304 0.298 0.294 0.410 1.594 1.824 1.764 1.498 1.487 1.638 1.759 1.547 1.087 0.430 0.452 1.093 1.199 1.186 1.123 1.228 1.407 1.333 1.233 1.183 1.156 1.161 1.188 1.205 1.336 1.517 1.626 1.637 1.703 1.706 1.690 1.624 1.609 1.611 1.611 1.614 1.618 1.624 1.631 1.638 1.648 1.660 1.672 1.684 1.696 1.705 2.126 3.694 5.310 6.970 -9999.000 -9999.000 -9999.000 -9999.000 -9999.000 -9999.000
0.387 0.373 0.361 0.349 0.339 0.331 0.325 0.322 0.816 1.887 1.947 1.696 1.523 1.517 1.684 1.793 1.723 1.268 0.484 0.472 0.797 1.213 1.274 1.163 1.250 1.463 1.362 1.257 1.192 1.167 1.179 1.209 1.228 1.391 1.554 1.602 1.631 1.832 1.745 1.714 1.648 1.634 1.634 1.634 1.637 1.642 1.647 1.655 1.663 1.672 1.683 1.695 1.707 1.718 1.728 2.642 4.503 5.609 9.279 -9999.000 -9999.000 -9999.000 -9999.000 -9999.000 -9999.000
0.414 0.401 0.389 0.377 0.368 0.360 0.354 0.357 1.211 2.219 2.193 1.722 1.550 1.548 1.721 1.821 1.816 1.498 0.769 0.495 0.559 1.226 1.227 1.203 1.296 1.508 1.387 1.280 1.202 1.178 1.198 1.231 1.264 1.422 1.593 1.623 1.728 1.771 1.769 1.731 1.670 1.661 1.661 1.661 1.663 1.667 1.673 1.680 1.688 1.697 1.708 1.719 1.731 1.740 1.868 3.356 5.139 6.001 13.144 -9999.000 -9999.000 -9999.000 -9999.000 -9999.000 -9999.000
0.443 0.430 0.418 0.407 0.398 0.391 0.386 0.419 1.583 2.430 2.386 1.759 1.578 1.578 1.724 1.850 1.860 1.741 1.163 0.527 0.548 1.047 1.244 1.234 1.356 1.548 1.413 1.299 1.212 1.190 1.221 1.258 1.316 1.451 1.624 1.664 2.241 1.805 1.789 1.727 1.693 1.689 1.688 1.689 1.690 1.694 1.699 1.706 1.713 1.722 1.733 1.744 1.754 1.764 2.349 4.206 5.478 7.043 22.178 -9999.000 -9999.000 -9999.000 -9999.000 -9999.000 -9999.000
0.473 0.460 0.448 0.438 0.429 0.422 0.418 0.850 2.201 2.634 2.552 1.848 1.608 1.601 1.695 1.899 1.916 1.934 1.435 0.701 0.571 0.646 1.261 1.272 1.425 1.581 1.452 1.320 1.224 1.202 1.242 1.294 1.378 1.480 1.607 1.769 3.390 1.885 1.812 1.743 1.718 1.717 1.717 1.717 1.718 1.722 1.727 1.733 1.741 1.749 1.759 1.769 1.777 1.838 3.092 5.011 5.932 10.060 -9999.000 -9999.000 -9999.000 -9999.000 -9999.000 -9999.000 -9999.000
0.505 0.492 0.480 0.470 0.462 0.456 0.459 1.363 2.998 3.176 2.666 1.980 1.640 1.621 1.648 1.929 1.971 2.043 1.792 1.217 0.612 0.632 1.144 1.344 1.534 1.657 1.500 1.341 1.236 1.218 1.267 1.325 1.418 1.502 1.635 1.970 2.257 2.059 1.838 1.767 1.747 1.745 1.744 1.746 1.747 1.751 1.754 1.760 1.767 1.775 1.786 1.794 1.799 2.232 4.081 5.606 7.119 17.446 -9999.000 -9999.000 -9999.000 -9999.000 -9999.000 -9999.000 -9999.000
0.538 0.525 0.513 0.504 0.496 0.490 0.548 1.861 3.211 3.186 2.630 2.031 1.677 1.642 1.667 1.788 2.013 2.081 2.056 1.562 0.984 0.656 0.758 1.371 1.608 1.833 1.553 1.357 1.247 1.240 1.289 1.351 1.446 1.528 1.712 2.364 2.335 2.182 1.823 1.790 1.777 1.775 1.774 1.775 1.777 1.778 1.782 1.788 1.795 1.802 1.812 1.818 1.841 2.867 5.033 5.936 9.103 -9999.000 -9999.000 -9999.000 -9999.000 -9999.000 -9999.000 -9999.000 -9999.000
0.570 0.557 0.546 0.538 0.531 0.526 1.113 2.721 3.188 3.110 2.653 2.123 1.719 1.665 1.690 1.711 2.053 2.230 2.252 1.884 1.371 0.718 0.739 1.186 1.616 1.709 1.585 1.343 1.259 1.268 1.308 1.374 1.472 1.571 1.889 2.544 2.396 2.059 1.838 1.814 1.808 1.806 1.804 1.804 1.806 1.808 1.812 1.817 1.823 1.830 1.837 1.841 2.081 3.681 5.679 6.442 12.336 -9999.000 -9999.000 -9999.000 -9999.000 -9999.000 -9999.000 -9999.000 -9999.000
0.604 0.592 0.581 0.573 0.566 0.562 1.439 3.424 3.776 3.242 2.691 2.176 1.772 1.714 1.709 1.724 2.075 2.278 2.297 2.192 1.731 1.232 0.764 0.828 1.370 1.653 1.624 1.363 1.281 1.297 1.323 1.369 1.491 1.647 2.209 2.273 2.284 1.904 1.861 1.841 1.837 1.837 1.836 1.836 1.838 1.839 1.842 1.846 1.852 1.857 1.862 1.874 2.629 4.649 5.948 7.885 25.769 -9999.000 -9999.000 -9999.000 -9999.000 -9999.000 -9999.000 -9999.000 -9999.000
0.641 0.628 0.618 0.611 0.604 0.626 1.909 3.689 3.697 3.248 2.619 2.233 1.811 1.744 1.729 1.739 1.988 2.319 2.345 2.505 2.045 1.614 0.903 0.847 0.979 1.583 1.567 1.419 1.312 1.321 1.335 1.376 1.523 1.786 2.519 2.369 2.303 1.911 1.885 1.872 1.867 1.867 1.867 1.867 1.868 1.869 1.872 1.876 1.880 1.884 1.886 2.016 3.366 5.588 6.218 10.527 -9999.000 -9999.000 -9999.000 -9999.000 -9999.000 -9999.000 -9999.000 -9999.000 -9999.000
0.678 0.666 0.657 0.649 0.644 0.845 2.573 3.625 3.529 3.049 2.602 2.233 1.813 1.773 1.749 1.754 1.917 2.244 2.386 2.654 2.384 1.919 1.408 0.901 0.919 1.387 1.519 1.498 1.386 1.341 1.349 1.404 1.574 1.986 2.523 2.483 2.316 1.934 1.911 1.903 1.899 1.897 1.897 1.898 1.897 1.899 1.901 1.905 1.908 1.910 1.915 2.512 4.216 6.036 7.435 21.543 -9999.000 -9999.000 -9999.000 -9999.000 -9999.000 -9999.000 -9999.000 -9999.000 -9999.000
0.717 0.706 0.697 0.690 0.686 1.397 3.358 3.970 3.619 2.911 2.636 2.249 1.849 1.821 1.774 1.771 1.922 2.276 2.406 2.641 2.574 2.159 1.761 1.257 0.942 1.177 1.538 1.543 1.474 1.364 1.364 1.433 1.616 2.123 2.204 2.239 2.133 1.957 1.942 1.934 1.930 1.929 1.928 1.929 1.927 1.929 1.930 1.933 1.934 1.935 1.972 3.146 5.197 6.284 10.851 -9999.000 -9999.000 -9999.000 -9999.000 -9999.000 -9999.000 -9999.000 -9999.000 -9999.000 -9999.000
0.757 0.747 0.738 0.732 0.739 1.856 3.736 4.052 3.699 3.014 2.689 2.284 1.892 1.882 1.801 1.789 1.974 2.319 2.356 2.666 2.643 2.462 2.007 1.478 0.974 1.029 1.557 1.574 1.559 1.406 1.387 1.462 1.644 2.232 2.242 2.218 1.965 1.968 1.972 1.964 1.961 1.961 1.961 1.959 1.957 1.958 1.959 1.962 1.962 1.962 2.297 3.884 5.882 7.361 20.439 -9999.000 -9999.000 -9999.000 -9999.000 -9999.000 -9999.000 -9999.000 -9999.000 -9999.000 -9999.000
0.799 0.789 0.781 0.776 0.939 2.538 3.608 3.874 3.762 3.062 2.726 2.316 1.932 1.879 1.821 1.806 1.993 2.312 2.351 2.622 2.717 2.739 2.281 1.691 1.012 1.033 1.554 1.613 1.641 1.436 1.412 1.501 1.689 1.729 1.753 1.769 1.817 1.893 1.977 1.996 1.993 1.992 1.992 1.989 1.987 1.987 1.988 1.989 1.989 1.989 2.853 4.776 6.326 9.292 -9999.000 -9999.000 -9999.000 -9999.000 -9999.000 -9999.000 -9999.000 -9999.000 -9999.000 -9999.000 -9999.000
0.842 0.833 0.825 0.820 1.473 3.402 3.532 3.482 3.442 3.119 2.769 2.353 1.976 1.879 1.853 1.832 1.894 2.148 2.192 2.516 2.777 2.846 2.549 1.846 1.058 1.058 1.470 1.664 1.668 1.455 1.443 1.602 1.778 1.771 1.768 1.784 1.835 1.898 1.976 2.022 2.025 2.024 2.023 2.019 2.018 2.018 2.017 2.017 2.017 2.044 3.543 5.673 7.013 13.546 -9999.000 -9999.000 -9999.000 -9999.000 -9999.000 -9999.000 -9999.000 -9999.000 -9999.000 -9999.000 -9999.000
