LISFLOOD/results/run5.mxe
ncols         413
nrows         307
xllcorner     341179.518085
yllcorner     4516729.658735
cellsize      10.000000
NODATA_value  -9999.000000
[rows 140 to 167 of 307, columns 310 to 371 of 413]
143.029 143.102 143.176 143.248 143.303 143.302 143.299 143.296 143.293 143.290 143.286 143.283 143.280 143.276 143.273 143.269 143.266 143.262 143.259 143.255 143.251 143.248 143.244 143.241 143.237 143.234 143.230 143.226 143.223 143.219 143.216 143.213 143.209 143.206 143.203 143.200 143.197 143.194 143.191 143.188 143.185 143.182 143.180 143.177 143.175 143.173 143.170 143.168 143.166 143.164 143.163 143.161 143.160 143.158 143.157 143.156 143.155 143.155 143.154 143.153 143.153 143.153
143.059 143.133 143.209 143.292 143.297 143.293 143.290 143.287 143.284 143.280 143.277 143.274 143.271 143.267 143.264 143.261 143.257 143.254 143.250 143.247 143.243 143.240 143.236 143.233 143.229 143.226 143.223 143.219 143.216 143.213 143.209 143.206 143.203 143.200 143.197 143.194 143.191 143.188 143.185 143.183 143.180 143.177 143.175 143.173 143.171 143.168 143.166 143.165 143.163 143.161 143.160 143.158 143.157 143.156 143.155 143.154 143.153 143.153 143.152 143.152 143.152 143.152
143.089 143.162 143.233 143.287 143.286 143.284 143.281 143.278 143.274 143.271 143.268 143.265 143.262 143.258 143.255 143.252 143.248 143.245 143.242 143.238 143.235 143.232 143.228 143.225 143.222 143.218 143.215 143.212 143.209 143.206 143.203 143.199 143.196 143.194 143.191 143.188 143.185 143.182 143.180 143.177 143.175 143.173 143.170 143.168 143.166 143.164 143.162 143.161 143.159 143.158 143.156 143.155 143.154 143.153 143.152 143.152 143.151 143.151 143.151 143.150 143.151 143.151
143.119 143.194 143.276 143.282 143.278 143.274 143.271 143.268 143.265 143.262 143.259 143.256 143.253 143.249 143.246 143.243 143.240 143.237 143.233 143.230 143.227 143.224 143.220 143.217 143.214 143.211 143.208 143.205 143.202 143.199 143.196 143.193 143.190 143.187 143.185 143.182 143.179 143.177 143.174 143.172 143.170 143.168 143.166 143.164 143.162 143.160 143.159 143.157 143.156 143.154 143.153 143.152 143.151 143.151 143.150 143.149 143.149 143.149 143.149 143.149 143.149 143.149
143.148 143.218 143.271 143.271 143.268 143.265 143.262 143.259 143.256 143.253 143.250 143.247 143.244 143.241 143.238 143.234 143.231 143.228 143.225 143.222 143.219 143.216 143.213 143.210 143.207 143.204 143.201 143.198 143.195 143.192 143.189 143.186 143.184 143.181 143.179 143.176 143.174 143.171 143.169 143.167 143.165 143.163 143.161 143.159 143.158 143.156 143.155 143.153 143.152 143.151 143.150 143.149 143.148 143.148 143.147 143.147 143.147 143.147 143.147 143.147 143.148 143.149
143.179 143.260 143.266 143.262 143.259 143.256 143.253 143.250 143.247 143.244 143.241 143.238 143.235 143.232 143.229 143.226 143.223 143.220 143.217 143.214 143.211 143.208 143.205 143.202 143.199 143.196 143.193 143.191 143.188 143.185 143.182 143.180 143.177 143.175 143.173 143.170 143.168 143.166 143.164 143.162 143.160 143.158 143.156 143.155 143.153 143.152 143.151 143.150 143.149 143.148 143.147 143.146 143.146 143.145 143.145 143.145 143.145 143.145 143.145 143.146 143.146 -9999.000
143.203 143.255 143.255 143.252 143.249 143.247 143.244 143.241 143.238 143.235 143.232 143.229 143.226 143.223 143.220 143.217 143.214 143.211 143.208 143.206 143.203 143.200 143.197 143.194 143.191 143.189 143.186 143.183 143.181 143.178 143.176 143.173 143.171 143.169 143.167 143.164 143.162 143.160 143.159 143.157 143.155 143.153 143.152 143.150 143.149 143.148 143.147 143.146 143.145 143.144 143.144 143.143 143.143 143.143 143.143 143.143 143.143 143.143 143.144 143.145 143.145 -9999.000
143.244 143.250 143.246 143.243 143.240 143.237 143.234 143.232 143.229 143.226 143.223 143.220 143.217 143.214 143.212 143.209 143.206 143.203 143.200 143.197 143.195 143.192 143.189 143.187 143.184 143.181 143.179 143.176 143.174 143.172 143.169 143.167 143.165 143.163 143.161 143.159 143.157 143.155 143.153 143.152 143.150 143.149 143.147 143.146 143.145 143.144 143.143 143.142 143.141 143.141 143.140 143.140 143.140 143.140 143.140 143.140 143.141 143.141 143.142 143.143 -9999.000 -9999.000
143.239 143.239 143.236 143.234 143.231 143.228 143.225 143.223 143.220 143.217 143.214 143.211 143.209 143.206 143.203 143.200 143.197 143.195 143.192 143.189 143.187 143.184 143.182 143.179 143.177 143.174 143.172 143.169 143.167 143.165 143.163 143.161 143.159 143.157 143.155 143.153 143.151 143.150 143.148 143.147 143.145 143.144 143.143 143.142 143.141 143.140 143.139 143.138 143.138 143.138 143.137 143.137 143.137 143.137 143.138 143.138 143.139 143.139 143.140 -9999.000 -9999.000 -9999.000
143.234 143.230 143.227 143.224 143.222 143.219 143.216 143.213 143.211 143.208 143.205 143.203 143.200 143.197 143.194 143.192 143.189 143.186 143.184 143.181 143.179 143.176 143.174 143.171 143.169 143.167 143.165 143.162 143.160 143.158 143.156 143.154 143.152 143.150 143.149 143.147 143.146 143.144 143.143 143.141 143.140 143.139 143.138 143.137 143.136 143.136 143.135 143.135 143.134 143.134 143.134 143.134 143.134 143.135 143.135 143.136 143.137 143.138 143.139 -9999.000 -9999.000 -9999.000
143.223 143.220 143.218 143.215 143.212 143.210 143.207 143.204 143.202 143.199 143.196 143.194 143.191 143.188 143.186 143.183 143.181 143.178 143.176 143.173 143.171 143.169 143.166 143.164 143.162 143.160 143.157 143.155 143.153 143.151 143.150 143.148 143.146 143.144 143.143 143.141 143.140 143.139 143.137 143.136 143.135 143.134 143.134 143.133 143.132 143.132 143.131 143.131 143.131 143.131 143.131 143.131 143.131 143.132 143.133 143.133 143.134 143.136 -9999.000 -9999.000 -9999.000 -9999.000
143.213 143.211 143.208 143.206 143.203 143.201 143.198 143.195 143.193 143.190 143.188 143.185 143.182 143.180 143.177 143.175 143.172 143.170 143.168 143.165 143.163 143.161 143.159 143.156 143.154 143.152 143.150 143.148 143.147 143.145 143.143 143.141 143.140 143.138 143.137 143.136 143.134 143.133 143.132 143.131 143.130 143.130 143.129 143.128 143.128 143.128 143.127 143.127 143.127 143.127 143.128 143.128 143.128 143.129 143.130 143.131 143.132 -9999.000 -9999.000 -9999.000 -9999.000 -9999.000
143.204 143.202 143.199 143.197 143.194 143.192 143.189 143.186 143.184 143.181 143.179 143.176 143.174 143.171 143.169 143.167 143.164 143.162 143.160 143.157 143.155 143.153 143.151 143.149 143.147 143.145 143.143 143.141 143.140 143.138 143.136 143.135 143.134 143.132 143.131 143.130 143.129 143.128 143.127 143.126 143.126 143.125 143.124 143.124 143.124 143.124 143.124 143.124 143.124 143.124 143.124 143.125 143.126 143.126 143.128 143.129 143.130 -9999.000 -9999.000 -9999.000 -9999.000 -9999.000
143.195 143.193 143.190 143.188 143.185 143.182 143.180 143.177 143.175 143.172 143.170 143.168 143.165 143.163 143.160 143.158 143.156 143.154 143.151 143.149 143.147 143.145 143.143 143.141 143.140 143.138 143.136 143.134 143.133 143.131 143.130 143.129 143.127 143.126 143.125 143.124 143.123 143.122 143.122 143.121 143.121 143.120 143.120 143.120 143.120 143.120 143.120 143.120 143.120 143.121 143.121 143.122 143.123 143.124 143.125 143.127 -9999.000 -9999.000 -9999.000 -9999.000 -9999.000 -9999.000
143.186 143.183 143.181 143.178 143.176 143.173 143.171 143.168 143.166 143.164 143.161 143.159 143.157 143.154 143.152 143.150 143.148 143.145 143.143 143.141 143.139 143.138 143.136 143.134 143.132 143.131 143.129 143.127 143.126 143.125 143.123 143.122 143.121 143.120 143.119 143.118 143.118 143.117 143.117 143.116 143.116 143.116 143.115 143.115 143.115 143.116 143.116 143.116 143.117 143.117 143.118 143.119 143.119 143.120 143.122 -9999.000 -9999.000 -9999.000 -9999.000 -9999.000 -9999.000 -9999.000
143.177 143.174 143.172 143.169 143.167 143.164 143.162 143.160 143.157 143.155 143.152 143.150 143.148 143.146 143.144 143.141 143.139 143.137 143.135 143.133 143.132 143.130 143.128 143.126 143.125 143.123 143.122 143.121 143.119 143.118 143.117 143.116 143.115 143.114 143.113 143.113 143.112 143.112 143.111 143.111 143.111 143.111 143.111 143.111 143.111 143.112 143.112 143.112 143.113 143.114 143.115 143.115 143.116 143.117 143.119 -9999.000 -9999.000 -9999.000 -9999.000 -9999.000 -9999.000 -9999.000
143.168 143.165 143.163 143.160 143.158 143.155 143.153 143.151 143.148 143.146 143.144 143.141 143.139 143.137 143.135 143.133 143.131 143.129 143.127 143.126 143.124 143.122 143.121 143.119 143.118 143.116 143.115 143.114 143.112 143.111 143.110 143.110 143.109 143.108 143.108 143.107 143.107 143.106 143.106 143.106 143.106 143.106 143.106 143.107 143.107 143.108 143.108 143.109 143.110 143.110 143.111 143.112 143.113 143.114 -9999.000 -9999.000 -9999.000 -9999.000 -9999.000 -9999.000 -9999.000 -9999.000
143.158 143.156 143.153 143.151 143.149 143.146 143.144 143.142 143.139 143.137 143.135 143.133 143.131 143.129 143.127 143.125 143.123 143.121 143.119 143.118 143.116 143.114 143.113 143.112 143.110 143.109 143.108 143.107 143.106 143.105 143.104 143.103 143.103 143.102 143.102 143.101 143.101 143.101 143.101 143.101 143.101 143.101 143.102 143.102 143.103 143.104 143.104 143.105 143.106 143.107 143.108 143.109 143.110 143.111 -9999.000 -9999.000 -9999.000 -9999.000 -9999.000 -9999.000 -9999.000 -9999.000
143.149 143.147 143.144 143.142 143.140 143.137 143.135 143.133 143.130 143.128 143.126 143.124 143.122 143.120 143.118 143.116 143.115 143.113 143.111 143.110 143.108 143.107 143.105 143.104 143.103 143.102 143.101 143.100 143.099 143.098 143.097 143.097 143.096 143.096 143.096 143.096 143.096 143.096 143.096 143.096 143.096 143.097 143.097 143.098 143.099 143.100 143.101 143.102 143.103 143.104 143.105 143.106 143.108 143.109 -9999.000 -9999.000 -9999.000 -9999.000 -9999.000 -9999.000 -9999.000 -9999.000
143.140 143.138 143.135 143.133 143.131 143.128 143.126 143.124 143.122 143.119 143.117 143.115 143.113 143.112 143.110 143.108 143.106 143.105 143.103 143.102 143.100 143.099 143.098 143.097 143.095 143.094 143.094 143.093 143.092 143.091 143.091 143.090 143.090 143.090 143.090 143.090 143.090 143.090 143.091 143.091 143.091 143.092 143.093 143.094 143.095 143.096 143.097 143.098 143.099 143.101 143.102 143.103 143.105 -9999.000 -9999.000 -9999.000 -9999.000 -9999.000 -9999.000 -9999.000 -9999.000 -9999.000
143.131 143.128 143.126 143.124 143.121 143.119 143.117 143.115 143.113 143.111 143.109 143.107 143.105 143.103 143.101 143.100 143.098 143.097 143.095 143.094 143.092 143.091 143.090 143.089 143.088 143.087 143.086 143.086 143.085 143.085 143.084 143.084 143.084 143.084 143.084 143.084 143.084 143.085 143.085 143.086 143.087 143.087 143.088 143.089 143.091 143.092 143.093 143.095 143.096 143.098 143.099 143.101 143.103 -9999.000 -9999.000 -9999.000 -9999.000 -9999.000 -9999.000 -9999.000 -9999.000 -9999.000
143.122 143.119 143.117 143.115 143.112 143.110 143.108 143.106 143.104 143.102 143.100 143.098 143.096 143.095 143.093 143.091 143.090 143.088 143.087 143.086 143.085 143.083 143.082 143.082 143.081 143.080 143.079 143.079 143.078 143.078 143.078 143.078 143.078 143.078 143.078 143.078 143.079 143.079 143.080 143.081 143.082 143.083 143.084 143.085 143.087 143.088 143.090 143.091 143.093 143.095 143.097 143.099 -9999.000 -9999.000 -9999.000 -9999.000 -9999.000 -9999.000 -9999.000 -9999.000 -9999.000 -9999.000
143.112 143.110 143.108 143.105 143.103 143.101 143.099 143.097 143.095 143.093 143.091 143.089 143.088 143.086 143.084 143.083 143.081 143.080 143.079 143.078 143.077 143.076 143.075 143.074 143.073 143.073 143.072 143.072 143.072 143.071 143.071 143.071 143.071 143.072 143.072 143.073 143.073 143.074 143.075 143.076 143.077 143.078 143.080 143.081 143.083 143.084 143.086 143.088 143.089 143.091 143.094 -9999.000 -9999.000 -9999.000 -9999.000 -9999.000 -9999.000 -9999.000 -9999.000 -9999.000 -9999.000 -9999.000
143.103 143.101 143.098 143.096 143.094 143.092 143.090 143.088 143.086 143.084 143.082 143.081 143.079 143.077 143.076 143.074 143.073 143.072 143.071 143.070 143.069 143.068 143.067 143.066 143.066 143.065 143.065 143.065 143.065 143.065 143.065 143.065 143.065 143.066 143.066 143.067 143.068 143.068 143.070 143.071 143.072 143.073 143.075 143.077 143.079 143.080 143.082 143.084 143.086 143.088 -9999.000 -9999.000 -9999.000 -9999.000 -9999.000 -9999.000 -9999.000 -9999.000 -9999.000 -9999.000 -9999.000 -9999.000
143.094 143.091 143.089 143.087 143.085 143.083 143.081 143.079 143.077 143.075 143.073 143.072 143.070 143.069 143.067 143.066 143.065 143.064 143.063 143.062 143.061 143.060 143.059 143.059 143.058 143.058 143.058 143.058 143.058 143.058 143.058 143.058 143.059 143.059 143.060 143.061 143.062 143.063 143.064 143.066 143.067 143.069 143.071 143.073 143.075 143.077 143.079 143.081 143.083 143.085 -9999.000 -9999.000 -9999.000 -9999.000 -9999.000 -9999.000 -9999.000 -9999.000 -9999.000 -9999.000 -9999.000 -9999.000
143.084 143.082 143.080 143.078 143.076 143.074 143.072 143.070 143.068 143.066 143.065 143.063 143.062 143.060 143.059 143.058 143.056 143.055 143.054 143.054 143.053 143.052 143.052 143.051 143.051 143.051 143.051 143.051 143.051 143.051 143.051 143.052 143.053 143.053 143.054 143.055 143.056 143.057 143.059 143.060 143.062 143.064 143.066 143.068 143.071 143.073 143.075 143.078 143.081 -9999.000 -9999.000 -9999.000 -9999.000 -9999.000 -9999.000 -9999.000 -9999.000 -9999.000 -9999.000 -9999.000 -9999.000 -9999.000
143.075 143.073 143.071 143.069 143.066 143.064 143.063 143.061 143.059 143.057 143.056 143.054 143.053 143.051 143.050 143.049 143.048 143.047 143.046 143.046 143.045 143.044 143.044 143.044 143.043 143.043 143.043 143.044 143.044 143.044 143.045 143.045 143.046 143.047 143.048 143.049 143.050 143.052 143.053 143.055 143.057 143.059 143.062 143.064 143.067 143.069 143.072 143.075 -9999.000 -9999.000 -9999.000 -9999.000 -9999.000 -9999.000 -9999.000 -9999.000 -9999.000 -9999.000 -9999.000 -9999.000 -9999.000 -9999.000
143.066 143.064 143.061 143.059 143.057 143.055 143.053 143.052 143.050 143.048 143.047 143.045 143.044 143.043 143.042 143.041 143.040 143.039 143.038 143.037 143.037 143.036 143.036 143.036 143.036 143.036 143.036 143.036 143.037 143.037 143.038 143.039 143.040 143.041 143.042 143.043 143.045 143.046 143.048 143.050 143.052 143.054 143.057 143.060 143.063 143.066 143.069 -9999.000 -9999.000 -9999.000 -9999.000 -9999.000 -9999.000 -9999.000 -9999.000 -9999.000 -9999.000 -9999.000 -9999.000 -9999.000 -9999.000 -9999.000
