LISFLOOD/results/run5.totaltm
ncols         413
nrows         307
xllcorner     341179.518085
yllcorner     4516729.658735
cellsize      10.000000
NODATA_value  -9999.000000
[rows 66 to 98 of 307, columns 222 to 295 of 413]
15.052 17.174 19.959 20.392 20.414 20.429 20.451 20.473 20.486 20.472 20.495 20.527 20.586 20.687 20.758 20.811 20.872 20.951 21.028 21.073 21.043 21.028 21.073 21.104 21.088 21.094 21.135 21.168 21.201 21.284 21.363 21.394 21.429 21.484 21.519 21.547 21.573 21.598 21.613 21.627 21.643 21.708 21.732 21.857 22.168 22.515 22.873 22.981 22.928 23.103 23.117 23.136 24.502 24.773 24.824 24.842 24.863 25.036 25.695 25.692 25.612 25.749 26.017 25.994 25.511 25.509 25.508 25.624 25.676 25.624 25.589 25.609 25.657 25.752
15.856 18.208 19.969 20.412 20.440 20.459 20.483 20.503 20.526 20.547 20.566 20.594 20.633 20.738 20.820 20.870 20.926 20.978 21.018 21.038 20.962 20.953 20.981 20.954 20.975 21.017 21.080 21.120 21.217 21.326 21.385 21.413 21.444 21.484 21.513 21.546 21.575 21.598 21.619 21.639 21.661 21.714 21.739 22.007 22.375 22.584 22.978 23.004 23.003 23.022 23.006 23.696 24.648 24.698 24.756 24.817 24.866 25.116 25.762 25.707 25.732 26.058 26.071 25.825 25.525 25.538 25.559 25.683 25.721 25.666 25.614 25.639 25.710 25.895
17.546 18.587 19.646 20.403 20.466 20.489 20.509 20.528 20.544 20.578 20.598 20.622 20.653 20.752 20.830 20.863 20.917 20.958 20.986 20.958 20.896 20.908 20.917 20.924 20.965 21.050 21.117 21.189 21.294 21.357 21.389 21.411 21.433 21.454 21.473 21.498 21.516 21.532 21.549 21.575 21.645 21.655 21.847 22.213 22.526 22.638 23.007 23.026 23.038 23.049 22.862 24.196 24.579 24.595 24.653 24.742 24.804 25.108 25.784 25.616 25.822 26.172 26.091 25.653 25.467 25.482 25.506 25.706 25.756 25.752 25.746 25.760 25.787 26.149
18.331 18.681 19.371 20.307 20.492 20.517 20.543 20.558 20.538 20.568 20.586 20.605 20.632 20.736 20.772 20.779 20.837 20.888 20.896 20.879 20.915 20.947 20.953 20.977 21.026 21.108 21.168 21.255 21.322 21.362 21.381 21.399 21.418 21.440 21.468 21.492 21.513 21.533 21.553 21.620 21.649 21.702 22.031 22.434 22.517 22.716 23.023 23.039 23.058 23.077 23.309 24.406 24.499 24.596 24.661 24.737 24.827 25.126 25.806 25.622 26.042 26.203 26.079 25.673 25.409 25.400 25.440 25.701 25.792 25.863 25.882 25.864 25.854 26.451
18.317 18.687 19.122 20.152 20.516 20.547 20.574 20.596 20.606 20.589 20.551 20.559 20.578 20.697 20.706 20.707 20.772 20.813 20.840 20.896 20.947 20.994 21.019 21.048 21.102 21.179 21.232 21.289 21.324 21.349 21.366 21.384 21.401 21.427 21.451 21.472 21.491 21.511 21.537 21.594 21.597 21.860 22.256 22.484 22.501 22.819 22.982 22.991 22.998 22.358 23.827 24.467 24.576 24.727 24.713 24.766 24.892 25.254 25.899 25.916 26.264 26.222 25.945 25.763 25.444 25.461 25.488 25.700 25.821 25.916 25.905 25.921 25.959 26.681
18.359 18.673 18.918 19.962 20.513 20.568 20.597 20.618 20.633 20.649 20.510 20.507 20.516 20.661 20.670 20.697 20.748 20.791 20.855 20.919 20.969 21.028 21.077 21.116 21.182 21.234 21.278 21.302 21.324 21.341 21.358 21.378 21.398 21.422 21.438 21.451 21.464 21.481 21.572 21.599 21.687 22.092 22.439 22.454 22.602 22.971 22.992 23.007 23.023 23.046 24.228 24.576 24.758 24.851 24.885 24.941 24.923 25.230 25.916 26.207 26.318 26.161 25.699 25.737 25.491 25.504 25.527 25.696 25.819 25.942 25.876 25.861 26.056 26.873
18.465 18.668 18.809 19.828 20.504 20.578 20.611 20.632 20.649 20.679 20.506 20.528 20.558 20.637 20.662 20.711 20.752 20.803 20.876 20.925 20.968 21.018 21.089 21.148 21.193 21.237 21.276 21.294 21.312 21.333 21.361 21.384 21.406 21.425 21.442 21.458 21.477 21.502 21.567 21.590 21.885 22.333 22.492 22.481 22.749 22.981 22.986 22.976 22.637 23.479 24.376 24.573 24.816 24.978 25.062 25.039 24.941 25.110 25.572 26.238 26.343 26.247 25.692 25.753 25.758 25.487 25.502 25.691 25.805 25.959 25.921 25.847 26.257 27.038
18.538 18.646 18.736 19.813 20.501 20.566 20.597 20.620 20.642 20.711 20.581 20.599 20.620 20.654 20.691 20.745 20.803 20.857 20.911 20.954 20.995 21.038 21.099 21.149 21.182 21.227 21.258 21.276 21.293 21.317 21.353 21.383 21.411 21.426 21.437 21.446 21.441 21.538 21.556 21.738 22.160 22.512 22.532 22.597 22.972 22.994 23.009 23.014 22.485 23.901 24.411 24.546 24.818 25.046 25.107 25.076 24.880 25.024 25.337 25.953 26.359 26.392 25.850 25.773 25.898 25.478 25.496 25.714 25.817 25.976 25.975 25.914 26.479 27.150
18.584 18.656 18.709 19.862 20.496 20.540 20.564 20.552 20.577 20.732 20.606 20.618 20.638 20.664 20.724 20.787 20.866 20.921 20.964 21.000 21.035 21.069 21.117 21.152 21.189 21.224 21.245 21.262 21.277 21.302 21.341 21.389 21.417 21.433 21.450 21.469 21.524 21.556 21.599 21.973 22.452 22.585 22.525 22.755 22.983 22.999 23.024 23.043 23.192 24.226 24.467 24.583 24.788 25.007 25.124 25.111 24.859 24.942 25.168 25.522 26.029 26.443 26.203 25.872 25.962 25.596 25.618 25.744 25.837 25.993 26.013 26.051 26.672 27.160
18.612 18.652 18.753 19.959 20.483 20.513 20.529 20.529 20.551 20.752 20.768 20.612 20.626 20.646 20.688 20.786 20.896 20.946 20.983 21.017 21.049 21.087 21.126 21.157 21.188 21.214 21.231 21.244 21.261 21.286 21.324 21.353 21.363 21.383 21.408 21.432 21.498 21.500 21.761 22.253 22.604 22.617 22.632 22.944 22.938 22.878 22.572 21.648 23.702 24.426 24.547 24.637 24.791 24.943 25.142 25.147 24.884 24.944 25.153 25.243 25.692 26.464 26.484 26.138 26.178 25.717 25.733 25.759 25.887 25.986 26.020 26.232 26.969 27.166
18.608 18.640 18.869 20.038 20.464 20.490 20.501 20.496 20.510 20.756 20.801 20.599 20.598 20.602 20.562 20.711 20.880 20.944 20.975 21.006 21.038 21.073 21.118 21.153 21.178 21.200 21.216 21.230 21.248 21.269 21.308 21.328 21.344 21.361 21.380 21.432 21.458 21.586 21.996 22.519 22.602 22.603 22.789 22.970 22.967 22.952 22.662 22.526 24.123 24.515 24.612 24.690 24.820 24.955 25.162 25.176 25.004 24.993 25.177 25.174 25.466 26.395 26.546 26.493 26.529 25.794 25.779 25.802 25.950 25.972 25.995 26.431 27.115 27.167
18.585 18.601 18.819 20.008 20.456 20.476 20.499 20.512 20.496 20.723 20.817 20.753 20.557 20.554 20.557 20.653 20.860 20.938 20.977 21.013 21.046 21.079 21.109 21.133 21.156 21.182 21.200 21.219 21.242 21.268 21.296 21.315 21.331 21.349 21.371 21.415 21.440 21.773 22.292 22.619 22.614 22.628 22.966 22.987 22.992 22.995 22.728 23.271 24.366 24.490 24.523 24.620 24.794 24.968 25.177 25.198 25.219 25.147 25.200 25.196 25.314 26.017 26.567 26.618 26.638 26.072 25.826 25.844 25.930 25.911 26.028 26.631 27.139 27.169
18.558 18.551 18.746 19.971 20.473 20.494 20.518 20.534 20.570 20.740 20.829 20.827 20.539 20.564 20.615 20.797 20.903 20.936 20.978 21.032 21.059 21.086 21.109 21.130 21.150 21.167 21.181 21.203 21.225 21.269 21.288 21.302 21.316 21.333 21.396 21.419 21.568 22.038 22.543 22.646 22.554 22.748 22.989 23.002 23.015 23.026 22.310 23.892 24.427 24.438 24.463 24.551 24.761 24.891 24.992 25.195 25.257 25.230 25.231 25.221 25.249 25.635 26.326 26.638 26.665 26.235 25.811 25.823 25.830 25.806 26.158 26.827 27.146 27.169
18.535 18.529 18.749 19.976 20.509 20.521 20.421 19.978 20.684 20.772 20.846 20.857 20.722 20.749 20.789 20.903 20.941 20.961 21.003 21.031 21.054 21.077 21.097 21.121 21.140 21.169 21.197 21.223 21.249 21.275 21.290 21.307 21.328 21.360 21.413 21.461 21.796 22.356 22.646 22.661 22.672 22.968 22.995 23.013 23.034 23.049 23.072 24.329 24.449 24.435 24.488 24.586 24.723 24.750 24.796 25.085 25.294 25.315 25.258 25.246 25.256 25.508 26.072 26.625 26.692 26.498 25.797 25.799 25.771 25.814 26.301 26.963 27.150 27.173
18.513 18.516 18.812 19.987 20.542 20.567 20.432 19.934 20.739 20.813 20.858 20.871 20.886 20.900 20.918 20.961 20.968 20.978 21.021 21.037 21.058 21.078 21.096 21.113 21.129 21.144 21.148 21.228 21.259 21.277 21.288 21.296 21.291 21.376 21.399 21.627 22.135 22.561 22.608 22.597 22.802 22.955 22.946 22.948 22.931 22.831 23.654 24.524 24.470 24.484 24.531 24.594 24.643 24.606 24.701 24.967 25.311 25.399 25.326 25.293 25.267 25.507 25.841 26.481 26.714 26.723 26.137 25.780 25.785 25.853 26.446 27.069 27.150 27.173
18.494 18.508 18.894 19.987 20.578 20.613 20.566 20.433 20.745 20.814 20.833 20.847 20.930 20.942 20.957 20.983 21.007 21.022 21.042 21.056 21.072 21.091 21.114 21.138 21.164 21.196 21.217 21.248 21.269 21.284 21.300 21.317 21.358 21.388 21.487 21.904 22.452 22.550 22.505 22.507 22.947 22.968 22.968 22.980 22.965 22.923 24.182 24.581 24.507 24.552 24.579 24.614 24.645 24.604 24.692 24.991 25.204 25.439 25.453 25.452 25.324 25.524 25.713 26.230 26.733 26.777 26.530 25.881 25.796 25.968 26.606 27.111 27.153 27.174
18.473 18.493 18.957 20.012 20.616 20.656 20.662 20.672 20.758 20.788 20.769 20.807 20.896 20.851 20.873 20.938 21.008 21.035 21.049 21.058 21.076 21.097 21.117 21.140 21.164 21.187 21.216 21.235 21.249 21.264 21.284 21.307 21.366 21.389 21.699 22.262 22.537 22.549 22.483 22.717 22.978 22.986 22.993 23.008 22.998 23.323 24.477 24.622 24.599 24.609 24.604 24.631 24.673 24.724 24.765 25.046 25.166 25.384 25.474 25.516 25.531 25.556 25.728 26.039 26.587 26.807 26.806 26.209 25.855 26.098 26.782 27.128 27.155 27.178
18.476 18.512 18.981 20.096 20.662 20.694 20.714 20.728 20.744 20.572 20.492 20.827 20.843 20.644 20.696 20.784 20.858 20.959 21.062 21.090 21.106 21.123 21.142 21.159 21.178 21.197 21.217 21.232 21.244 21.256 21.268 21.319 21.338 21.514 22.016 22.479 22.549 22.564 22.583 22.969 22.989 23.002 23.021 23.032 22.672 23.812 24.579 24.677 24.673 24.648 24.603 24.590 24.668 24.839 24.931 25.111 25.186 25.292 25.337 25.447 25.559 25.634 25.769 25.916 26.367 26.830 26.860 26.497 25.968 26.309 26.944 27.132 27.156 27.178
18.423 18.566 19.069 20.203 20.656 20.681 20.700 20.714 20.677 19.724 19.931 20.809 20.416 20.428 20.596 20.698 20.781 20.818 20.879 20.979 21.087 21.121 21.136 21.149 21.164 21.189 21.216 21.233 21.250 21.269 21.300 21.339 21.366 21.743 22.312 22.489 22.510 22.571 22.768 22.976 22.991 23.015 23.039 23.054 23.080 24.187 24.644 24.738 24.712 24.673 24.633 24.645 24.711 24.874 25.021 25.158 25.211 25.306 25.316 25.339 25.393 25.593 25.794 25.872 26.207 26.812 26.882 26.771 26.231 26.497 27.052 27.133 27.156 27.179
18.278 18.628 19.257 20.338 20.641 20.663 20.682 20.696 20.103 19.321 20.464 20.791 20.276 20.312 20.402 20.466 20.667 20.716 20.778 20.811 20.882 20.983 21.076 21.126 21.153 21.177 21.194 21.209 21.223 21.240 21.303 21.307 21.520 22.028 22.433 22.482 22.494 22.687 22.885 22.879 22.871 22.874 22.853 22.302 23.497 24.448 24.734 24.782 24.739 24.662 24.667 24.719 24.774 24.901 25.084 25.198 25.248 25.322 25.335 25.344 25.373 25.522 25.761 25.891 26.126 26.691 26.906 26.844 26.389 26.642 27.094 27.134 27.157 27.179
18.205 18.701 19.386 20.497 20.622 20.642 20.659 20.658 19.856 19.559 20.650 20.664 20.024 20.145 20.383 20.488 20.613 20.642 20.639 20.704 20.897 20.927 20.908 21.079 21.153 21.174 21.190 21.209 21.231 21.296 21.329 21.390 21.766 22.241 22.463 22.501 22.581 22.854 22.902 22.899 22.902 22.911 22.892 22.458 23.914 24.594 24.789 24.815 24.771 24.684 24.709 24.776 24.824 24.931 25.149 25.256 25.293 25.344 25.362 25.347 25.341 25.517 25.694 25.898 26.144 26.658 26.927 26.859 26.418 26.708 27.102 27.134 27.157 27.179
18.214 18.756 19.516 20.551 20.601 20.619 20.634 20.623 20.471 20.491 20.634 19.841 19.873 19.929 20.424 20.533 20.632 20.681 20.706 20.719 20.728 20.988 21.075 21.106 21.162 21.175 21.186 21.197 21.216 21.306 21.327 21.573 22.041 22.367 22.501 22.540 22.747 22.910 22.917 22.922 22.933 22.935 22.928 23.157 24.212 24.609 24.796 24.839 24.815 24.745 24.774 24.810 24.854 24.986 25.200 25.302 25.341 25.371 25.383 25.376 25.313 25.542 25.669 25.862 26.219 26.732 26.948 26.866 26.462 26.822 27.108 27.135 27.158 27.180
18.317 18.773 19.593 20.543 20.580 20.593 20.606 20.588 20.459 20.476 19.916 19.754 19.854 19.912 20.393 20.559 20.663 20.718 20.764 20.789 20.768 20.912 20.989 21.132 21.172 21.184 21.196 21.209 21.287 21.314 21.426 21.824 22.241 22.356 22.448 22.675 22.909 22.922 22.932 22.945 22.957 22.958 21.981 23.657 24.318 24.561 24.768 24.862 24.882 24.859 24.796 24.826 24.871 25.061 25.245 25.329 25.369 25.387 25.401 25.411 25.420 25.536 25.631 25.801 26.263 26.837 26.968 26.891 26.548 26.950 27.112 27.136 27.158 27.181
18.352 18.827 19.689 20.528 20.559 20.566 20.575 20.554 20.440 19.816 19.394 19.601 19.766 19.994 20.537 20.614 20.698 20.764 20.819 20.851 20.856 20.953 21.014 21.138 21.173 21.191 21.209 21.229 21.282 21.306 21.616 22.029 22.232 22.317 22.590 22.899 22.917 22.931 22.947 22.967 22.976 22.982 23.011 24.041 24.329 24.515 24.732 24.868 24.936 24.937 24.852 24.854 24.938 25.148 25.289 25.356 25.391 25.401 25.416 25.447 25.467 25.561 25.619 25.823 26.297 26.879 26.990 26.964 26.768 27.063 27.117 27.140 27.163 27.185
18.388 18.909 19.891 20.511 20.535 20.539 20.543 20.522 20.014 19.072 19.034 19.211 19.447 20.052 20.634 20.696 20.743 20.796 20.857 20.899 20.944 20.999 21.049 21.091 21.110 21.128 21.151 21.213 21.213 21.443 21.921 22.236 22.291 22.528 22.859 22.896 22.914 22.939 22.969 22.988 22.991 22.495 23.582 24.214 24.329 24.444 24.654 24.867 24.999 25.015 24.925 24.947 25.046 25.209 25.323 25.377 25.406 25.414 25.434 25.471 25.488 25.588 25.621 25.918 26.356 26.902 27.010 27.024 27.029 27.091 27.117 27.141 27.163 27.186
18.407 19.053 20.156 20.489 20.508 20.511 20.511 20.461 19.522 19.000 18.942 19.043 19.499 19.864 20.353 20.666 20.723 20.782 20.852 20.904 20.949 20.993 21.057 21.081 21.101 21.124 21.194 21.226 21.264 21.711 22.330 22.457 22.510 22.761 22.828 22.844 22.879 22.917 22.991 23.006 23.014 23.042 24.058 24.263 24.317 24.371 24.545 24.847 25.024 25.064 24.993 25.019 25.109 25.254 25.336 25.394 25.420 25.425 25.462 25.484 25.498 25.561 25.616 25.956 26.461 26.947 27.029 27.050 27.072 27.098 27.120 27.142 27.164 27.186
18.502 19.288 20.356 20.466 20.477 20.481 20.481 20.353 19.128 19.113 19.194 19.085 19.708 19.769 20.056 20.608 20.677 20.742 20.787 20.782 20.856 20.983 21.024 21.045 21.064 21.087 21.164 21.170 21.471 22.074 22.550 22.598 22.714 22.738 22.558 22.601 22.749 22.978 23.009 23.018 22.673 23.600 24.177 24.236 24.256 24.277 24.409 24.800 25.003 25.096 25.036 25.064 25.214 25.337 25.369 25.407 25.437 25.455 25.492 25.507 25.553 25.583 25.617 26.018 26.661 27.001 27.034 27.056 27.078 27.100 27.122 27.146 27.168 27.189
18.614 19.572 20.398 20.443 20.448 20.451 20.450 20.024 19.088 19.153 19.307 19.596 19.833 19.921 19.999 20.074 20.459 20.654 20.099 20.097 20.894 20.946 20.959 20.976 21.001 21.142 21.174 21.284 21.809 22.373 22.666 22.730 22.733 22.518 22.332 22.282 22.923 23.004 23.026 23.044 23.112 24.066 24.179 24.213 24.232 24.187 24.352 24.746 24.994 25.129 25.124 25.164 25.291 25.315 25.319 25.371 25.440 25.482 25.520 25.536 25.599 25.652 25.734 26.258 26.868 27.014 27.037 27.059 27.082 27.104 27.127 27.149 27.170 27.191
18.703 19.812 20.388 20.419 20.421 20.422 20.415 19.432 18.907 18.808 19.321 19.738 19.803 19.867 19.875 19.837 20.001 20.258 20.108 20.437 20.931 20.949 20.961 20.983 21.022 21.149 21.177 21.617 22.213 22.565 22.743 22.748 22.751 22.544 22.441 22.765 22.901 22.881 22.574 22.608 23.607 24.180 24.197 24.234 24.262 24.283 24.391 24.708 24.992 25.189 25.215 25.251 25.268 25.203 25.216 25.301 25.428 25.499 25.552 25.571 25.610 25.657 25.806 26.451 26.972 27.018 27.041 27.063 27.086 27.109 27.131 27.152 27.173 27.194
19.010 20.122 20.370 20.393 20.394 20.395 20.236 18.993 19.021 19.096 19.582 19.713 19.747 19.797 19.672 19.729 19.930 19.989 20.435 20.808 20.822 20.817 20.819 20.832 21.056 21.084 21.378 22.348 22.600 22.741 22.757 22.759 22.768 22.783 22.815 22.845 22.871 22.579 22.543 23.071 24.041 24.216 24.224 24.252 24.285 24.318 24.466 24.699 24.996 25.173 25.204 25.218 25.156 25.145 25.178 25.269 25.436 25.511 25.546 25.564 25.584 25.620 25.886 26.626 26.996 27.022 27.046 27.068 27.091 27.113 27.135 27.156 27.177 27.197
19.374 20.301 20.348 20.364 20.368 20.368 19.519 18.883 18.959 19.200 19.632 19.670 19.669 19.664 19.624 19.735 19.887 20.126 20.761 20.775 20.747 20.802 20.855 20.916 21.028 21.097 21.681 22.607 22.739 22.759 22.769 22.771 22.788 22.815 22.829 22.838 22.832 22.610 22.186 23.701 24.225 24.262 24.258 24.279 24.297 24.354 24.522 24.728 24.983 25.160 25.178 25.127 25.085 25.114 25.152 25.299 25.468 25.506 25.520 25.541 25.537 25.656 26.081 26.836 27.006 27.029 27.052 27.073 27.096 27.117 27.139 27.160 27.181 27.201
19.825 20.300 20.327 20.336 20.341 20.219 18.811 18.799 18.874 19.352 19.602 19.627 19.607 19.553 19.572 19.687 19.930 20.663 20.746 20.299 20.304 20.372 20.448 20.839 20.868 21.278 22.034 22.648 22.745 22.766 22.786 22.782 22.808 22.833 22.853 22.861 22.857 22.672 23.284 24.202 24.266 24.306 24.312 24.309 24.317 24.403 24.544 24.722 24.992 25.148 25.151 25.072 25.057 25.084 25.122 25.276 25.489 25.529 25.516 25.532 25.533 25.758 26.336 26.961 27.011 27.034 27.056 27.078 27.101 27.122 27.143 27.164 27.184 27.204
20.202 20.282 20.304 20.309 20.308 19.519 18.750 18.829 18.931 19.373 19.534 19.578 19.554 19.513 19.543 19.658 20.490 20.652 20.314 19.819 19.882 19.994 20.529 20.636 20.936 21.562 22.346 22.682 22.709 22.735 22.810 22.796 22.819 22.849 22.876 22.884 22.878 22.902 24.050 24.264 24.296 24.328 24.339 24.339 24.362 24.441 24.539 24.661 25.004 25.169 25.124 25.049 25.065 25.093 25.127 25.296 25.519 25.554 25.540 25.557 25.557 25.899 26.576 26.991 27.016 27.039 27.062 27.084 27.106 27.126 27.148 27.168 27.188 27.208
