LISFLOOD/results/run6.totaltm
ncols         83
nrows         62
xllcorner     341179.518085
yllcorner     4516699.658735
cellsize      50.000000
NODATA_value  -9999.000000
[rows 0 to 31 of 62, columns 0 to 73 of 83]
0.000 0.000 0.000 0.000 0.000 0.000 0.000 0.000 0.000 0.000 0.000 0.000 0.000 0.000 0.000 0.000 0.000 0.000 0.000 0.000 0.000 0.000 0.000 0.000 0.000 0.000 0.000 0.000 0.000 0.000 0.000 0.000 0.000 0.000 0.000 0.000 0.000 0.000 0.000 0.000 0.000 0.000 0.000 0.000 0.000 0.000 0.000 0.000 0.000 0.000 0.000 0.000 0.000 0.000 0.000 0.000 0.000 0.000 0.000 0.000 0.000 0.000 0.000 0.000 0.000 0.000 0.000 0.000 0.000 0.000 0.000 0.000 0.000 0.000
0.000 0.000 0.000 0.000 0.000 0.000 0.000 0.000 0.000 0.000 0.000 0.000 0.000 0.000 0.000 0.000 0.000 0.000 0.000 0.000 0.000 0.000 19.603 21.876 23.183 24.488 25.539 25.559 25.537 25.586 25.654 25.689 25.742 25.836 25.912 26.124 26.175 26.249 26.299 26.316 26.304 26.107 25.767 26.885 26.937 0.000 0.000 0.000 0.000 0.000 0.000 0.000 0.000 0.000 0.000 0.000 0.000 0.000 0.000 0.000 0.000 0.000 0.000 0.000 0.000 0.000 0.000 0.000 0.000 0.000 0.000 0.000 0.000 0.000
0.000 0.000 0.000 0.000 0.000 0.000 0.000 0.000 0.000 0.000 0.000 0.000 0.000 0.000 0.000 0.000 0.000 0.000 0.000 0.000 0.000 0.000 13.998 21.323 22.169 23.346 25.453 25.606 25.620 25.666 25.707 25.763 25.834 25.949 26.002 26.093 26.126 26.292 26.322 26.343 26.369 26.316 26.450 26.856 26.952 26.988 27.019 27.058 27.084 27.103 27.156 27.170 27.079 27.163 27.273 27.332 27.352 27.460 27.469 27.500 27.513 27.606 27.705 27.713 27.721 27.727 27.730 27.728 27.726 27.696 27.557 27.573 27.601 27.714
0.000 0.000 0.000 0.000 0.000 0.000 0.000 0.000 0.000 0.000 0.000 0.000 0.000 0.000 0.000 0.000 0.000 0.000 0.000 0.000 0.000 0.000 0.000 18.731 21.028 22.353 24.258 25.708 25.743 25.774 25.833 25.899 25.957 26.004 26.047 26.068 25.744 25.659 25.731 26.288 26.431 26.464 26.555 26.496 26.816 26.876 26.687 27.001 27.137 27.154 27.178 27.214 27.231 27.258 27.328 27.352 27.357 27.474 27.481 27.515 27.530 27.686 27.716 27.724 27.732 27.739 27.743 27.741 27.738 27.717 27.597 27.625 27.728 27.724
0.000 0.000 0.000 0.000 0.000 0.000 0.000 0.000 0.000 0.000 0.000 0.000 0.000 0.000 0.000 0.000 0.000 0.000 0.000 0.000 0.000 0.000 0.000 0.000 19.529 21.101 22.874 24.888 25.726 25.764 25.788 25.346 24.579 22.302 0.000 0.000 0.000 0.000 0.000 21.070 26.112 26.554 26.577 26.652 26.796 26.451 26.441 26.849 27.154 27.176 27.204 27.229 27.283 27.311 27.358 27.373 27.365 27.490 27.504 27.534 27.646 27.683 27.724 27.734 27.742 27.749 27.754 27.755 27.748 27.735 27.709 27.746 27.741 27.730
0.000 0.000 0.000 0.000 0.000 0.000 0.000 0.000 0.000 0.000 0.000 0.000 0.000 0.000 0.000 0.000 0.000 0.000 0.000 0.000 0.000 0.000 0.000 0.000 0.000 0.000 21.532 23.255 23.684 22.920 21.700 16.436 0.000 0.000 0.000 0.000 0.000 0.000 0.000 0.000 25.113 26.277 26.464 26.642 26.556 26.449 26.548 26.948 27.163 27.185 27.213 27.240 27.314 27.354 27.378 27.397 27.401 27.498 27.551 27.605 27.684 27.697 27.734 27.742 27.750 27.756 27.762 27.766 27.758 27.765 27.759 27.757 27.744 27.737
0.000 0.000 0.000 0.000 0.000 0.000 0.000 0.000 0.000 0.000 0.000 0.000 0.000 0.000 0.000 0.000 0.000 0.000 0.000 0.000 0.000 0.000 0.000 0.000 0.000 0.000 18.757 22.308 21.003 18.259 14.321 0.000 0.000 0.000 0.000 0.000 0.000 0.000 10.822 23.316 25.133 26.109 26.422 26.671 26.667 26.627 26.776 27.058 27.158 27.175 27.216 27.253 27.308 27.342 27.399 27.416 27.440 27.463 27.563 27.692 27.702 27.723 27.741 27.749 27.757 27.763 27.768 27.771 27.764 27.771 27.769 27.761 27.742 27.736
0.000 0.000 0.000 0.000 0.000 0.000 0.000 0.000 0.000 0.000 0.000 0.000 0.000 0.000 0.000 0.000 0.000 0.000 0.000 0.000 0.000 0.000 0.000 0.000 0.000 0.000 0.000 20.627 18.754 13.704 12.945 0.000 0.000 0.000 0.000 0.000 0.000 0.000 19.253 22.152 25.167 26.097 26.497 26.699 26.754 26.780 26.943 27.150 27.170 27.186 27.232 27.270 27.310 27.337 27.378 27.363 27.452 27.500 27.633 27.668 27.668 27.737 27.747 27.756 27.762 27.768 27.773 27.776 27.778 27.776 27.773 27.756 27.750 27.743
0.000 0.000 0.000 0.000 0.000 0.000 0.000 0.000 0.000 0.000 0.000 0.000 0.000 0.000 0.000 0.000 0.000 0.000 0.000 0.000 0.000 0.000 0.000 0.000 0.000 0.000 0.000 19.197 18.053 0.000 0.000 0.000 0.000 0.000 0.000 0.000 0.000 0.000 18.787 23.723 25.280 26.083 26.497 26.673 26.783 26.885 27.063 27.171 27.187 27.208 27.240 27.268 27.284 27.351 27.369 27.369 27.453 27.564 27.624 27.601 27.682 27.741 27.751 27.760 27.767 27.773 27.776 27.778 27.778 27.778 27.776 27.758 27.753 27.747
0.000 0.000 0.000 0.000 0.000 0.000 0.000 0.000 0.000 0.000 0.000 0.000 0.000 0.000 0.000 0.000 0.000 0.000 0.000 0.000 0.000 0.000 0.000 0.000 0.000 0.000 0.000 0.000 16.936 16.521 0.000 0.000 0.000 0.000 0.000 0.000 0.000 0.000 22.169 24.338 25.276 26.057 26.505 26.623 26.758 26.926 27.164 27.183 27.203 27.226 27.261 27.279 27.347 27.370 27.385 27.427 27.454 27.568 27.577 27.554 27.714 27.740 27.750 27.758 27.764 27.770 27.775 27.778 27.778 27.778 27.771 27.766 27.759 27.752
0.000 0.000 0.000 0.000 0.000 0.000 0.000 0.000 0.000 0.000 0.000 0.000 0.000 0.000 0.000 0.000 0.000 0.000 0.000 0.000 0.000 0.000 0.000 0.000 0.000 0.000 0.000 15.687 16.663 9.412 0.000 0.000 0.000 0.000 0.000 0.000 0.000 16.289 23.420 24.645 25.468 26.064 26.444 26.623 26.736 26.977 27.166 27.183 27.206 27.229 27.252 27.284 27.301 27.321 27.341 27.432 27.492 27.556 27.554 27.581 27.727 27.738 27.747 27.754 27.761 27.767 27.775 27.778 27.778 27.778 27.769 27.763 27.758 27.749
0.000 0.000 0.000 0.000 0.000 0.000 0.000 0.000 0.000 0.000 0.000 0.000 0.000 0.000 0.000 0.000 0.000 0.000 0.000 0.000 0.000 0.000 0.000 0.000 0.000 0.000 0.000 2.773 15.371 15.013 0.000 0.000 0.000 0.000 0.000 0.000 0.000 20.617 24.026 24.677 25.581 26.250 26.467 26.637 26.726 27.117 27.163 27.178 27.203 27.219 27.247 27.270 27.304 27.327 27.422 27.437 27.519 27.528 27.541 27.631 27.724 27.734 27.743 27.750 27.757 27.766 27.775 27.778 27.778 27.777 27.766 27.759 27.752 27.744
0.000 0.000 0.000 0.000 0.000 0.000 0.000 0.000 0.000 0.000 0.000 0.000 0.000 0.000 0.000 0.000 0.000 0.000 0.000 0.000 0.000 0.000 0.000 0.000 0.000 0.000 0.000 16.469 17.698 18.303 0.000 0.000 0.000 0.000 0.000 0.000 0.000 23.056 24.184 24.646 25.650 26.352 26.510 26.615 26.716 27.138 27.156 27.170 27.198 27.214 27.249 27.280 27.306 27.331 27.432 27.453 27.513 27.528 27.542 27.656 27.720 27.730 27.739 27.747 27.755 27.766 27.775 27.778 27.778 27.778 27.774 27.766 27.750 27.740
0.000 0.000 0.000 0.000 0.000 0.000 0.000 0.000 0.000 0.000 0.000 0.000 0.000 0.000 0.000 0.000 0.000 0.000 0.000 0.000 0.000 0.000 0.000 0.000 0.000 0.000 0.000 20.119 20.155 19.563 0.000 0.000 0.000 0.000 0.000 0.000 9.819 23.232 24.149 24.684 25.916 26.378 26.536 26.619 26.902 27.133 27.147 27.162 27.181 27.198 27.237 27.264 27.232 27.381 27.397 27.467 27.532 27.536 27.551 27.683 27.715 27.725 27.734 27.743 27.756 27.769 27.775 27.778 27.778 27.778 27.774 27.767 27.751 27.736
0.000 0.000 0.000 0.000 0.000 0.000 0.000 0.000 0.000 0.000 0.000 0.000 0.000 0.000 0.000 0.000 0.000 0.000 0.000 0.000 0.000 0.000 0.000 0.000 0.000 0.000 9.363 21.491 21.653 20.961 12.461 0.000 0.000 0.000 0.000 0.000 21.024 23.771 24.441 25.208 26.119 26.438 26.569 26.672 26.948 27.123 27.140 27.158 27.186 27.232 27.266 27.285 27.304 27.373 27.391 27.472 27.547 27.561 27.578 27.696 27.709 27.719 27.731 27.748 27.764 27.775 27.778 27.778 27.778 27.774 27.769 27.757 27.741 27.730
0.000 0.000 0.000 0.000 0.000 0.000 0.000 0.000 0.000 0.000 0.000 0.000 0.000 0.000 0.000 0.000 0.000 0.000 0.000 0.000 0.000 0.000 0.000 0.000 0.000 0.000 21.249 22.531 22.778 22.142 20.347 13.222 0.000 0.000 0.000 0.000 22.774 23.994 24.566 25.598 26.224 26.448 26.555 26.707 26.970 27.110 27.128 27.143 27.169 27.199 27.185 27.156 27.361 27.378 27.424 27.467 27.554 27.593 27.608 27.692 27.703 27.715 27.731 27.750 27.765 27.775 27.778 27.778 27.778 27.775 27.766 27.753 27.725 27.721
0.000 0.000 0.000 0.000 0.000 0.000 0.000 0.000 0.000 0.000 0.000 0.000 0.000 0.000 0.000 0.000 0.000 0.000 0.000 0.000 0.000 0.000 0.000 0.000 0.000 16.649 21.843 22.928 23.408 22.670 21.555 18.774 0.000 0.000 0.000 21.361 23.763 24.373 25.050 25.796 26.305 26.466 26.564 26.705 26.972 27.101 27.115 27.127 27.162 27.187 27.205 27.268 27.334 27.333 27.413 27.453 27.518 27.622 27.636 27.686 27.698 27.711 27.731 27.751 27.766 27.775 27.778 27.778 27.778 27.775 27.767 27.738 27.711 27.711
0.000 0.000 0.000 0.000 0.000 0.000 0.000 0.000 0.000 0.000 0.000 0.000 0.000 0.000 0.000 0.000 0.000 0.000 0.000 0.000 0.000 0.000 0.000 0.000 0.000 17.001 21.903 23.174 23.614 22.914 22.448 20.887 15.909 14.648 20.819 23.413 24.179 24.793 25.421 26.078 26.424 26.466 26.561 26.657 26.954 27.086 27.057 27.037 27.085 27.114 27.137 27.316 27.338 27.359 27.408 27.449 27.484 27.623 27.658 27.678 27.692 27.708 27.728 27.749 27.767 27.774 27.778 27.778 27.778 27.775 27.766 27.710 27.687 27.698
0.000 0.000 0.000 0.000 0.000 0.000 0.000 0.000 0.000 0.000 0.000 0.000 0.000 0.000 0.000 0.000 0.000 0.000 0.000 0.000 0.000 0.000 0.000 0.000 0.000 17.568 22.133 23.561 23.797 23.321 22.959 22.416 21.568 21.698 23.146 24.144 24.625 25.051 25.751 26.320 26.393 26.472 26.559 26.646 27.004 27.069 27.022 27.051 27.083 27.073 27.236 27.254 27.258 27.351 27.417 27.442 27.471 27.630 27.659 27.671 27.685 27.706 27.733 27.754 27.766 27.774 27.778 27.778 27.778 27.775 27.760 27.685 27.668 27.684
0.000 0.000 0.000 0.000 0.000 0.000 0.000 0.000 0.000 0.000 0.000 0.000 0.000 0.000 0.000 0.000 0.000 0.000 0.000 0.000 0.000 0.000 0.000 0.000 0.000 19.816 22.590 23.681 23.902 23.706 23.405 23.550 23.097 23.165 23.989 24.432 24.652 25.374 26.007 26.300 26.362 26.411 26.521 26.721 27.021 27.033 27.026 27.084 27.108 27.132 27.229 27.252 27.277 27.329 27.404 27.418 27.483 27.638 27.651 27.664 27.679 27.701 27.726 27.748 27.762 27.773 27.778 27.778 27.778 27.775 27.747 27.667 27.647 27.672
0.000 0.000 0.000 0.000 0.000 0.000 0.000 0.000 0.000 0.000 0.000 0.000 0.000 0.000 0.000 0.000 0.000 0.000 0.000 0.000 0.000 0.000 0.000 0.000 0.000 18.828 22.373 23.717 24.059 24.064 24.097 23.899 23.723 23.834 24.267 24.503 24.955 25.510 26.179 26.284 26.368 26.462 26.496 26.769 27.008 26.971 26.999 27.022 26.682 27.166 27.197 27.199 27.278 27.318 27.393 27.412 27.545 27.633 27.648 27.666 27.687 27.707 27.724 27.742 27.757 27.768 27.777 27.778 27.778 27.775 27.732 27.643 27.618 27.657
0.000 0.000 0.000 0.000 0.000 0.000 0.000 0.000 0.000 0.000 0.000 0.000 0.000 0.000 0.000 0.000 0.000 0.000 0.000 0.000 0.000 0.000 0.000 0.000 0.000 15.887 22.373 23.756 24.189 24.396 24.467 24.331 24.274 24.367 24.497 24.796 25.154 25.789 26.166 26.236 26.271 26.430 26.483 26.924 26.983 26.848 26.968 26.508 26.914 27.166 27.180 27.239 27.259 27.319 27.387 27.413 27.607 27.638 27.661 27.683 27.704 27.724 27.741 27.757 27.767 27.773 27.776 27.778 27.778 27.775 27.692 27.592 27.597 27.645
0.000 0.000 0.000 0.000 0.000 0.000 0.000 0.000 0.000 0.000 0.000 0.000 0.000 0.000 0.000 0.000 0.000 0.000 0.000 0.000 0.000 0.000 0.000 0.000 0.000 0.000 22.004 23.709 24.314 24.559 24.676 24.729 24.811 24.691 24.834 25.130 25.498 26.003 26.138 26.202 26.278 26.402 26.615 26.938 26.949 26.828 26.653 25.768 27.147 27.168 27.182 27.244 27.263 27.336 27.367 27.484 27.631 27.656 27.679 27.702 27.721 27.739 27.755 27.768 27.774 27.778 27.778 27.778 27.775 27.769 27.656 27.567 27.581 27.632
0.000 0.000 0.000 0.000 0.000 0.000 0.000 0.000 0.000 0.000 0.000 0.000 0.000 0.000 0.000 0.000 0.000 0.000 0.000 0.000 0.000 0.000 0.000 0.000 0.000 14.522 22.353 23.411 24.178 24.443 24.495 24.728 24.868 24.928 25.264 25.481 25.877 26.029 26.110 26.152 26.238 26.370 26.736 26.925 26.934 26.798 24.674 26.872 27.123 27.036 27.079 27.133 27.254 27.339 27.353 27.588 27.649 27.674 27.697 27.717 27.735 27.752 27.766 27.775 27.778 27.778 27.778 27.778 27.775 27.765 27.619 27.552 27.564 27.619
0.000 0.000 0.000 0.000 0.000 0.000 0.000 0.000 0.000 0.000 0.000 0.000 0.000 0.000 0.000 0.000 0.000 0.000 0.000 0.000 0.000 0.000 0.000 0.000 0.000 20.074 22.267 23.206 23.913 24.002 23.958 24.096 24.489 25.087 25.390 25.549 25.921 25.999 26.071 26.141 26.208 26.437 26.839 26.908 26.884 25.461 24.129 27.008 27.029 26.984 27.024 27.049 27.181 27.353 27.433 27.641 27.667 27.691 27.712 27.730 27.746 27.759 27.770 27.775 27.778 27.778 27.777 27.773 27.767 27.755 27.592 27.534 27.560 27.607
0.000 0.000 0.000 0.000 0.000 0.000 0.000 0.000 0.000 0.000 0.000 0.000 0.000 0.000 0.000 0.000 0.000 0.000 0.000 0.000 0.000 0.000 0.000 0.000 18.084 21.356 22.857 23.048 23.772 23.676 23.770 24.101 24.616 25.014 25.526 25.728 25.846 25.937 26.057 26.119 26.155 26.466 26.857 26.869 26.559 0.000 26.731 26.907 26.930 26.951 26.991 27.040 27.198 27.355 27.601 27.658 27.683 27.706 27.726 27.743 27.757 27.769 27.775 27.778 27.778 27.778 27.778 27.775 27.743 27.734 27.579 27.517 27.577 27.594
0.000 0.000 0.000 0.000 0.000 0.000 0.000 0.000 0.000 0.000 0.000 0.000 0.000 0.000 0.000 0.000 0.000 0.000 0.000 0.000 0.000 0.000 0.000 17.368 21.386 22.440 22.978 23.087 23.681 23.811 24.063 24.404 24.829 25.418 25.529 25.569 25.580 25.898 26.057 26.091 26.118 26.679 26.834 26.746 24.894 26.173 26.849 26.871 26.873 26.887 26.935 27.018 27.238 27.501 27.647 27.673 27.697 27.718 27.737 27.753 27.766 27.775 27.778 27.778 27.778 27.540 27.772 27.766 27.659 27.703 27.621 27.547 27.570 27.582
0.000 0.000 0.000 0.000 0.000 0.000 0.000 0.000 0.000 0.000 0.000 0.000 0.000 0.000 0.000 0.000 0.000 0.000 0.000 0.000 0.000 15.368 19.637 21.367 22.648 22.872 23.282 23.375 23.632 24.169 24.544 24.773 25.140 25.391 25.379 25.159 25.414 25.856 26.027 26.179 26.323 26.769 26.784 25.534 0.000 26.687 26.840 26.860 26.886 26.917 26.946 27.005 27.265 27.633 27.663 27.687 27.709 27.728 27.744 27.758 27.769 27.775 27.778 27.778 27.778 27.769 27.763 27.719 27.559 27.663 27.645 27.624 27.601 27.561
0.000 0.000 0.000 0.000 0.000 0.000 0.000 0.000 0.000 0.000 0.000 0.000 0.000 0.000 0.000 0.000 0.000 0.000 0.000 17.344 18.812 20.461 21.759 22.533 23.074 23.235 23.429 23.780 23.923 24.286 24.797 24.997 25.271 25.317 25.118 24.658 25.363 25.818 25.973 26.099 26.519 26.751 26.568 0.000 24.658 26.829 26.859 26.888 26.917 26.954 27.006 27.120 27.535 27.652 27.677 27.700 27.721 27.739 27.754 27.766 27.775 27.778 27.778 27.778 27.778 27.775 27.754 27.493 27.496 27.635 27.627 27.606 27.581 27.464
0.000 0.000 0.000 0.000 0.000 0.000 0.000 0.000 0.000 0.000 0.000 0.000 0.000 0.000 0.000 0.000 0.000 0.000 0.000 15.777 19.487 21.480 21.644 22.241 23.082 23.334 23.926 24.354 24.622 24.643 24.964 25.147 25.239 25.212 24.416 24.335 25.474 25.777 25.944 26.084 26.654 26.699 24.387 0.000 26.792 26.851 26.884 26.912 26.941 26.982 27.023 27.272 27.638 27.664 27.691 27.712 27.731 27.748 27.761 27.771 27.775 27.778 27.778 27.778 27.775 27.768 27.435 27.397 27.464 27.615 27.604 27.583 27.494 27.068
0.000 0.000 0.000 0.000 0.000 0.000 0.000 0.000 0.000 0.000 0.000 0.000 0.000 0.000 0.000 0.000 0.000 0.000 0.000 0.000 0.000 14.953 18.288 19.323 22.357 23.062 24.093 24.607 24.764 24.909 25.030 25.133 25.165 24.544 24.018 24.142 25.492 25.748 25.912 26.212 26.641 26.429 0.000 26.208 26.838 26.863 26.899 26.928 26.954 26.998 27.055 27.467 27.633 27.657 27.704 27.725 27.743 27.757 27.769 27.775 27.778 27.778 27.778 27.778 27.775 27.658 27.411 27.387 27.448 27.590 27.579 27.554 27.357 0.000
0.000 0.000 0.000 0.000 0.000 0.000 0.000 0.000 0.000 0.000 0.000 0.000 0.000 0.000 0.000 0.000 0.000 0.000 0.000 0.000 0.000 0.000 16.369 20.444 22.249 23.129 23.548 24.165 24.529 24.865 24.951 25.055 24.952 23.882 23.536 24.543 25.534 25.728 25.945 26.548 26.593 25.292 0.000 26.809 26.834 26.876 26.919 26.960 26.990 27.023 27.112 27.616 27.643 27.673 27.716 27.736 27.753 27.766 27.775 27.778 27.778 27.778 27.778 27.775 27.750 27.408 27.394 27.376 27.492 27.556 27.554 27.452 26.766 0.000
