LISFLOOD/results/run6.inittm
ncols         83
nrows         62
xllcorner     341179.518085
yllcorner     4516699.658735
cellsize      50.000000
NODATA_value  -9999.000000
[rows 30 to 59 of 62, columns 0 to 67 of 83]
-9999.000 -9999.000 -9999.000 -9999.000 -9999.000 -9999.000 -9999.000 -9999.000 -9999.000 -9999.000 -9999.000 -9999.000 -9999.000 -9999.000 -9999.000 -9999.000 -9999.000 -9999.000 -9999.000 -9999.000 -9999.000 12.825 9.491 8.455 5.422 4.717 3.686 3.172 3.014 2.869 2.748 2.645 2.613 3.234 3.761 3.636 2.286 2.030 1.866 1.566 1.138 1.349 -9999.000 1.570 0.940 0.916 0.879 0.850 0.824 0.781 0.723 0.312 0.146 0.122 0.074 0.053 0.036 0.021 0.009 0.003 0.001 0.001 0.001 0.001 0.003 0.121 0.368 0.391
-9999.000 -9999.000 -9999.000 -9999.000 -9999.000 -9999.000 -9999.000 -9999.000 -9999.000 -9999.000 -9999.000 -9999.000 -9999.000 -9999.000 -9999.000 -9999.000 -9999.000 -9999.000 -9999.000 -9999.000 -9999.000 -9999.000 11.409 7.334 5.529 4.649 4.231 3.613 3.249 2.913 2.828 2.723 2.827 3.896 4.242 3.236 2.244 2.050 1.833 1.230 1.186 2.487 -9999.000 0.969 0.944 0.903 0.859 0.818 0.788 0.755 0.667 0.163 0.135 0.106 0.063 0.042 0.026 0.012 0.003 0.001 0.001 0.001 0.001 0.003 0.028 0.370 0.384 0.403
-9999.000 -9999.000 -9999.000 -9999.000 -9999.000 -9999.000 -9999.000 -9999.000 -9999.000 -9999.000 -9999.000 -9999.000 -9999.000 -9999.000 -9999.000 -9999.000 -9999.000 -9999.000 -9999.000 -9999.000 -9999.000 -9999.000 12.036 6.674 5.682 4.873 4.449 4.005 3.135 2.901 2.856 2.759 3.226 3.803 3.727 2.830 2.221 2.028 1.663 1.242 1.237 6.349 1.577 0.973 0.947 0.915 0.861 0.832 0.811 0.794 0.512 0.171 0.164 0.076 0.054 0.036 0.021 0.009 0.003 0.001 0.001 0.001 0.003 0.008 0.406 0.390 0.406 0.400
-9999.000 -9999.000 -9999.000 -9999.000 -9999.000 -9999.000 -9999.000 -9999.000 -9999.000 -9999.000 -9999.000 -9999.000 -9999.000 -9999.000 -9999.000 -9999.000 -9999.000 -9999.000 -9999.000 -9999.000 -9999.000 -9999.000 10.031 6.857 5.973 4.988 4.452 3.903 3.162 3.081 2.900 2.852 3.977 3.906 3.628 2.642 2.197 1.994 1.527 1.267 1.513 8.258 1.016 0.984 0.958 0.917 0.871 0.845 0.820 0.796 0.226 0.143 0.114 0.066 0.044 0.026 0.013 0.003 0.001 0.001 0.001 0.001 0.003 0.106 0.430 0.413 0.423 0.309
-9999.000 -9999.000 -9999.000 -9999.000 -9999.000 -9999.000 -9999.000 -9999.000 -9999.000 -9999.000 -9999.000 -9999.000 -9999.000 -9999.000 -9999.000 -9999.000 -9999.000 -9999.000 -9999.000 -9999.000 -9999.000 19.072 7.539 7.086 6.063 5.256 4.383 3.331 3.247 2.998 2.943 3.176 4.336 4.247 3.622 2.556 2.178 1.838 1.333 1.318 1.480 1.447 1.024 0.998 0.966 0.920 0.885 0.861 0.841 0.691 0.138 0.113 0.083 0.057 0.038 0.022 0.009 0.003 0.001 0.001 0.001 0.003 0.012 0.433 0.451 0.437 0.359 0.321
-9999.000 -9999.000 -9999.000 -9999.000 -9999.000 -9999.000 -9999.000 -9999.000 -9999.000 -9999.000 -9999.000 -9999.000 -9999.000 -9999.000 -9999.000 -9999.000 -9999.000 -9999.000 -9999.000 -9999.000 -9999.000 8.388 8.218 8.193 8.016 5.533 4.453 3.604 3.301 3.030 2.987 3.277 4.751 4.643 3.438 2.448 2.121 1.655 1.349 1.497 2.503 1.403 1.037 1.009 0.978 0.933 0.902 0.887 0.875 0.502 0.125 0.097 0.071 0.048 0.029 0.013 0.003 0.001 0.001 0.001 0.003 0.008 0.092 0.127 0.193 0.311 0.349 0.336
-9999.000 -9999.000 -9999.000 -9999.000 -9999.000 -9999.000 -9999.000 -9999.000 -9999.000 -9999.000 -9999.000 -9999.000 -9999.000 -9999.000 -9999.000 -9999.000 -9999.000 -9999.000 -9999.000 -9999.000 9.112 8.706 8.348 8.136 7.423 5.166 4.383 3.677 3.183 3.076 3.041 3.748 4.842 4.716 3.203 2.401 1.944 1.439 1.398 1.563 3.026 1.088 1.040 1.016 0.977 0.944 0.927 0.908 0.837 0.172 0.116 0.089 0.064 0.043 0.025 0.012 0.003 0.001 0.001 0.001 0.003 0.084 0.110 0.144 0.213 0.269 0.362 0.351
-9999.000 -9999.000 -9999.000 -9999.000 -9999.000 -9999.000 -9999.000 -9999.000 -9999.000 -9999.000 -9999.000 -9999.000 -9999.000 -9999.000 -9999.000 -9999.000 -9999.000 -9999.000 -9999.000 -9999.000 9.232 8.876 8.559 6.324 5.181 4.578 4.148 3.731 3.272 3.126 3.393 4.429 5.009 4.878 2.891 2.165 1.785 1.452 1.447 1.524 1.883 1.074 1.047 1.022 0.979 0.960 0.945 0.937 0.689 0.137 0.108 0.082 0.059 0.039 0.022 0.009 0.003 0.001 0.001 0.001 0.004 0.566 0.154 0.191 0.236 0.286 0.380 0.403
-9999.000 -9999.000 -9999.000 -9999.000 -9999.000 -9999.000 -9999.000 -9999.000 -9999.000 -9999.000 -9999.000 -9999.000 -9999.000 -9999.000 -9999.000 -9999.000 -9999.000 -9999.000 -9999.000 -9999.000 -9999.000 7.156 6.033 5.178 4.768 4.508 4.107 3.668 3.326 3.241 3.784 4.756 5.455 5.086 2.627 1.938 1.664 1.418 1.427 1.486 1.248 1.107 1.081 1.022 1.002 0.987 0.979 0.960 0.322 0.127 0.099 0.073 0.051 0.030 0.014 0.003 0.001 0.001 0.001 0.001 0.031 0.158 0.214 0.400 0.291 0.367 0.399 0.995
-9999.000 -9999.000 -9999.000 -9999.000 -9999.000 -9999.000 -9999.000 -9999.000 -9999.000 -9999.000 -9999.000 -9999.000 -9999.000 -9999.000 -9999.000 -9999.000 -9999.000 -9999.000 -9999.000 -9999.000 10.550 6.920 5.677 5.383 4.911 4.448 3.923 3.403 3.355 3.313 4.071 4.992 5.996 4.661 2.283 1.787 1.579 1.388 1.372 1.711 1.159 1.136 1.078 1.038 1.019 1.006 1.000 0.888 0.154 0.119 0.092 0.067 0.046 0.028 0.013 0.003 0.001 0.001 0.001 0.003 0.058 0.205 0.286 0.431 0.318 0.391 0.533 -9999.000
-9999.000 -9999.000 -9999.000 -9999.000 -9999.000 -9999.000 -9999.000 -9999.000 -9999.000 -9999.000 -9999.000 -9999.000 -9999.000 -9999.000 -9999.000 -9999.000 -9999.000 -9999.000 -9999.000 -9999.000 19.188 7.587 5.362 4.816 4.766 4.297 3.733 3.437 3.397 3.364 4.159 5.310 6.841 3.660 1.967 1.729 1.529 1.351 1.328 1.461 1.167 1.143 1.087 1.058 1.039 1.036 1.019 0.747 0.140 0.112 0.087 0.063 0.042 0.025 0.012 0.003 0.001 0.001 0.001 0.008 0.032 0.051 0.194 0.233 0.234 0.304 0.791 -9999.000
-9999.000 -9999.000 -9999.000 -9999.000 -9999.000 -9999.000 -9999.000 -9999.000 -9999.000 -9999.000 -9999.000 -9999.000 -9999.000 -9999.000 -9999.000 -9999.000 -9999.000 -9999.000 -9999.000 -9999.000 -9999.000 8.028 5.427 4.552 4.299 4.087 3.744 3.494 3.533 3.436 4.268 5.634 7.712 2.620 1.777 1.634 1.428 1.319 1.295 1.267 1.172 1.127 1.097 1.077 1.061 1.055 1.030 0.298 0.131 0.105 0.081 0.059 0.039 0.022 0.009 0.003 0.001 0.001 0.001 0.018 0.038 0.089 0.112 0.133 0.173 0.250 1.486 -9999.000
-9999.000 -9999.000 -9999.000 -9999.000 -9999.000 -9999.000 -9999.000 -9999.000 -9999.000 -9999.000 -9999.000 -9999.000 -9999.000 -9999.000 -9999.000 -9999.000 -9999.000 -9999.000 -9999.000 -9999.000 13.593 8.158 5.617 4.633 4.242 3.932 3.817 3.601 3.586 3.621 4.441 6.223 8.771 2.370 1.681 1.627 1.438 1.401 1.373 1.223 1.174 1.141 1.126 1.096 1.080 1.068 0.969 0.154 0.121 0.097 0.073 0.051 0.030 0.014 0.003 0.001 0.001 0.001 0.001 0.006 0.017 0.136 0.137 0.161 0.204 0.502 -9999.000 -9999.000
-9999.000 -9999.000 -9999.000 -9999.000 -9999.000 -9999.000 -9999.000 -9999.000 -9999.000 -9999.000 -9999.000 -9999.000 -9999.000 -9999.000 -9999.000 -9999.000 -9999.000 -9999.000 -9999.000 -9999.000 11.220 8.351 5.720 4.723 4.309 3.959 3.741 3.664 3.631 3.875 4.367 6.034 3.679 1.977 1.669 1.606 1.471 1.482 1.508 1.213 1.182 1.164 1.144 1.116 1.113 1.091 0.786 0.136 0.111 0.089 0.067 0.046 0.028 0.013 0.003 0.001 0.001 0.001 0.004 0.011 0.058 0.742 0.170 0.199 0.247 0.587 -9999.000 -9999.000
-9999.000 -9999.000 -9999.000 -9999.000 -9999.000 -9999.000 -9999.000 -9999.000 -9999.000 -9999.000 -9999.000 -9999.000 -9999.000 -9999.000 -9999.000 -9999.000 -9999.000 -9999.000 -9999.000 -9999.000 9.378 6.969 5.544 4.568 4.149 3.849 3.603 3.686 3.666 3.884 4.243 4.716 2.267 1.827 1.802 1.655 1.474 1.445 1.409 1.235 1.209 1.183 1.157 1.143 1.128 1.101 0.356 0.124 0.101 0.081 0.061 0.042 0.025 0.012 0.003 0.001 0.001 0.001 0.004 0.019 0.049 0.110 0.134 0.183 0.272 0.702 3.831 -9999.000
-9999.000 -9999.000 -9999.000 -9999.000 -9999.000 -9999.000 -9999.000 -9999.000 -9999.000 -9999.000 -9999.000 -9999.000 -9999.000 -9999.000 -9999.000 -9999.000 -9999.000 -9999.000 -9999.000 -9999.000 8.388 5.844 4.547 4.492 4.351 3.938 3.463 3.549 3.632 4.036 4.135 3.223 1.955 1.768 1.740 1.581 1.528 1.494 1.305 1.251 1.226 1.191 1.169 1.149 1.117 1.058 0.150 0.112 0.090 0.071 0.054 0.038 0.022 0.009 0.003 0.001 0.001 0.001 0.004 0.030 0.117 0.140 0.166 0.231 0.325 0.867 -9999.000 -9999.000
-9999.000 -9999.000 -9999.000 -9999.000 -9999.000 -9999.000 -9999.000 -9999.000 -9999.000 -9999.000 -9999.000 -9999.000 -9999.000 -9999.000 -9999.000 -9999.000 -9999.000 -9999.000 -9999.000 -9999.000 16.779 6.252 4.480 4.099 3.885 3.376 3.417 3.652 3.727 4.197 4.125 2.427 1.853 1.768 1.709 1.620 1.660 1.820 1.282 1.255 1.222 1.207 1.203 1.178 1.152 0.962 0.124 0.100 0.078 0.061 0.044 0.029 0.014 0.003 0.001 0.001 0.001 0.001 0.005 0.062 0.799 0.191 0.222 0.299 0.393 1.263 -9999.000 -9999.000
-9999.000 -9999.000 -9999.000 -9999.000 -9999.000 -9999.000 -9999.000 -9999.000 -9999.000 -9999.000 -9999.000 -9999.000 -9999.000 -9999.000 -9999.000 -9999.000 -9999.000 -9999.000 -9999.000 -9999.000 -9999.000 7.431 4.971 4.167 3.993 3.316 3.451 3.566 3.911 4.384 3.066 2.080 1.821 1.793 1.697 1.654 1.607 1.549 1.273 1.255 1.238 1.228 1.229 1.194 1.175 0.813 0.114 0.089 0.068 0.051 0.037 0.025 0.013 0.003 0.001 0.001 0.001 0.003 0.020 0.042 0.847 0.320 0.311 0.397 0.602 -9999.000 -9999.000 -9999.000
-9999.000 -9999.000 -9999.000 -9999.000 -9999.000 -9999.000 -9999.000 -9999.000 -9999.000 -9999.000 -9999.000 -9999.000 -9999.000 -9999.000 -9999.000 -9999.000 -9999.000 -9999.000 -9999.000 -9999.000 -9999.000 -9999.000 4.806 3.719 3.392 3.241 3.493 3.578 3.951 3.889 2.300 1.930 1.844 1.805 1.800 1.889 1.888 1.363 1.289 1.276 1.266 1.246 1.235 1.214 1.201 0.403 0.105 0.080 0.058 0.042 0.028 0.018 0.011 0.003 0.001 0.001 0.001 0.006 0.017 0.058 0.871 0.745 0.453 0.521 0.682 -9999.000 -9999.000 -9999.000
-9999.000 -9999.000 -9999.000 -9999.000 -9999.000 -9999.000 -9999.000 -9999.000 -9999.000 -9999.000 -9999.000 -9999.000 -9999.000 -9999.000 -9999.000 -9999.000 -9999.000 -9999.000 -9999.000 -9999.000 -9999.000 9.671 4.546 3.373 3.151 3.179 3.554 3.669 3.916 2.959 2.022 1.906 1.864 1.889 1.881 1.859 1.870 1.333 1.306 1.291 1.279 1.265 1.257 1.231 1.153 0.156 0.100 0.073 0.052 0.034 0.021 0.012 0.006 0.002 0.001 0.001 0.001 0.009 0.024 0.116 0.885 0.678 0.621 0.626 0.811 -9999.000 -9999.000 -9999.000
-9999.000 -9999.000 -9999.000 -9999.000 -9999.000 -9999.000 -9999.000 -9999.000 -9999.000 -9999.000 -9999.000 -9999.000 -9999.000 -9999.000 -9999.000 -9999.000 -9999.000 -9999.000 -9999.000 -9999.000 13.487 6.198 3.655 2.969 3.056 3.109 3.411 3.606 3.542 2.433 1.954 1.915 1.955 1.887 1.857 1.834 1.662 1.331 1.318 1.325 1.406 1.415 1.392 1.352 1.035 0.129 0.098 0.071 0.048 0.029 0.016 0.006 0.002 0.001 0.001 0.001 0.003 0.021 0.042 0.172 0.234 0.289 0.489 0.661 0.951 -9999.000 -9999.000 -9999.000
-9999.000 -9999.000 -9999.000 -9999.000 -9999.000 -9999.000 -9999.000 -9999.000 -9999.000 -9999.000 -9999.000 -9999.000 -9999.000 -9999.000 -9999.000 -9999.000 -9999.000 -9999.000 -9999.000 -9999.000 -9999.000 5.548 3.329 2.871 2.853 2.971 3.525 3.502 3.052 2.399 1.963 1.973 2.052 1.920 1.907 2.004 1.489 1.341 1.329 1.335 1.406 1.392 1.367 1.334 0.839 0.129 0.098 0.071 0.048 0.031 0.018 0.010 0.004 0.002 0.001 0.003 0.011 0.043 0.065 0.927 0.348 0.401 0.676 0.687 1.304 -9999.000 -9999.000 -9999.000
-9999.000 -9999.000 -9999.000 -9999.000 -9999.000 -9999.000 -9999.000 -9999.000 -9999.000 -9999.000 -9999.000 -9999.000 -9999.000 -9999.000 -9999.000 -9999.000 -9999.000 -9999.000 -9999.000 -9999.000 8.076 4.364 3.021 2.781 2.755 3.118 3.534 3.198 2.527 2.054 1.992 2.028 1.942 1.903 1.881 1.855 1.388 1.354 1.343 1.351 1.373 1.386 1.365 1.321 0.472 0.133 0.102 0.077 0.055 0.038 0.025 0.016 0.009 0.005 0.007 0.010 0.152 0.082 0.093 1.009 0.941 0.647 0.713 0.717 -9999.000 -9999.000 -9999.000 -9999.000
-9999.000 -9999.000 -9999.000 -9999.000 -9999.000 -9999.000 -9999.000 -9999.000 -9999.000 -9999.000 -9999.000 -9999.000 -9999.000 -9999.000 -9999.000 -9999.000 -9999.000 -9999.000 -9999.000 -9999.000 6.321 3.937 2.969 2.747 2.724 2.962 2.933 2.664 2.246 2.034 2.022 2.071 1.971 1.974 1.948 1.647 1.389 1.369 1.369 1.368 1.406 1.385 1.364 1.278 0.234 0.141 0.112 0.086 0.065 0.048 0.034 0.024 0.016 0.010 0.927 0.022 0.251 0.155 0.127 1.044 0.910 0.750 0.742 0.830 -9999.000 -9999.000 -9999.000 -9999.000
-9999.000 -9999.000 -9999.000 -9999.000 -9999.000 -9999.000 -9999.000 -9999.000 -9999.000 -9999.000 -9999.000 -9999.000 -9999.000 -9999.000 -9999.000 -9999.000 -9999.000 -9999.000 -9999.000 7.599 4.779 3.482 2.998 2.723 2.652 2.567 2.541 2.289 2.161 2.048 2.036 2.062 2.027 2.003 1.979 1.467 1.402 1.388 1.407 1.386 1.423 1.402 1.380 1.185 0.198 0.153 0.124 0.099 0.078 0.061 0.047 0.034 0.026 0.022 1.026 0.048 0.274 0.216 0.173 1.050 0.815 0.676 0.769 1.096 -9999.000 -9999.000 -9999.000 -9999.000
-9999.000 -9999.000 -9999.000 -9999.000 -9999.000 -9999.000 -9999.000 -9999.000 -9999.000 -9999.000 -9999.000 -9999.000 -9999.000 -9999.000 -9999.000 -9999.000 -9999.000 -9999.000 -9999.000 6.936 4.558 3.400 3.068 2.931 2.998 2.876 2.572 2.246 2.209 2.076 2.054 2.065 2.031 2.004 1.798 1.453 1.421 1.408 1.438 1.421 1.414 1.391 1.366 1.048 0.202 0.169 0.141 0.116 0.094 0.077 0.061 0.048 0.038 0.109 1.075 0.465 0.303 0.262 0.223 0.273 0.320 0.442 0.804 1.899 -9999.000 -9999.000 -9999.000 -9999.000
-9999.000 -9999.000 -9999.000 -9999.000 -9999.000 -9999.000 -9999.000 -9999.000 -9999.000 -9999.000 -9999.000 -9999.000 -9999.000 -9999.000 -9999.000 -9999.000 -9999.000 -9999.000 -9999.000 7.034 4.656 3.766 3.244 3.006 2.969 2.882 2.464 2.268 2.222 2.092 2.079 2.145 2.389 2.907 1.631 1.458 1.439 1.430 1.452 1.445 1.431 1.411 1.358 0.682 0.221 0.189 0.161 0.136 0.113 0.094 0.079 0.066 0.056 0.926 1.097 1.059 0.343 0.329 0.310 0.327 0.384 0.516 1.013 -9999.000 -9999.000 -9999.000 -9999.000 -9999.000
-9999.000 -9999.000 -9999.000 -9999.000 -9999.000 -9999.000 -9999.000 -9999.000 -9999.000 -9999.000 -9999.000 -9999.000 -9999.000 -9999.000 -9999.000 -9999.000 -9999.000 -9999.000 -9999.000 6.923 4.390 3.531 3.372 3.304 3.001 2.790 2.352 2.282 2.224 2.108 2.120 2.271 3.021 2.979 1.519 1.477 1.458 1.457 1.452 1.425 1.405 1.387 1.362 0.361 0.243 0.212 0.183 0.158 0.136 0.116 0.099 0.087 0.081 1.103 1.117 1.087 0.943 0.403 1.006 0.396 0.483 0.632 1.347 -9999.000 -9999.000 -9999.000 -9999.000 -9999.000
-9999.000 -9999.000 -9999.000 -9999.000 -9999.000 -9999.000 -9999.000 -9999.000 -9999.000 -9999.000 -9999.000 -9999.000 -9999.000 -9999.000 -9999.000 -9999.000 -9999.000 -9999.000 9.508 4.458 3.656 3.496 3.373 3.348 2.917 2.713 2.308 2.286 2.222 2.123 2.181 2.549 4.637 2.154 1.639 1.539 1.522 1.481 1.477 1.468 1.451 1.429 1.268 0.306 0.267 0.237 0.209 0.183 0.161 0.142 0.125 0.113 0.161 1.200 1.148 1.117 1.031 0.514 0.652 0.517 0.639 0.948 -9999.000 -9999.000 -9999.000 -9999.000 -9999.000 -9999.000
-9999.000 -9999.000 -9999.000 -9999.000 -9999.000 -9999.000 -9999.000 -9999.000 -9999.000 -9999.000 -9999.000 -9999.000 -9999.000 -9999.000 -9999.000 -9999.000 -9999.000 -9999.000 5.832 4.261 3.816 3.506 3.298 3.252 2.836 2.605 2.306 2.286 2.217 2.139 2.249 3.059 6.324 1.915 1.681 1.644 1.624 1.504 1.502 1.828 1.763 1.580 1.157 0.316 0.290 0.263 0.237 0.212 0.189 0.171 0.155 0.144 0.487 1.217 1.174 1.152 1.053 1.045 0.767 0.744 0.860 1.212 -9999.000 -9999.000 -9999.000 -9999.000 -9999.000 -9999.000
