LISFLOOD/results/run6.inittm
ncols         83
nrows         62
xllcorner     341179.518085
yllcorner     4516699.658735
cellsize      50.000000
NODATA_value  -9999.000000
[rows 0 to 29 of 62, columns 0 to 67 of 83]
-9999.000 -9999.000 -9999.000 -9999.000 -9999.000 -9999.000 -9999.000 -9999.000 -9999.000 -9999.000 -9999.000 -9999.000 -9999.000 -9999.000 -9999.000 -9999.000 -9999.000 -9999.000 -9999.000 -9999.000 -9999.000 -9999.000 -9999.000 -9999.000 -9999.000 -9999.000 -9999.000 -9999.000 -9999.000 -9999.000 -9999.000 -9999.000 -9999.000 -9999.000 -9999.000 -9999.000 -9999.000 -9999.000 -9999.000 -9999.000 -9999.000 -9999.000 -9999.000 -9999.000 -9999.000 -9999.000 -9999.000 -9999.000 -9999.000 -9999.000 -9999.000 -9999.000 -9999.000 -9999.000 -9999.000 -9999.000 -9999.000 -9999.000 -9999.000 -9999.000 -9999.000 -9999.000 -9999.000 -9999.000 -9999.000 -9999.000 -9999.000 -9999.000
-9999.000 -9999.000 -9999.000 -9999.000 -9999.000 -9999.000 -9999.000 -9999.000 -9999.000 -9999.000 -9999.000 -9999.000 -9999.000 -9999.000 -9999.000 -9999.000 -9999.000 -9999.000 -9999.000 -9999.000 -9999.000 -9999.000 8.176 5.903 4.596 3.290 2.239 2.219 2.241 2.192 2.124 2.089 2.037 1.942 1.866 1.654 1.603 1.529 1.479 1.462 1.474 1.672 2.012 0.893 0.842 -9999.000 -9999.000 -9999.000 -9999.000 -9999.000 -9999.000 -9999.000 -9999.000 -9999.000 -9999.000 -9999.000 -9999.000 -9999.000 -9999.000 -9999.000 -9999.000 -9999.000 -9999.000 -9999.000 -9999.000 -9999.000 -9999.000 -9999.000
-9999.000 -9999.000 -9999.000 -9999.000 -9999.000 -9999.000 -9999.000 -9999.000 -9999.000 -9999.000 -9999.000 -9999.000 -9999.000 -9999.000 -9999.000 -9999.000 -9999.000 -9999.000 -9999.000 -9999.000 -9999.000 -9999.000 13.781 6.456 5.609 4.433 2.325 2.172 2.158 2.112 2.072 2.015 1.944 1.829 1.776 1.685 1.653 1.487 1.457 1.435 1.409 1.463 1.328 0.922 0.826 0.791 0.759 0.721 0.694 0.675 0.623 0.608 0.699 0.616 0.506 0.446 0.427 0.318 0.309 0.278 0.265 0.172 0.073 0.066 0.058 0.052 0.048 0.051
-9999.000 -9999.000 -9999.000 -9999.000 -9999.000 -9999.000 -9999.000 -9999.000 -9999.000 -9999.000 -9999.000 -9999.000 -9999.000 -9999.000 -9999.000 -9999.000 -9999.000 -9999.000 -9999.000 -9999.000 -9999.000 -9999.000 -9999.000 9.047 6.750 5.426 3.521 2.070 2.036 2.004 1.946 1.879 1.822 1.774 1.732 1.710 2.034 2.119 2.048 1.490 1.348 1.314 1.223 1.283 0.963 0.902 1.091 0.778 0.642 0.624 0.600 0.564 0.548 0.521 0.451 0.426 0.421 0.304 0.297 0.263 0.248 0.092 0.063 0.054 0.046 0.039 0.035 0.038
-9999.000 -9999.000 -9999.000 -9999.000 -9999.000 -9999.000 -9999.000 -9999.000 -9999.000 -9999.000 -9999.000 -9999.000 -9999.000 -9999.000 -9999.000 -9999.000 -9999.000 -9999.000 -9999.000 -9999.000 -9999.000 -9999.000 -9999.000 -9999.000 8.249 6.677 4.904 2.890 2.053 2.014 1.991 2.432 3.199 5.476 -9999.000 -9999.000 -9999.000 -9999.000 -9999.000 6.708 1.666 1.224 1.201 1.126 0.983 1.327 1.338 0.929 0.624 0.602 0.574 0.549 0.495 0.467 0.421 0.406 0.413 0.288 0.274 0.244 0.133 0.096 0.054 0.044 0.036 0.029 0.024 0.023
-9999.000 -9999.000 -9999.000 -9999.000 -9999.000 -9999.000 -9999.000 -9999.000 -9999.000 -9999.000 -9999.000 -9999.000 -9999.000 -9999.000 -9999.000 -9999.000 -9999.000 -9999.000 -9999.000 -9999.000 -9999.000 -9999.000 -9999.000 -9999.000 -9999.000 -9999.000 6.246 4.523 4.094 4.858 6.078 11.342 -9999.000 -9999.000 -9999.000 -9999.000 -9999.000 -9999.000 -9999.000 -9999.000 2.666 1.501 1.314 1.137 1.222 1.329 1.230 0.831 0.615 0.593 0.565 0.538 0.464 0.424 0.401 0.381 0.377 0.281 0.227 0.173 0.094 0.082 0.044 0.036 0.028 0.022 0.017 0.013
-9999.000 -9999.000 -9999.000 -9999.000 -9999.000 -9999.000 -9999.000 -9999.000 -9999.000 -9999.000 -9999.000 -9999.000 -9999.000 -9999.000 -9999.000 -9999.000 -9999.000 -9999.000 -9999.000 -9999.000 -9999.000 -9999.000 -9999.000 -9999.000 -9999.000 -9999.000 9.021 5.470 6.775 9.519 13.457 -9999.000 -9999.000 -9999.000 -9999.000 -9999.000 -9999.000 -9999.000 16.956 4.462 2.645 1.669 1.356 1.107 1.111 1.151 1.003 0.720 0.621 0.603 0.562 0.526 0.471 0.436 0.379 0.362 0.338 0.316 0.215 0.087 0.076 0.055 0.037 0.029 0.022 0.016 0.011 0.007
-9999.000 -9999.000 -9999.000 -9999.000 -9999.000 -9999.000 -9999.000 -9999.000 -9999.000 -9999.000 -9999.000 -9999.000 -9999.000 -9999.000 -9999.000 -9999.000 -9999.000 -9999.000 -9999.000 -9999.000 -9999.000 -9999.000 -9999.000 -9999.000 -9999.000 -9999.000 -9999.000 7.152 9.024 14.074 14.833 -9999.000 -9999.000 -9999.000 -9999.000 -9999.000 -9999.000 -9999.000 8.526 5.626 2.612 1.681 1.281 1.079 1.024 0.998 0.835 0.628 0.608 0.592 0.547 0.508 0.468 0.442 0.401 0.415 0.326 0.278 0.145 0.111 0.111 0.042 0.032 0.023 0.016 0.011 0.006 0.003
-9999.000 -9999.000 -9999.000 -9999.000 -9999.000 -9999.000 -9999.000 -9999.000 -9999.000 -9999.000 -9999.000 -9999.000 -9999.000 -9999.000 -9999.000 -9999.000 -9999.000 -9999.000 -9999.000 -9999.000 -9999.000 -9999.000 -9999.000 -9999.000 -9999.000 -9999.000 -9999.000 8.581 9.726 -9999.000 -9999.000 -9999.000 -9999.000 -9999.000 -9999.000 -9999.000 -9999.000 -9999.000 8.992 4.055 2.498 1.696 1.281 1.106 0.995 0.893 0.715 0.608 0.592 0.570 0.538 0.510 0.494 0.427 0.409 0.409 0.325 0.214 0.154 0.177 0.097 0.038 0.028 0.018 0.011 0.006 0.002 0.001
-9999.000 -9999.000 -9999.000 -9999.000 -9999.000 -9999.000 -9999.000 -9999.000 -9999.000 -9999.000 -9999.000 -9999.000 -9999.000 -9999.000 -9999.000 -9999.000 -9999.000 -9999.000 -9999.000 -9999.000 -9999.000 -9999.000 -9999.000 -9999.000 -9999.000 -9999.000 -9999.000 -9999.000 10.843 11.257 -9999.000 -9999.000 -9999.000 -9999.000 -9999.000 -9999.000 -9999.000 -9999.000 5.609 3.440 2.503 1.721 1.273 1.155 1.020 0.852 0.614 0.596 0.575 0.552 0.518 0.499 0.431 0.408 0.393 0.352 0.324 0.210 0.201 0.224 0.064 0.038 0.028 0.021 0.014 0.008 0.003 0.001
-9999.000 -9999.000 -9999.000 -9999.000 -9999.000 -9999.000 -9999.000 -9999.000 -9999.000 -9999.000 -9999.000 -9999.000 -9999.000 -9999.000 -9999.000 -9999.000 -9999.000 -9999.000 -9999.000 -9999.000 -9999.000 -9999.000 -9999.000 -9999.000 -9999.000 -9999.000 -9999.000 12.091 11.116 18.367 -9999.000 -9999.000 -9999.000 -9999.000 -9999.000 -9999.000 -9999.000 11.489 4.358 3.133 2.310 1.714 1.334 1.156 1.043 0.801 0.613 0.596 0.573 0.549 0.526 0.494 0.478 0.457 0.437 0.346 0.287 0.223 0.224 0.198 0.052 0.041 0.032 0.024 0.018 0.012 0.003 0.001
-9999.000 -9999.000 -9999.000 -9999.000 -9999.000 -9999.000 -9999.000 -9999.000 -9999.000 -9999.000 -9999.000 -9999.000 -9999.000 -9999.000 -9999.000 -9999.000 -9999.000 -9999.000 -9999.000 -9999.000 -9999.000 -9999.000 -9999.000 -9999.000 -9999.000 -9999.000 -9999.000 25.005 12.408 12.766 -9999.000 -9999.000 -9999.000 -9999.000 -9999.000 -9999.000 -9999.000 7.162 3.753 3.102 2.197 1.528 1.312 1.142 1.053 0.662 0.615 0.600 0.576 0.559 0.531 0.508 0.474 0.452 0.356 0.342 0.259 0.250 0.237 0.148 0.054 0.044 0.036 0.028 0.021 0.013 0.003 0.001
-9999.000 -9999.000 -9999.000 -9999.000 -9999.000 -9999.000 -9999.000 -9999.000 -9999.000 -9999.000 -9999.000 -9999.000 -9999.000 -9999.000 -9999.000 -9999.000 -9999.000 -9999.000 -9999.000 -9999.000 -9999.000 -9999.000 -9999.000 -9999.000 -9999.000 -9999.000 -9999.000 11.309 10.080 9.475 -9999.000 -9999.000 -9999.000 -9999.000 -9999.000 -9999.000 -9999.000 4.722 3.594 3.132 2.128 1.426 1.268 1.163 1.063 0.641 0.623 0.608 0.581 0.564 0.529 0.498 0.472 0.448 0.346 0.326 0.266 0.250 0.236 0.123 0.058 0.048 0.039 0.032 0.023 0.012 0.003 0.001
-9999.000 -9999.000 -9999.000 -9999.000 -9999.000 -9999.000 -9999.000 -9999.000 -9999.000 -9999.000 -9999.000 -9999.000 -9999.000 -9999.000 -9999.000 -9999.000 -9999.000 -9999.000 -9999.000 -9999.000 -9999.000 -9999.000 -9999.000 -9999.000 -9999.000 -9999.000 -9999.000 7.659 7.623 8.215 -9999.000 -9999.000 -9999.000 -9999.000 -9999.000 -9999.000 17.959 4.546 3.629 3.094 1.863 1.401 1.242 1.159 0.876 0.646 0.631 0.617 0.597 0.580 0.541 0.514 0.547 0.398 0.381 0.311 0.247 0.243 0.227 0.096 0.063 0.053 0.044 0.036 0.022 0.009 0.003 0.001
-9999.000 -9999.000 -9999.000 -9999.000 -9999.000 -9999.000 -9999.000 -9999.000 -9999.000 -9999.000 -9999.000 -9999.000 -9999.000 -9999.000 -9999.000 -9999.000 -9999.000 -9999.000 -9999.000 -9999.000 -9999.000 -9999.000 -9999.000 -9999.000 -9999.000 -9999.000 18.415 6.288 6.126 6.817 15.317 -9999.000 -9999.000 -9999.000 -9999.000 -9999.000 6.754 4.008 3.337 2.570 1.659 1.341 1.209 1.107 0.830 0.656 0.638 0.621 0.593 0.546 0.513 0.493 0.474 0.405 0.388 0.306 0.231 0.217 0.201 0.083 0.069 0.059 0.048 0.031 0.014 0.003 0.001 0.001
-9999.000 -9999.000 -9999.000 -9999.000 -9999.000 -9999.000 -9999.000 -9999.000 -9999.000 -9999.000 -9999.000 -9999.000 -9999.000 -9999.000 -9999.000 -9999.000 -9999.000 -9999.000 -9999.000 -9999.000 -9999.000 -9999.000 -9999.000 -9999.000 -9999.000 -9999.000 6.529 5.247 5.001 5.637 7.431 14.556 -9999.000 -9999.000 -9999.000 -9999.000 5.004 3.784 3.213 2.181 1.554 1.330 1.223 1.071 0.808 0.668 0.651 0.635 0.609 0.579 0.593 0.622 0.417 0.400 0.354 0.311 0.224 0.185 0.171 0.086 0.075 0.063 0.048 0.028 0.013 0.003 0.001 0.001
-9999.000 -9999.000 -9999.000 -9999.000 -9999.000 -9999.000 -9999.000 -9999.000 -9999.000 -9999.000 -9999.000 -9999.000 -9999.000 -9999.000 -9999.000 -9999.000 -9999.000 -9999.000 -9999.000 -9999.000 -9999.000 -9999.000 -9999.000 -9999.000 -9999.000 11.129 5.936 4.851 4.371 5.108 6.223 9.004 -9999.000 -9999.000 -9999.000 6.417 4.016 3.406 2.728 1.983 1.473 1.312 1.214 1.073 0.806 0.677 0.663 0.651 0.617 0.591 0.573 0.510 0.444 0.445 0.365 0.325 0.260 0.157 0.143 0.093 0.081 0.067 0.048 0.028 0.012 0.003 0.001 0.001
-9999.000 -9999.000 -9999.000 -9999.000 -9999.000 -9999.000 -9999.000 -9999.000 -9999.000 -9999.000 -9999.000 -9999.000 -9999.000 -9999.000 -9999.000 -9999.000 -9999.000 -9999.000 -9999.000 -9999.000 -9999.000 -9999.000 -9999.000 -9999.000 -9999.000 10.778 5.876 4.604 4.164 4.864 5.331 6.892 11.869 13.130 6.959 4.365 3.599 2.985 2.358 1.701 1.354 1.312 1.217 1.122 0.824 0.692 0.721 0.742 0.693 0.664 0.641 0.462 0.440 0.419 0.370 0.329 0.294 0.155 0.121 0.100 0.087 0.071 0.050 0.029 0.012 0.004 0.001 0.001
-9999.000 -9999.000 -9999.000 -9999.000 -9999.000 -9999.000 -9999.000 -9999.000 -9999.000 -9999.000 -9999.000 -9999.000 -9999.000 -9999.000 -9999.000 -9999.000 -9999.000 -9999.000 -9999.000 -9999.000 -9999.000 -9999.000 -9999.000 -9999.000 -9999.000 10.211 5.646 4.218 3.982 4.457 4.819 5.363 6.210 6.081 4.633 3.634 3.153 2.727 2.028 1.458 1.386 1.307 1.219 1.133 0.774 0.709 0.756 0.727 0.695 0.705 0.542 0.524 0.521 0.428 0.362 0.336 0.307 0.148 0.119 0.107 0.093 0.073 0.046 0.024 0.012 0.004 0.001 0.001
-9999.000 -9999.000 -9999.000 -9999.000 -9999.000 -9999.000 -9999.000 -9999.000 -9999.000 -9999.000 -9999.000 -9999.000 -9999.000 -9999.000 -9999.000 -9999.000 -9999.000 -9999.000 -9999.000 -9999.000 -9999.000 -9999.000 -9999.000 -9999.000 -9999.000 7.962 5.188 4.097 3.876 4.073 4.373 4.228 4.681 4.613 3.789 3.347 3.127 2.404 1.771 1.478 1.416 1.367 1.257 1.057 0.757 0.746 0.752 0.694 0.670 0.647 0.549 0.527 0.502 0.449 0.374 0.360 0.295 0.141 0.127 0.114 0.099 0.078 0.052 0.031 0.016 0.005 0.001 0.001
-9999.000 -9999.000 -9999.000 -9999.000 -9999.000 -9999.000 -9999.000 -9999.000 -9999.000 -9999.000 -9999.000 -9999.000 -9999.000 -9999.000 -9999.000 -9999.000 -9999.000 -9999.000 -9999.000 -9999.000 -9999.000 -9999.000 -9999.000 -9999.000 -9999.000 8.950 5.406 4.061 3.719 3.714 3.682 3.879 4.056 3.944 3.511 3.275 2.823 2.268 1.599 1.494 1.411 1.317 1.282 1.009 0.771 0.808 0.779 0.756 1.096 0.613 0.581 0.579 0.501 0.460 0.385 0.366 0.233 0.145 0.131 0.113 0.092 0.072 0.054 0.037 0.021 0.010 0.001 0.001
-9999.000 -9999.000 -9999.000 -9999.000 -9999.000 -9999.000 -9999.000 -9999.000 -9999.000 -9999.000 -9999.000 -9999.000 -9999.000 -9999.000 -9999.000 -9999.000 -9999.000 -9999.000 -9999.000 -9999.000 -9999.000 -9999.000 -9999.000 -9999.000 -9999.000 11.891 5.406 4.022 3.589 3.383 3.312 3.447 3.504 3.412 3.282 2.982 2.624 1.989 1.612 1.543 1.508 1.348 1.295 0.854 0.796 0.931 0.810 1.271 0.864 0.612 0.598 0.539 0.519 0.459 0.391 0.365 0.171 0.141 0.118 0.095 0.074 0.054 0.037 0.022 0.011 0.005 0.003 0.001
-9999.000 -9999.000 -9999.000 -9999.000 -9999.000 -9999.000 -9999.000 -9999.000 -9999.000 -9999.000 -9999.000 -9999.000 -9999.000 -9999.000 -9999.000 -9999.000 -9999.000 -9999.000 -9999.000 -9999.000 -9999.000 -9999.000 -9999.000 -9999.000 -9999.000 -9999.000 5.774 4.069 3.464 3.219 3.103 3.049 2.967 3.087 2.944 2.648 2.281 1.776 1.641 1.576 1.500 1.377 1.163 0.840 0.829 0.951 1.126 2.010 0.631 0.610 0.596 0.534 0.515 0.443 0.411 0.294 0.148 0.123 0.099 0.077 0.057 0.039 0.023 0.011 0.004 0.001 0.001 0.001
-9999.000 -9999.000 -9999.000 -9999.000 -9999.000 -9999.000 -9999.000 -9999.000 -9999.000 -9999.000 -9999.000 -9999.000 -9999.000 -9999.000 -9999.000 -9999.000 -9999.000 -9999.000 -9999.000 -9999.000 -9999.000 -9999.000 -9999.000 -9999.000 -9999.000 13.257 5.425 4.368 3.601 3.336 3.283 3.050 2.910 2.850 2.514 2.298 1.902 1.749 1.668 1.626 1.540 1.408 1.042 0.853 0.844 0.981 3.104 0.906 0.655 0.743 0.699 0.646 0.524 0.439 0.425 0.191 0.129 0.104 0.082 0.062 0.043 0.027 0.013 0.003 0.001 0.001 0.001 0.001
-9999.000 -9999.000 -9999.000 -9999.000 -9999.000 -9999.000 -9999.000 -9999.000 -9999.000 -9999.000 -9999.000 -9999.000 -9999.000 -9999.000 -9999.000 -9999.000 -9999.000 -9999.000 -9999.000 -9999.000 -9999.000 -9999.000 -9999.000 -9999.000 -9999.000 7.704 5.512 4.572 3.866 3.776 3.821 3.682 3.289 2.691 2.388 2.229 1.857 1.779 1.707 1.637 1.570 1.341 0.939 0.871 0.894 2.318 3.649 0.771 0.749 0.794 0.754 0.729 0.598 0.425 0.346 0.137 0.112 0.088 0.067 0.048 0.032 0.019 0.008 0.003 0.001 0.001 0.001 0.006
-9999.000 -9999.000 -9999.000 -9999.000 -9999.000 -9999.000 -9999.000 -9999.000 -9999.000 -9999.000 -9999.000 -9999.000 -9999.000 -9999.000 -9999.000 -9999.000 -9999.000 -9999.000 -9999.000 -9999.000 -9999.000 -9999.000 -9999.000 -9999.000 9.694 6.423 4.921 4.731 4.007 4.103 4.008 3.677 3.162 2.764 2.252 2.051 1.933 1.841 1.721 1.659 1.623 1.313 0.922 0.909 1.219 -9999.000 1.047 0.872 0.848 0.828 0.787 0.738 0.580 0.423 0.177 0.120 0.095 0.073 0.053 0.036 0.021 0.009 0.003 0.001 0.001 0.001 0.001 0.003
-9999.000 -9999.000 -9999.000 -9999.000 -9999.000 -9999.000 -9999.000 -9999.000 -9999.000 -9999.000 -9999.000 -9999.000 -9999.000 -9999.000 -9999.000 -9999.000 -9999.000 -9999.000 -9999.000 -9999.000 -9999.000 -9999.000 -9999.000 10.411 6.393 5.338 4.800 4.691 4.098 3.967 3.716 3.374 2.949 2.360 2.249 2.209 2.198 1.881 1.722 1.687 1.661 1.099 0.944 1.032 2.884 1.605 0.929 0.908 0.905 0.891 0.843 0.761 0.541 0.277 0.131 0.105 0.082 0.061 0.042 0.026 0.012 0.003 0.001 0.001 0.001 0.026 0.006 0.012
-9999.000 -9999.000 -9999.000 -9999.000 -9999.000 -9999.000 -9999.000 -9999.000 -9999.000 -9999.000 -9999.000 -9999.000 -9999.000 -9999.000 -9999.000 -9999.000 -9999.000 -9999.000 -9999.000 -9999.000 -9999.000 12.411 8.141 6.412 5.130 4.906 4.497 4.403 4.146 3.609 3.234 3.006 2.638 2.388 2.399 2.619 2.364 1.922 1.752 1.599 1.456 1.009 0.994 2.244 -9999.000 1.092 0.938 0.918 0.893 0.861 0.833 0.773 0.513 0.145 0.116 0.091 0.069 0.050 0.034 0.021 0.009 0.003 0.001 0.001 0.001 0.009 0.016 0.059
-9999.000 -9999.000 -9999.000 -9999.000 -9999.000 -9999.000 -9999.000 -9999.000 -9999.000 -9999.000 -9999.000 -9999.000 -9999.000 -9999.000 -9999.000 -9999.000 -9999.000 -9999.000 -9999.000 10.434 8.966 7.318 6.019 5.245 4.704 4.543 4.349 3.998 3.855 3.493 2.981 2.782 2.508 2.461 2.660 3.120 2.416 1.961 1.806 1.679 1.259 1.027 1.210 -9999.000 3.120 0.949 0.919 0.890 0.861 0.824 0.772 0.658 0.243 0.127 0.102 0.078 0.058 0.039 0.024 0.012 0.003 0.001 0.001 0.001 0.001 0.003 0.024 0.285
-9999.000 -9999.000 -9999.000 -9999.000 -9999.000 -9999.000 -9999.000 -9999.000 -9999.000 -9999.000 -9999.000 -9999.000 -9999.000 -9999.000 -9999.000 -9999.000 -9999.000 -9999.000 -9999.000 12.002 8.291 6.298 6.134 5.538 4.696 4.444 3.852 3.424 3.157 3.136 2.814 2.631 2.539 2.566 3.363 3.443 2.304 2.001 1.834 1.694 1.124 1.079 3.391 -9999.000 0.987 0.927 0.894 0.867 0.838 0.797 0.756 0.507 0.141 0.114 0.088 0.066 0.047 0.031 0.017 0.008 0.003 0.001 0.001 0.001 0.003 0.010 0.343 0.382
