LISFLOOD/results/run6.mxe
ncols         83
nrows         62
xllcorner     341179.518085
yllcorner     4516699.658735
cellsize      50.000000
NODATA_value  -9999.000000
[rows 0 to 27 of 62, columns 0 to 62 of 83]
-9999.000 -9999.000 -9999.000 -9999.000 -9999.000 -9999.000 -9999.000 -9999.000 -9999.000 -9999.000 -9999.000 -9999.000 -9999.000 -9999.000 -9999.000 -9999.000 -9999.000 -9999.000 -9999.000 -9999.000 -9999.000 -9999.000 -9999.000 -9999.000 -9999.000 -9999.000 -9999.000 -9999.000 -9999.000 -9999.000 -9999.000 -9999.000 -9999.000 -9999.000 -9999.000 -9999.000 -9999.000 -9999.000 -9999.000 -9999.000 -9999.000 -9999.000 -9999.000 -9999.000 -9999.000 -9999.000 -9999.000 -9999.000 -9999.000 -9999.000 -9999.000 -9999.000 -9999.000 -9999.000 -9999.000 -9999.000 -9999.000 -9999.000 -9999.000 -9999.000 -9999.000 -9999.000 -9999.000
-9999.000 -9999.000 -9999.000 -9999.000 -9999.000 -9999.000 -9999.000 -9999.000 -9999.000 -9999.000 -9999.000 -9999.000 -9999.000 -9999.000 -9999.000 -9999.000 -9999.000 -9999.000 -9999.000 -9999.000 -9999.000 -9999.000 139.261 139.261 139.261 139.261 139.261 139.262 139.262 139.263 139.264 139.266 139.267 139.269 139.271 139.273 139.275 139.277 139.279 139.281 139.283 139.286 139.289 139.292 139.294 -9999.000 -9999.000 -9999.000 -9999.000 -9999.000 -9999.000 -9999.000 -9999.000 -9999.000 -9999.000 -9999.000 -9999.000 -9999.000 -9999.000 -9999.000 -9999.000 -9999.000 -9999.000
-9999.000 -9999.000 -9999.000 -9999.000 -9999.000 -9999.000 -9999.000 -9999.000 -9999.000 -9999.000 -9999.000 -9999.000 -9999.000 -9999.000 -9999.000 -9999.000 -9999.000 -9999.000 -9999.000 -9999.000 -9999.000 -9999.000 139.261 139.261 139.261 139.261 139.261 139.261 139.262 139.263 139.264 139.265 139.267 139.269 139.271 139.273 139.275 139.277 139.279 139.281 139.283 139.286 139.289 139.292 139.297 139.304 139.311 139.320 139.328 139.338 139.348 139.359 139.371 139.383 139.396 139.410 139.425 139.440 139.455 139.471 139.488 139.505 139.521
-9999.000 -9999.000 -9999.000 -9999.000 -9999.000 -9999.000 -9999.000 -9999.000 -9999.000 -9999.000 -9999.000 -9999.000 -9999.000 -9999.000 -9999.000 -9999.000 -9999.000 -9999.000 -9999.000 -9999.000 -9999.000 -9999.000 -9999.000 139.261 139.261 139.261 139.261 139.261 139.262 139.262 139.264 139.265 139.266 139.268 139.270 139.273 139.275 139.277 139.279 139.281 139.282 139.285 139.288 139.292 139.297 139.303 139.311 139.319 139.328 139.337 139.347 139.358 139.370 139.383 139.396 139.409 139.424 139.439 139.455 139.471 139.488 139.505 139.522
-9999.000 -9999.000 -9999.000 -9999.000 -9999.000 -9999.000 -9999.000 -9999.000 -9999.000 -9999.000 -9999.000 -9999.000 -9999.000 -9999.000 -9999.000 -9999.000 -9999.000 -9999.000 -9999.000 -9999.000 -9999.000 -9999.000 -9999.000 -9999.000 139.261 139.261 139.260 139.260 139.261 139.262 139.263 139.264 139.266 139.267 -9999.000 -9999.000 -9999.000 -9999.000 -9999.000 139.281 139.281 139.283 139.286 139.291 139.296 139.302 139.309 139.317 139.326 139.336 139.346 139.357 139.369 139.381 139.394 139.408 139.423 139.438 139.454 139.470 139.487 139.505 139.522
-9999.000 -9999.000 -9999.000 -9999.000 -9999.000 -9999.000 -9999.000 -9999.000 -9999.000 -9999.000 -9999.000 -9999.000 -9999.000 -9999.000 -9999.000 -9999.000 -9999.000 -9999.000 -9999.000 -9999.000 -9999.000 -9999.000 -9999.000 -9999.000 -9999.000 -9999.000 139.259 139.259 139.259 139.260 139.262 139.263 -9999.000 -9999.000 -9999.000 -9999.000 -9999.000 -9999.000 -9999.000 -9999.000 139.278 139.280 139.284 139.288 139.294 139.300 139.307 139.315 139.324 139.334 139.344 139.355 139.367 139.379 139.392 139.406 139.421 139.436 139.452 139.469 139.486 139.504 139.523
-9999.000 -9999.000 -9999.000 -9999.000 -9999.000 -9999.000 -9999.000 -9999.000 -9999.000 -9999.000 -9999.000 -9999.000 -9999.000 -9999.000 -9999.000 -9999.000 -9999.000 -9999.000 -9999.000 -9999.000 -9999.000 -9999.000 -9999.000 -9999.000 -9999.000 -9999.000 139.258 139.257 139.257 139.259 139.260 -9999.000 -9999.000 -9999.000 -9999.000 -9999.000 -9999.000 -9999.000 139.264 139.268 139.272 139.276 139.280 139.285 139.290 139.297 139.304 139.312 139.321 139.331 139.341 139.352 139.364 139.376 139.389 139.403 139.418 139.434 139.450 139.467 139.485 139.504 139.523
-9999.000 -9999.000 -9999.000 -9999.000 -9999.000 -9999.000 -9999.000 -9999.000 -9999.000 -9999.000 -9999.000 -9999.000 -9999.000 -9999.000 -9999.000 -9999.000 -9999.000 -9999.000 -9999.000 -9999.000 -9999.000 -9999.000 -9999.000 -9999.000 -9999.000 -9999.000 -9999.000 139.255 139.254 139.257 139.259 -9999.000 -9999.000 -9999.000 -9999.000 -9999.000 -9999.000 -9999.000 139.260 139.263 139.267 139.271 139.275 139.281 139.287 139.293 139.300 139.309 139.317 139.327 139.337 139.348 139.360 139.372 139.386 139.400 139.415 139.430 139.447 139.464 139.483 139.502 139.523
-9999.000 -9999.000 -9999.000 -9999.000 -9999.000 -9999.000 -9999.000 -9999.000 -9999.000 -9999.000 -9999.000 -9999.000 -9999.000 -9999.000 -9999.000 -9999.000 -9999.000 -9999.000 -9999.000 -9999.000 -9999.000 -9999.000 -9999.000 -9999.000 -9999.000 -9999.000 -9999.000 139.252 139.250 -9999.000 -9999.000 -9999.000 -9999.000 -9999.000 -9999.000 -9999.000 -9999.000 -9999.000 139.256 139.258 139.262 139.266 139.270 139.276 139.282 139.289 139.296 139.304 139.313 139.323 139.333 139.344 139.356 139.368 139.381 139.396 139.410 139.426 139.443 139.461 139.480 139.500 139.521
-9999.000 -9999.000 -9999.000 -9999.000 -9999.000 -9999.000 -9999.000 -9999.000 -9999.000 -9999.000 -9999.000 -9999.000 -9999.000 -9999.000 -9999.000 -9999.000 -9999.000 -9999.000 -9999.000 -9999.000 -9999.000 -9999.000 -9999.000 -9999.000 -9999.000 -9999.000 -9999.000 -9999.000 139.234 139.233 -9999.000 -9999.000 -9999.000 -9999.000 -9999.000 -9999.000 -9999.000 -9999.000 139.249 139.252 139.256 139.260 139.265 139.270 139.276 139.283 139.291 139.299 139.308 139.317 139.328 139.339 139.350 139.363 139.376 139.390 139.405 139.421 139.438 139.456 139.475 139.496 139.518
-9999.000 -9999.000 -9999.000 -9999.000 -9999.000 -9999.000 -9999.000 -9999.000 -9999.000 -9999.000 -9999.000 -9999.000 -9999.000 -9999.000 -9999.000 -9999.000 -9999.000 -9999.000 -9999.000 -9999.000 -9999.000 -9999.000 -9999.000 -9999.000 -9999.000 -9999.000 -9999.000 139.215 139.216 139.216 -9999.000 -9999.000 -9999.000 -9999.000 -9999.000 -9999.000 -9999.000 139.235 139.242 139.245 139.249 139.253 139.258 139.264 139.270 139.277 139.285 139.293 139.302 139.312 139.322 139.333 139.344 139.357 139.370 139.384 139.399 139.415 139.432 139.450 139.470 139.490 139.513
-9999.000 -9999.000 -9999.000 -9999.000 -9999.000 -9999.000 -9999.000 -9999.000 -9999.000 -9999.000 -9999.000 -9999.000 -9999.000 -9999.000 -9999.000 -9999.000 -9999.000 -9999.000 -9999.000 -9999.000 -9999.000 -9999.000 -9999.000 -9999.000 -9999.000 -9999.000 -9999.000 139.201 139.161 139.137 -9999.000 -9999.000 -9999.000 -9999.000 -9999.000 -9999.000 -9999.000 139.228 139.233 139.237 139.241 139.246 139.251 139.257 139.264 139.271 139.279 139.287 139.296 139.305 139.315 139.326 139.338 139.350 139.363 139.377 139.392 139.408 139.425 139.443 139.462 139.483 139.506
-9999.000 -9999.000 -9999.000 -9999.000 -9999.000 -9999.000 -9999.000 -9999.000 -9999.000 -9999.000 -9999.000 -9999.000 -9999.000 -9999.000 -9999.000 -9999.000 -9999.000 -9999.000 -9999.000 -9999.000 -9999.000 -9999.000 -9999.000 -9999.000 -9999.000 -9999.000 -9999.000 139.110 139.112 139.112 -9999.000 -9999.000 -9999.000 -9999.000 -9999.000 -9999.000 -9999.000 139.221 139.225 139.229 139.233 139.238 139.244 139.250 139.257 139.264 139.271 139.280 139.288 139.298 139.308 139.319 139.330 139.343 139.356 139.370 139.384 139.400 139.417 139.435 139.454 139.474 139.496
-9999.000 -9999.000 -9999.000 -9999.000 -9999.000 -9999.000 -9999.000 -9999.000 -9999.000 -9999.000 -9999.000 -9999.000 -9999.000 -9999.000 -9999.000 -9999.000 -9999.000 -9999.000 -9999.000 -9999.000 -9999.000 -9999.000 -9999.000 -9999.000 -9999.000 -9999.000 -9999.000 139.108 139.108 139.109 -9999.000 -9999.000 -9999.000 -9999.000 -9999.000 -9999.000 139.204 139.212 139.215 139.220 139.225 139.230 139.236 139.242 139.249 139.256 139.264 139.272 139.281 139.290 139.300 139.311 139.322 139.334 139.347 139.361 139.375 139.391 139.408 139.425 139.444 139.464 139.486
-9999.000 -9999.000 -9999.000 -9999.000 -9999.000 -9999.000 -9999.000 -9999.000 -9999.000 -9999.000 -9999.000 -9999.000 -9999.000 -9999.000 -9999.000 -9999.000 -9999.000 -9999.000 -9999.000 -9999.000 -9999.000 -9999.000 -9999.000 -9999.000 -9999.000 -9999.000 139.104 139.106 139.106 139.107 139.106 -9999.000 -9999.000 -9999.000 -9999.000 -9999.000 139.192 139.199 139.205 139.210 139.216 139.221 139.228 139.234 139.241 139.248 139.256 139.264 139.272 139.282 139.292 139.302 139.313 139.325 139.338 139.351 139.366 139.381 139.397 139.414 139.433 139.452 139.473
-9999.000 -9999.000 -9999.000 -9999.000 -9999.000 -9999.000 -9999.000 -9999.000 -9999.000 -9999.000 -9999.000 -9999.000 -9999.000 -9999.000 -9999.000 -9999.000 -9999.000 -9999.000 -9999.000 -9999.000 -9999.000 -9999.000 -9999.000 -9999.000 -9999.000 -9999.000 139.102 139.104 139.104 139.105 139.105 139.105 -9999.000 -9999.000 -9999.000 -9999.000 139.184 139.189 139.195 139.201 139.207 139.213 139.219 139.225 139.232 139.239 139.247 139.255 139.264 139.273 139.282 139.293 139.304 139.315 139.328 139.341 139.355 139.370 139.386 139.403 139.420 139.440 139.460
-9999.000 -9999.000 -9999.000 -9999.000 -9999.000 -9999.000 -9999.000 -9999.000 -9999.000 -9999.000 -9999.000 -9999.000 -9999.000 -9999.000 -9999.000 -9999.000 -9999.000 -9999.000 -9999.000 -9999.000 -9999.000 -9999.000 -9999.000 -9999.000 -9999.000 139.100 139.101 139.102 139.103 139.104 139.104 139.105 -9999.000 -9999.000 -9999.000 139.161 139.171 139.178 139.185 139.191 139.197 139.203 139.210 139.216 139.223 139.230 139.238 139.246 139.254 139.263 139.272 139.282 139.293 139.305 139.317 139.329 139.343 139.358 139.373 139.390 139.407 139.425 139.445
-9999.000 -9999.000 -9999.000 -9999.000 -9999.000 -9999.000 -9999.000 -9999.000 -9999.000 -9999.000 -9999.000 -9999.000 -9999.000 -9999.000 -9999.000 -9999.000 -9999.000 -9999.000 -9999.000 -9999.000 -9999.000 -9999.000 -9999.000 -9999.000 -9999.000 139.099 139.099 139.100 139.101 139.103 139.104 139.106 139.112 139.125 139.141 139.151 139.160 139.168 139.175 139.181 139.188 139.194 139.201 139.207 139.214 139.221 139.228 139.236 139.244 139.253 139.262 139.272 139.282 139.293 139.305 139.317 139.331 139.345 139.360 139.376 139.392 139.410 139.429
-9999.000 -9999.000 -9999.000 -9999.000 -9999.000 -9999.000 -9999.000 -9999.000 -9999.000 -9999.000 -9999.000 -9999.000 -9999.000 -9999.000 -9999.000 -9999.000 -9999.000 -9999.000 -9999.000 -9999.000 -9999.000 -9999.000 -9999.000 -9999.000 -9999.000 139.097 139.097 139.098 139.099 139.101 139.104 139.107 139.113 139.122 139.133 139.143 139.151 139.158 139.165 139.172 139.178 139.185 139.191 139.198 139.204 139.211 139.218 139.226 139.234 139.242 139.251 139.260 139.270 139.281 139.292 139.304 139.317 139.331 139.345 139.361 139.377 139.394 139.412
-9999.000 -9999.000 -9999.000 -9999.000 -9999.000 -9999.000 -9999.000 -9999.000 -9999.000 -9999.000 -9999.000 -9999.000 -9999.000 -9999.000 -9999.000 -9999.000 -9999.000 -9999.000 -9999.000 -9999.000 -9999.000 -9999.000 -9999.000 -9999.000 -9999.000 139.095 139.095 139.096 139.097 139.099 139.102 139.106 139.111 139.119 139.127 139.135 139.142 139.150 139.156 139.163 139.169 139.175 139.182 139.188 139.195 139.201 139.208 139.215 139.223 139.231 139.239 139.248 139.258 139.268 139.279 139.291 139.303 139.316 139.330 139.345 139.361 139.377 139.394
-9999.000 -9999.000 -9999.000 -9999.000 -9999.000 -9999.000 -9999.000 -9999.000 -9999.000 -9999.000 -9999.000 -9999.000 -9999.000 -9999.000 -9999.000 -9999.000 -9999.000 -9999.000 -9999.000 -9999.000 -9999.000 -9999.000 -9999.000 -9999.000 -9999.000 139.093 139.092 139.093 139.094 139.096 139.099 139.103 139.108 139.114 139.121 139.128 139.134 139.141 139.147 139.154 139.160 139.166 139.172 139.178 139.185 139.191 139.198 139.204 139.211 139.219 139.227 139.236 139.245 139.255 139.265 139.276 139.288 139.301 139.314 139.329 139.344 139.359 139.376
-9999.000 -9999.000 -9999.000 -9999.000 -9999.000 -9999.000 -9999.000 -9999.000 -9999.000 -9999.000 -9999.000 -9999.000 -9999.000 -9999.000 -9999.000 -9999.000 -9999.000 -9999.000 -9999.000 -9999.000 -9999.000 -9999.000 -9999.000 -9999.000 -9999.000 139.091 139.088 139.089 139.090 139.092 139.095 139.099 139.104 139.109 139.115 139.121 139.127 139.133 139.139 139.145 139.151 139.156 139.162 139.168 139.175 139.181 139.187 139.193 139.200 139.207 139.214 139.223 139.231 139.241 139.251 139.261 139.273 139.285 139.298 139.311 139.326 139.341 139.357
-9999.000 -9999.000 -9999.000 -9999.000 -9999.000 -9999.000 -9999.000 -9999.000 -9999.000 -9999.000 -9999.000 -9999.000 -9999.000 -9999.000 -9999.000 -9999.000 -9999.000 -9999.000 -9999.000 -9999.000 -9999.000 -9999.000 -9999.000 -9999.000 -9999.000 -9999.000 139.083 139.084 139.085 139.088 139.091 139.094 139.098 139.103 139.108 139.113 139.119 139.124 139.130 139.136 139.141 139.147 139.153 139.159 139.165 139.171 139.176 139.182 139.188 139.194 139.201 139.209 139.217 139.226 139.235 139.245 139.256 139.268 139.280 139.293 139.307 139.322 139.337
-9999.000 -9999.000 -9999.000 -9999.000 -9999.000 -9999.000 -9999.000 -9999.000 -9999.000 -9999.000 -9999.000 -9999.000 -9999.000 -9999.000 -9999.000 -9999.000 -9999.000 -9999.000 -9999.000 -9999.000 -9999.000 -9999.000 -9999.000 -9999.000 -9999.000 139.071 139.076 139.078 139.080 139.083 139.086 139.089 139.093 139.097 139.101 139.106 139.111 139.116 139.121 139.127 139.132 139.137 139.143 139.149 139.155 139.161 139.165 139.170 139.175 139.181 139.187 139.194 139.202 139.210 139.219 139.229 139.239 139.250 139.262 139.274 139.287 139.301 139.316
-9999.000 -9999.000 -9999.000 -9999.000 -9999.000 -9999.000 -9999.000 -9999.000 -9999.000 -9999.000 -9999.000 -9999.000 -9999.000 -9999.000 -9999.000 -9999.000 -9999.000 -9999.000 -9999.000 -9999.000 -9999.000 -9999.000 -9999.000 -9999.000 -9999.000 139.065 139.069 139.072 139.074 139.077 139.080 139.083 139.087 139.090 139.094 139.099 139.103 139.108 139.113 139.117 139.123 139.128 139.133 139.138 139.144 139.153 139.154 139.157 139.161 139.167 139.173 139.179 139.187 139.194 139.203 139.212 139.221 139.232 139.243 139.254 139.267 139.280 139.295
-9999.000 -9999.000 -9999.000 -9999.000 -9999.000 -9999.000 -9999.000 -9999.000 -9999.000 -9999.000 -9999.000 -9999.000 -9999.000 -9999.000 -9999.000 -9999.000 -9999.000 -9999.000 -9999.000 -9999.000 -9999.000 -9999.000 -9999.000 -9999.000 139.056 139.060 139.063 139.066 139.069 139.071 139.074 139.077 139.080 139.084 139.087 139.091 139.095 139.099 139.104 139.108 139.113 139.118 139.123 139.128 139.131 -9999.000 139.140 139.143 139.147 139.152 139.158 139.164 139.171 139.178 139.186 139.194 139.203 139.212 139.223 139.234 139.246 139.258 139.272
-9999.000 -9999.000 -9999.000 -9999.000 -9999.000 -9999.000 -9999.000 -9999.000 -9999.000 -9999.000 -9999.000 -9999.000 -9999.000 -9999.000 -9999.000 -9999.000 -9999.000 -9999.000 -9999.000 -9999.000 -9999.000 -9999.000 -9999.000 139.049 139.052 139.055 139.058 139.060 139.063 139.065 139.068 139.071 139.074 139.077 139.080 139.083 139.087 139.091 139.095 139.099 139.103 139.108 139.113 139.118 139.122 139.116 139.123 139.128 139.132 139.137 139.142 139.148 139.154 139.161 139.168 139.175 139.184 139.192 139.202 139.212 139.223 139.235 139.248
-9999.000 -9999.000 -9999.000 -9999.000 -9999.000 -9999.000 -9999.000 -9999.000 -9999.000 -9999.000 -9999.000 -9999.000 -9999.000 -9999.000 -9999.000 -9999.000 -9999.000 -9999.000 -9999.000 -9999.000 -9999.000 139.042 139.043 139.045 139.048 139.050 139.053 139.055 139.057 139.059 139.062 139.064 139.067 139.070 139.072 139.075 139.078 139.082 139.085 139.089 139.093 139.098 139.103 139.111 -9999.000 139.104 139.108 139.112 139.117 139.122 139.126 139.132 139.137 139.143 139.149 139.156 139.164 139.172 139.181 139.190 139.201 139.212 139.224
