LISFLOOD/results/run6.mxe
ncols         83
nrows         62
xllcorner     341179.518085
yllcorner     4516699.658735
cellsize      50.000000
NODATA_value  -9999.000000
[rows 28 to 55 of 62, columns 0 to 62 of 83]
-9999.000 -9999.000 -9999.000 -9999.000 -9999.000 -9999.000 -9999.000 -9999.000 -9999.000 -9999.000 -9999.000 -9999.000 -9999.000 -9999.000 -9999.000 -9999.000 -9999.000 -9999.000 -9999.000 139.040 139.040 139.040 139.041 139.042 139.044 139.046 139.048 139.049 139.051 139.053 139.056 139.058 139.060 139.062 139.065 139.067 139.070 139.073 139.076 139.079 139.082 139.087 139.091 -9999.000 139.078 139.087 139.093 139.097 139.102 139.106 139.110 139.115 139.120 139.125 139.131 139.137 139.143 139.150 139.158 139.167 139.177 139.187 139.198
-9999.000 -9999.000 -9999.000 -9999.000 -9999.000 -9999.000 -9999.000 -9999.000 -9999.000 -9999.000 -9999.000 -9999.000 -9999.000 -9999.000 -9999.000 -9999.000 -9999.000 -9999.000 -9999.000 139.040 139.040 139.040 139.039 139.039 139.040 139.041 139.042 139.044 139.046 139.047 139.049 139.051 139.053 139.055 139.057 139.059 139.061 139.063 139.066 139.068 139.071 139.075 139.083 -9999.000 139.069 139.074 139.078 139.082 139.086 139.090 139.094 139.098 139.102 139.106 139.111 139.117 139.122 139.128 139.135 139.143 139.152 139.163 139.177
-9999.000 -9999.000 -9999.000 -9999.000 -9999.000 -9999.000 -9999.000 -9999.000 -9999.000 -9999.000 -9999.000 -9999.000 -9999.000 -9999.000 -9999.000 -9999.000 -9999.000 -9999.000 -9999.000 -9999.000 -9999.000 139.038 139.036 139.035 139.035 139.036 139.037 139.038 139.040 139.041 139.043 139.044 139.046 139.047 139.049 139.051 139.052 139.054 139.056 139.057 139.059 139.060 -9999.000 139.049 139.056 139.060 139.064 139.068 139.071 139.074 139.077 139.081 139.084 139.088 139.092 139.096 139.101 139.106 139.111 139.118 139.125 139.135 139.155
-9999.000 -9999.000 -9999.000 -9999.000 -9999.000 -9999.000 -9999.000 -9999.000 -9999.000 -9999.000 -9999.000 -9999.000 -9999.000 -9999.000 -9999.000 -9999.000 -9999.000 -9999.000 -9999.000 -9999.000 -9999.000 -9999.000 139.030 139.030 139.030 139.031 139.032 139.033 139.034 139.035 139.036 139.037 139.039 139.040 139.041 139.042 139.043 139.045 139.046 139.046 139.047 139.047 -9999.000 139.041 139.045 139.048 139.051 139.053 139.056 139.058 139.061 139.063 139.066 139.069 139.072 139.075 139.079 139.083 139.087 139.091 139.095 139.114 139.130
-9999.000 -9999.000 -9999.000 -9999.000 -9999.000 -9999.000 -9999.000 -9999.000 -9999.000 -9999.000 -9999.000 -9999.000 -9999.000 -9999.000 -9999.000 -9999.000 -9999.000 -9999.000 -9999.000 -9999.000 -9999.000 -9999.000 139.023 139.024 139.024 139.025 139.026 139.027 139.028 139.029 139.030 139.031 139.032 139.032 139.033 139.034 139.035 139.035 139.036 139.036 139.035 139.034 139.029 139.031 139.033 139.035 139.037 139.039 139.041 139.042 139.044 139.046 139.047 139.049 139.051 139.054 139.056 139.059 139.062 139.066 139.075 139.091 139.106
-9999.000 -9999.000 -9999.000 -9999.000 -9999.000 -9999.000 -9999.000 -9999.000 -9999.000 -9999.000 -9999.000 -9999.000 -9999.000 -9999.000 -9999.000 -9999.000 -9999.000 -9999.000 -9999.000 -9999.000 -9999.000 -9999.000 139.016 139.018 139.019 139.020 139.020 139.021 139.022 139.023 139.023 139.024 139.025 139.025 139.026 139.026 139.026 139.026 139.026 139.026 139.025 139.023 139.022 139.022 139.022 139.023 139.024 139.025 139.026 139.026 139.027 139.028 139.029 139.030 139.031 139.032 139.034 139.035 139.036 139.035 139.053 139.069 139.083
-9999.000 -9999.000 -9999.000 -9999.000 -9999.000 -9999.000 -9999.000 -9999.000 -9999.000 -9999.000 -9999.000 -9999.000 -9999.000 -9999.000 -9999.000 -9999.000 -9999.000 -9999.000 -9999.000 -9999.000 -9999.000 139.007 139.011 139.012 139.013 139.014 139.015 139.015 139.016 139.016 139.017 139.017 139.018 139.018 139.018 139.018 139.018 139.017 139.017 139.016 139.015 139.014 139.012 139.011 139.011 139.011 139.011 139.011 139.011 139.010 139.010 139.010 139.010 139.010 139.010 139.011 139.011 139.012 139.012 139.014 139.031 139.047 139.061
-9999.000 -9999.000 -9999.000 -9999.000 -9999.000 -9999.000 -9999.000 -9999.000 -9999.000 -9999.000 -9999.000 -9999.000 -9999.000 -9999.000 -9999.000 -9999.000 -9999.000 -9999.000 -9999.000 -9999.000 -9999.000 139.003 139.005 139.007 139.008 139.009 139.009 139.010 139.010 139.010 139.011 139.011 139.011 139.011 139.010 139.010 139.009 139.009 139.008 139.007 139.005 139.004 139.002 139.001 139.000 138.999 138.998 138.997 138.996 138.995 138.993 138.992 138.991 138.990 138.989 138.989 138.988 138.988 138.988 138.998 139.012 139.025 139.039
-9999.000 -9999.000 -9999.000 -9999.000 -9999.000 -9999.000 -9999.000 -9999.000 -9999.000 -9999.000 -9999.000 -9999.000 -9999.000 -9999.000 -9999.000 -9999.000 -9999.000 -9999.000 -9999.000 -9999.000 138.999 139.000 139.001 139.002 139.003 139.003 139.004 139.004 139.004 139.004 139.004 139.004 139.004 139.003 139.003 139.002 139.001 139.000 138.999 138.997 138.996 138.994 138.992 138.990 138.988 138.987 138.985 138.983 138.981 138.979 138.977 138.974 138.972 138.970 138.968 138.967 138.966 138.966 138.968 138.979 138.991 139.004 139.017
-9999.000 -9999.000 -9999.000 -9999.000 -9999.000 -9999.000 -9999.000 -9999.000 -9999.000 -9999.000 -9999.000 -9999.000 -9999.000 -9999.000 -9999.000 -9999.000 -9999.000 -9999.000 -9999.000 -9999.000 138.998 138.997 138.997 138.998 138.998 138.998 138.999 138.999 138.999 138.999 138.998 138.998 138.997 138.997 138.996 138.995 138.993 138.992 138.990 138.988 138.986 138.984 138.982 138.979 138.977 138.974 138.972 138.969 138.966 138.963 138.960 138.957 138.953 138.950 138.947 138.944 138.942 138.941 138.947 138.959 138.971 138.983 138.995
-9999.000 -9999.000 -9999.000 -9999.000 -9999.000 -9999.000 -9999.000 -9999.000 -9999.000 -9999.000 -9999.000 -9999.000 -9999.000 -9999.000 -9999.000 -9999.000 -9999.000 -9999.000 -9999.000 -9999.000 -9999.000 138.993 138.993 138.993 138.993 138.993 138.993 138.993 138.993 138.993 138.992 138.992 138.991 138.990 138.989 138.987 138.986 138.984 138.982 138.980 138.977 138.974 138.972 138.969 138.966 138.962 138.959 138.955 138.951 138.947 138.943 138.939 138.934 138.930 138.926 138.921 138.916 138.908 138.926 138.937 138.949 138.961 138.973
-9999.000 -9999.000 -9999.000 -9999.000 -9999.000 -9999.000 -9999.000 -9999.000 -9999.000 -9999.000 -9999.000 -9999.000 -9999.000 -9999.000 -9999.000 -9999.000 -9999.000 -9999.000 -9999.000 -9999.000 138.989 138.989 138.989 138.989 138.989 138.989 138.988 138.988 138.988 138.987 138.986 138.985 138.984 138.983 138.982 138.980 138.978 138.976 138.974 138.971 138.968 138.965 138.962 138.958 138.954 138.950 138.946 138.941 138.937 138.932 138.926 138.921 138.915 138.910 138.904 138.899 138.894 138.889 138.903 138.916 138.928 138.940 138.952
-9999.000 -9999.000 -9999.000 -9999.000 -9999.000 -9999.000 -9999.000 -9999.000 -9999.000 -9999.000 -9999.000 -9999.000 -9999.000 -9999.000 -9999.000 -9999.000 -9999.000 -9999.000 -9999.000 -9999.000 138.986 138.984 138.984 138.984 138.984 138.984 138.984 138.983 138.982 138.982 138.981 138.980 138.978 138.977 138.975 138.973 138.971 138.968 138.966 138.963 138.959 138.956 138.952 138.948 138.943 138.939 138.933 138.928 138.922 138.916 138.910 138.903 138.896 138.889 138.883 138.876 138.872 138.869 138.883 138.895 138.908 138.919 138.930
-9999.000 -9999.000 -9999.000 -9999.000 -9999.000 -9999.000 -9999.000 -9999.000 -9999.000 -9999.000 -9999.000 -9999.000 -9999.000 -9999.000 -9999.000 -9999.000 -9999.000 -9999.000 -9999.000 -9999.000 -9999.000 138.980 138.980 138.980 138.980 138.979 138.979 138.978 138.977 138.976 138.975 138.974 138.972 138.971 138.969 138.966 138.964 138.961 138.958 138.955 138.951 138.947 138.943 138.938 138.933 138.927 138.921 138.915 138.908 138.901 138.894 138.886 138.877 138.869 138.861 138.853 138.846 138.850 138.863 138.875 138.887 138.899 138.909
-9999.000 -9999.000 -9999.000 -9999.000 -9999.000 -9999.000 -9999.000 -9999.000 -9999.000 -9999.000 -9999.000 -9999.000 -9999.000 -9999.000 -9999.000 -9999.000 -9999.000 -9999.000 -9999.000 -9999.000 138.973 138.976 138.976 138.976 138.975 138.975 138.974 138.973 138.972 138.971 138.970 138.968 138.967 138.965 138.962 138.960 138.957 138.954 138.951 138.947 138.943 138.938 138.933 138.928 138.922 138.916 138.910 138.902 138.895 138.886 138.878 138.868 138.859 138.849 138.838 138.827 138.812 138.829 138.843 138.856 138.868 138.879 138.889
-9999.000 -9999.000 -9999.000 -9999.000 -9999.000 -9999.000 -9999.000 -9999.000 -9999.000 -9999.000 -9999.000 -9999.000 -9999.000 -9999.000 -9999.000 -9999.000 -9999.000 -9999.000 -9999.000 -9999.000 138.970 138.972 138.972 138.972 138.971 138.971 138.970 138.969 138.968 138.966 138.965 138.963 138.961 138.959 138.956 138.954 138.951 138.947 138.943 138.939 138.935 138.930 138.925 138.919 138.913 138.906 138.898 138.890 138.882 138.872 138.862 138.851 138.840 138.828 138.817 138.805 138.793 138.809 138.824 138.837 138.850 138.861 138.870
-9999.000 -9999.000 -9999.000 -9999.000 -9999.000 -9999.000 -9999.000 -9999.000 -9999.000 -9999.000 -9999.000 -9999.000 -9999.000 -9999.000 -9999.000 -9999.000 -9999.000 -9999.000 -9999.000 -9999.000 138.968 138.969 138.968 138.968 138.967 138.966 138.966 138.964 138.963 138.962 138.960 138.958 138.956 138.954 138.951 138.948 138.944 138.941 138.937 138.932 138.928 138.922 138.917 138.910 138.903 138.896 138.888 138.879 138.869 138.859 138.847 138.835 138.822 138.809 138.795 138.783 138.775 138.791 138.806 138.820 138.832 138.843 138.853
-9999.000 -9999.000 -9999.000 -9999.000 -9999.000 -9999.000 -9999.000 -9999.000 -9999.000 -9999.000 -9999.000 -9999.000 -9999.000 -9999.000 -9999.000 -9999.000 -9999.000 -9999.000 -9999.000 -9999.000 138.967 138.966 138.965 138.964 138.963 138.962 138.961 138.960 138.959 138.957 138.955 138.953 138.951 138.948 138.945 138.942 138.939 138.935 138.930 138.926 138.921 138.915 138.909 138.902 138.895 138.887 138.878 138.868 138.858 138.846 138.834 138.820 138.805 138.789 138.772 138.758 138.756 138.773 138.790 138.804 138.817 138.828 138.837
-9999.000 -9999.000 -9999.000 -9999.000 -9999.000 -9999.000 -9999.000 -9999.000 -9999.000 -9999.000 -9999.000 -9999.000 -9999.000 -9999.000 -9999.000 -9999.000 -9999.000 -9999.000 -9999.000 -9999.000 138.965 138.962 138.961 138.960 138.960 138.959 138.957 138.956 138.955 138.953 138.951 138.949 138.946 138.944 138.940 138.937 138.933 138.929 138.925 138.920 138.914 138.908 138.902 138.895 138.887 138.878 138.869 138.859 138.847 138.835 138.821 138.805 138.788 138.769 138.747 138.720 138.736 138.757 138.775 138.790 138.803 138.813 138.822
-9999.000 -9999.000 -9999.000 -9999.000 -9999.000 -9999.000 -9999.000 -9999.000 -9999.000 -9999.000 -9999.000 -9999.000 -9999.000 -9999.000 -9999.000 -9999.000 -9999.000 -9999.000 -9999.000 -9999.000 -9999.000 138.960 138.958 138.957 138.956 138.955 138.954 138.952 138.951 138.949 138.947 138.945 138.942 138.939 138.936 138.932 138.928 138.924 138.919 138.914 138.908 138.902 138.895 138.888 138.880 138.871 138.861 138.850 138.838 138.825 138.810 138.792 138.773 138.752 138.728 138.703 138.724 138.745 138.763 138.778 138.791 138.801 138.809
-9999.000 -9999.000 -9999.000 -9999.000 -9999.000 -9999.000 -9999.000 -9999.000 -9999.000 -9999.000 -9999.000 -9999.000 -9999.000 -9999.000 -9999.000 -9999.000 -9999.000 -9999.000 -9999.000 -9999.000 -9999.000 -9999.000 138.953 138.953 138.952 138.951 138.950 138.949 138.947 138.945 138.943 138.941 138.938 138.935 138.931 138.928 138.924 138.919 138.914 138.909 138.903 138.896 138.889 138.882 138.873 138.864 138.854 138.843 138.830 138.816 138.800 138.782 138.761 138.736 138.710 138.687 138.714 138.736 138.754 138.769 138.781 138.791 138.798
-9999.000 -9999.000 -9999.000 -9999.000 -9999.000 -9999.000 -9999.000 -9999.000 -9999.000 -9999.000 -9999.000 -9999.000 -9999.000 -9999.000 -9999.000 -9999.000 -9999.000 -9999.000 -9999.000 -9999.000 -9999.000 138.947 138.949 138.949 138.949 138.948 138.947 138.945 138.944 138.942 138.940 138.937 138.934 138.931 138.927 138.924 138.919 138.915 138.910 138.904 138.898 138.891 138.884 138.876 138.868 138.859 138.848 138.837 138.824 138.810 138.793 138.774 138.751 138.723 138.690 138.671 138.707 138.731 138.749 138.763 138.774 138.783 138.790
-9999.000 -9999.000 -9999.000 -9999.000 -9999.000 -9999.000 -9999.000 -9999.000 -9999.000 -9999.000 -9999.000 -9999.000 -9999.000 -9999.000 -9999.000 -9999.000 -9999.000 -9999.000 -9999.000 -9999.000 138.946 138.946 138.946 138.946 138.946 138.945 138.944 138.942 138.941 138.939 138.936 138.934 138.931 138.927 138.924 138.920 138.915 138.911 138.905 138.900 138.894 138.887 138.880 138.872 138.863 138.854 138.844 138.832 138.820 138.806 138.789 138.770 138.747 138.714 138.656 138.689 138.714 138.732 138.747 138.759 138.769 138.777 138.783
-9999.000 -9999.000 -9999.000 -9999.000 -9999.000 -9999.000 -9999.000 -9999.000 -9999.000 -9999.000 -9999.000 -9999.000 -9999.000 -9999.000 -9999.000 -9999.000 -9999.000 -9999.000 -9999.000 -9999.000 -9999.000 138.944 138.944 138.944 138.943 138.942 138.941 138.940 138.938 138.936 138.933 138.931 138.928 138.924 138.921 138.916 138.912 138.907 138.902 138.896 138.890 138.883 138.876 138.868 138.859 138.850 138.840 138.829 138.817 138.803 138.788 138.771 138.752 138.730 138.708 138.714 138.726 138.738 138.749 138.758 138.766 138.772 138.777
-9999.000 -9999.000 -9999.000 -9999.000 -9999.000 -9999.000 -9999.000 -9999.000 -9999.000 -9999.000 -9999.000 -9999.000 -9999.000 -9999.000 -9999.000 -9999.000 -9999.000 -9999.000 -9999.000 -9999.000 138.941 138.941 138.942 138.941 138.941 138.940 138.939 138.937 138.935 138.933 138.931 138.928 138.925 138.921 138.918 138.913 138.909 138.904 138.898 138.893 138.886 138.880 138.872 138.864 138.856 138.847 138.837 138.826 138.815 138.803 138.789 138.775 138.760 138.745 138.733 138.733 138.737 138.744 138.752 138.758 138.764 138.769 138.773
-9999.000 -9999.000 -9999.000 -9999.000 -9999.000 -9999.000 -9999.000 -9999.000 -9999.000 -9999.000 -9999.000 -9999.000 -9999.000 -9999.000 -9999.000 -9999.000 -9999.000 -9999.000 -9999.000 -9999.000 138.940 138.940 138.940 138.940 138.939 138.938 138.937 138.935 138.933 138.931 138.928 138.926 138.922 138.919 138.915 138.911 138.906 138.901 138.896 138.890 138.884 138.877 138.870 138.862 138.853 138.845 138.835 138.825 138.814 138.803 138.791 138.779 138.767 138.756 138.748 138.746 138.747 138.750 138.755 138.759 138.764 138.767 138.770
-9999.000 -9999.000 -9999.000 -9999.000 -9999.000 -9999.000 -9999.000 -9999.000 -9999.000 -9999.000 -9999.000 -9999.000 -9999.000 -9999.000 -9999.000 -9999.000 -9999.000 -9999.000 -9999.000 138.938 138.938 138.939 138.938 138.938 138.937 138.936 138.935 138.933 138.931 138.929 138.927 138.924 138.920 138.917 138.913 138.909 138.904 138.899 138.893 138.888 138.881 138.874 138.867 138.860 138.851 138.843 138.834 138.824 138.814 138.804 138.793 138.783 138.773 138.764 138.758 138.755 138.754 138.756 138.758 138.761 138.764 138.766 138.768
-9999.000 -9999.000 -9999.000 -9999.000 -9999.000 -9999.000 -9999.000 -9999.000 -9999.000 -9999.000 -9999.000 -9999.000 -9999.000 -9999.000 -9999.000 -9999.000 -9999.000 -9999.000 -9999.000 138.938 138.938 138.938 138.937 138.937 138.936 138.935 138.933 138.932 138.930 138.928 138.925 138.922 138.919 138.915 138.911 138.907 138.902 138.897 138.891 138.886 138.879 138.873 138.865 138.858 138.850 138.841 138.833 138.824 138.814 138.805 138.795 138.786 138.778 138.771 138.765 138.762 138.760 138.760 138.761 138.762 138.764 138.766 138.767
