LISFLOOD/results/run8.mxe
ncols         138
nrows         103
xllcorner     341179.518085
yllcorner     4516709.658735
cellsize      30.000000
NODATA_value  -9999.000000
[rows 56 to 83 of 103, columns 64 to 127 of 138]
144.010 144.021 144.033 144.044 144.056 144.068 144.080 144.093 144.105 144.118 144.132 144.145 144.159 144.172 144.187 144.201 144.215 144.230 144.245 144.261 144.276 144.292 144.308 144.324 144.341 144.358 144.375 144.392 144.409 144.427 144.445 144.464 144.482 144.500 144.518 144.536 144.548 144.559 144.569 144.579 144.589 144.599 144.609 144.619 144.628 144.638 144.648 144.658 144.668 144.679 144.689 144.699 144.710 144.722 144.739 -9999.000 -9999.000 -9999.000 -9999.000 -9999.000 -9999.000 -9999.000 -9999.000 -9999.000
144.005 144.016 144.027 144.038 144.050 144.062 144.074 144.086 144.099 144.112 144.125 144.138 144.151 144.165 144.179 144.193 144.207 144.222 144.237 144.252 144.267 144.283 144.299 144.315 144.331 144.347 144.364 144.381 144.399 144.416 144.434 144.452 144.470 144.488 144.506 144.521 144.531 144.541 144.551 144.561 144.571 144.581 144.591 144.601 144.611 144.621 144.631 144.641 144.651 144.661 144.672 144.682 144.693 144.708 -9999.000 -9999.000 -9999.000 -9999.000 -9999.000 -9999.000 -9999.000 -9999.000 -9999.000 -9999.000
143.999 144.010 144.021 144.033 144.044 144.056 144.068 144.080 144.092 144.105 144.118 144.131 144.144 144.158 144.171 144.185 144.199 144.214 144.228 144.243 144.258 144.273 144.289 144.305 144.321 144.337 144.353 144.370 144.387 144.405 144.423 144.441 144.459 144.477 144.490 144.503 144.514 144.524 144.534 144.544 144.554 144.563 144.573 144.583 144.593 144.603 144.614 144.624 144.634 144.644 144.654 144.664 144.672 -9999.000 -9999.000 -9999.000 -9999.000 -9999.000 -9999.000 -9999.000 -9999.000 -9999.000 -9999.000 -9999.000
143.994 144.005 144.016 144.027 144.038 144.050 144.062 144.074 144.086 144.098 144.111 144.124 144.137 144.150 144.164 144.177 144.191 144.205 144.220 144.234 144.249 144.264 144.279 144.295 144.310 144.326 144.343 144.359 144.376 144.393 144.411 144.429 144.448 144.469 144.477 144.487 144.497 144.507 144.517 144.526 144.536 144.546 144.556 144.565 144.575 144.586 144.596 144.607 144.617 144.627 144.637 144.647 144.659 -9999.000 -9999.000 -9999.000 -9999.000 -9999.000 -9999.000 -9999.000 -9999.000 -9999.000 -9999.000 -9999.000
143.989 143.999 144.010 144.021 144.032 144.044 144.055 144.067 144.079 144.092 144.104 144.117 144.129 144.143 144.156 144.169 144.183 144.197 144.211 144.225 144.240 144.254 144.269 144.284 144.300 144.316 144.332 144.348 144.364 144.381 144.399 144.416 144.435 144.454 144.462 144.471 144.481 144.490 144.500 144.509 144.518 144.528 144.538 144.547 144.557 144.568 144.578 144.589 144.600 144.611 144.620 144.627 -9999.000 -9999.000 -9999.000 -9999.000 -9999.000 -9999.000 -9999.000 -9999.000 -9999.000 -9999.000 -9999.000 -9999.000
143.983 143.994 144.004 144.015 144.026 144.038 144.049 144.061 144.073 144.085 144.097 144.110 144.122 144.135 144.148 144.161 144.175 144.188 144.202 144.216 144.230 144.245 144.259 144.274 144.289 144.305 144.320 144.336 144.352 144.369 144.386 144.403 144.421 144.439 144.447 144.455 144.464 144.473 144.482 144.492 144.501 144.510 144.520 144.529 144.539 144.550 144.561 144.572 144.584 144.596 144.607 144.613 -9999.000 -9999.000 -9999.000 -9999.000 -9999.000 -9999.000 -9999.000 -9999.000 -9999.000 -9999.000 -9999.000 -9999.000
143.978 143.988 143.999 144.010 144.021 144.032 144.043 144.055 144.066 144.078 144.090 144.102 144.115 144.127 144.140 144.153 144.166 144.180 144.193 144.207 144.221 144.235 144.249 144.264 144.279 144.294 144.309 144.324 144.340 144.356 144.373 144.390 144.407 144.423 144.431 144.439 144.448 144.456 144.465 144.474 144.483 144.492 144.501 144.511 144.521 144.531 144.542 144.554 144.568 144.582 144.598 144.606 -9999.000 -9999.000 -9999.000 -9999.000 -9999.000 -9999.000 -9999.000 -9999.000 -9999.000 -9999.000 -9999.000 -9999.000
143.973 143.983 143.993 144.004 144.015 144.026 144.037 144.048 144.060 144.071 144.083 144.095 144.107 144.120 144.132 144.145 144.158 144.171 144.184 144.198 144.211 144.225 144.239 144.253 144.268 144.282 144.297 144.312 144.328 144.344 144.360 144.376 144.393 144.408 144.415 144.423 144.431 144.439 144.448 144.457 144.465 144.474 144.483 144.492 144.502 144.512 144.523 144.535 144.550 144.566 -9999.000 -9999.000 -9999.000 -9999.000 -9999.000 -9999.000 -9999.000 -9999.000 -9999.000 -9999.000 -9999.000 -9999.000 -9999.000 -9999.000
143.968 143.978 143.988 143.998 144.009 144.020 144.031 144.042 144.053 144.065 144.076 144.088 144.100 144.112 144.124 144.137 144.149 144.162 144.175 144.188 144.202 144.215 144.229 144.242 144.257 144.271 144.285 144.300 144.315 144.330 144.346 144.362 144.378 144.389 144.398 144.406 144.414 144.422 144.431 144.439 144.447 144.456 144.464 144.473 144.482 144.491 144.502 144.514 144.532 -9999.000 -9999.000 -9999.000 -9999.000 -9999.000 -9999.000 -9999.000 -9999.000 -9999.000 -9999.000 -9999.000 -9999.000 -9999.000 -9999.000 -9999.000
143.963 143.973 143.983 143.993 144.003 144.014 144.025 144.036 144.047 144.058 144.069 144.081 144.093 144.105 144.117 144.129 144.141 144.154 144.166 144.179 144.192 144.205 144.218 144.232 144.245 144.259 144.273 144.288 144.302 144.317 144.332 144.347 144.363 144.372 144.381 144.389 144.397 144.405 144.413 144.421 144.429 144.438 144.446 144.454 144.462 144.471 144.479 144.486 -9999.000 -9999.000 -9999.000 -9999.000 -9999.000 -9999.000 -9999.000 -9999.000 -9999.000 -9999.000 -9999.000 -9999.000 -9999.000 -9999.000 -9999.000 -9999.000
143.958 143.967 143.977 143.987 143.998 144.008 144.019 144.029 144.040 144.051 144.063 144.074 144.085 144.097 144.109 144.121 144.133 144.145 144.157 144.169 144.182 144.195 144.208 144.221 144.234 144.247 144.261 144.275 144.289 144.303 144.318 144.333 144.348 144.356 144.364 144.372 144.380 144.388 144.396 144.404 144.412 144.419 144.427 144.434 144.442 144.450 144.457 144.465 -9999.000 -9999.000 -9999.000 -9999.000 -9999.000 -9999.000 -9999.000 -9999.000 -9999.000 -9999.000 -9999.000 -9999.000 -9999.000 -9999.000 -9999.000 -9999.000
143.953 143.962 143.972 143.982 143.992 144.002 144.013 144.023 144.034 144.045 144.056 144.067 144.078 144.089 144.101 144.113 144.124 144.136 144.148 144.160 144.172 144.185 144.197 144.210 144.222 144.235 144.249 144.262 144.276 144.290 144.304 144.318 144.333 144.340 144.347 144.355 144.363 144.371 144.379 144.386 144.394 144.401 144.408 144.415 144.422 144.429 144.437 144.451 -9999.000 -9999.000 -9999.000 -9999.000 -9999.000 -9999.000 -9999.000 -9999.000 -9999.000 -9999.000 -9999.000 -9999.000 -9999.000 -9999.000 -9999.000 -9999.000
143.948 143.957 143.967 143.977 143.987 143.997 144.007 144.017 144.028 144.038 144.049 144.060 144.071 144.082 144.093 144.104 144.116 144.127 144.139 144.151 144.162 144.174 144.186 144.199 144.211 144.223 144.236 144.249 144.262 144.276 144.289 144.303 144.314 144.322 144.331 144.339 144.346 144.354 144.362 144.369 144.376 144.383 144.390 144.396 144.401 144.407 144.411 -9999.000 -9999.000 -9999.000 -9999.000 -9999.000 -9999.000 -9999.000 -9999.000 -9999.000 -9999.000 -9999.000 -9999.000 -9999.000 -9999.000 -9999.000 -9999.000 -9999.000
143.943 143.952 143.962 143.971 143.981 143.991 144.001 144.011 144.022 144.032 144.042 144.053 144.064 144.075 144.085 144.096 144.107 144.119 144.130 144.141 144.153 144.164 144.176 144.187 144.199 144.211 144.223 144.236 144.248 144.261 144.274 144.288 144.297 144.306 144.314 144.322 144.330 144.337 144.345 144.352 144.359 144.365 144.371 144.377 144.382 144.386 144.388 -9999.000 -9999.000 -9999.000 -9999.000 -9999.000 -9999.000 -9999.000 -9999.000 -9999.000 -9999.000 -9999.000 -9999.000 -9999.000 -9999.000 -9999.000 -9999.000 -9999.000
143.938 143.947 143.957 143.966 143.976 143.986 143.995 144.005 144.015 144.026 144.036 144.046 144.057 144.067 144.078 144.088 144.099 144.110 144.121 144.132 144.143 144.154 144.165 144.176 144.187 144.199 144.211 144.222 144.235 144.247 144.259 144.273 144.281 144.290 144.298 144.306 144.314 144.321 144.328 144.335 144.342 144.348 144.354 144.359 144.363 144.366 144.368 -9999.000 -9999.000 -9999.000 -9999.000 -9999.000 -9999.000 -9999.000 -9999.000 -9999.000 -9999.000 -9999.000 -9999.000 -9999.000 -9999.000 -9999.000 -9999.000 -9999.000
143.934 143.943 143.952 143.961 143.971 143.980 143.990 144.000 144.009 144.019 144.029 144.040 144.050 144.060 144.070 144.081 144.091 144.101 144.112 144.122 144.133 144.143 144.154 144.165 144.176 144.187 144.198 144.209 144.220 144.232 144.243 144.258 144.265 144.274 144.282 144.290 144.297 144.305 144.312 144.319 144.325 144.331 144.337 144.342 144.346 144.349 144.350 -9999.000 -9999.000 -9999.000 -9999.000 -9999.000 -9999.000 -9999.000 -9999.000 -9999.000 -9999.000 -9999.000 -9999.000 -9999.000 -9999.000 -9999.000 -9999.000 -9999.000
143.929 143.938 143.947 143.956 143.965 143.975 143.984 143.994 144.004 144.013 144.023 144.033 144.043 144.053 144.063 144.073 144.083 144.093 144.103 144.113 144.123 144.133 144.143 144.154 144.164 144.174 144.185 144.195 144.206 144.217 144.229 144.240 144.249 144.258 144.266 144.274 144.282 144.289 144.296 144.303 144.309 144.315 144.320 144.325 144.329 144.332 144.334 -9999.000 -9999.000 -9999.000 -9999.000 -9999.000 -9999.000 -9999.000 -9999.000 -9999.000 -9999.000 -9999.000 -9999.000 -9999.000 -9999.000 -9999.000 -9999.000 -9999.000
143.925 143.933 143.942 143.951 143.960 143.970 143.979 143.988 143.998 144.007 144.017 144.026 144.036 144.046 144.055 144.065 144.075 144.085 144.094 144.104 144.113 144.123 144.133 144.142 144.152 144.162 144.172 144.182 144.192 144.202 144.214 144.224 144.233 144.242 144.250 144.258 144.266 144.274 144.281 144.287 144.293 144.299 144.305 144.309 144.313 144.317 144.319 -9999.000 -9999.000 -9999.000 -9999.000 -9999.000 -9999.000 -9999.000 -9999.000 -9999.000 -9999.000 -9999.000 -9999.000 -9999.000 -9999.000 -9999.000 -9999.000 -9999.000
143.920 143.929 143.938 143.947 143.956 143.965 143.974 143.983 143.992 144.001 144.011 144.020 144.030 144.039 144.048 144.058 144.067 144.076 144.086 144.095 144.104 144.113 144.122 144.131 144.140 144.149 144.158 144.168 144.177 144.187 144.199 144.208 144.218 144.227 144.235 144.243 144.251 144.259 144.266 144.272 144.278 144.284 144.289 144.294 144.299 144.303 144.307 144.307 144.307 144.307 -9999.000 -9999.000 -9999.000 -9999.000 -9999.000 -9999.000 -9999.000 -9999.000 -9999.000 -9999.000 -9999.000 -9999.000 -9999.000 -9999.000
143.916 143.925 143.933 143.942 143.951 143.960 143.969 143.978 143.987 143.996 144.005 144.014 144.023 144.032 144.041 144.050 144.059 144.068 144.077 144.086 144.095 144.103 144.112 144.120 144.128 144.137 144.145 144.153 144.162 144.170 144.184 144.193 144.203 144.212 144.220 144.229 144.237 144.244 144.251 144.258 144.264 144.269 144.275 144.279 144.284 144.290 144.298 -9999.000 -9999.000 -9999.000 -9999.000 -9999.000 -9999.000 -9999.000 -9999.000 -9999.000 -9999.000 -9999.000 -9999.000 -9999.000 -9999.000 -9999.000 -9999.000 -9999.000
143.912 143.921 143.929 143.938 143.946 143.955 143.964 143.972 143.981 143.990 143.999 144.008 144.017 144.026 144.034 144.043 144.052 144.060 144.069 144.077 144.085 144.093 144.101 144.109 144.117 144.124 144.132 144.139 144.147 144.155 144.167 144.178 144.188 144.197 144.206 144.215 144.222 144.230 144.237 144.243 144.249 144.255 144.260 144.265 144.269 144.273 -9999.000 -9999.000 -9999.000 -9999.000 -9999.000 -9999.000 -9999.000 -9999.000 -9999.000 -9999.000 -9999.000 -9999.000 -9999.000 -9999.000 -9999.000 -9999.000 -9999.000 -9999.000
143.908 143.917 143.925 143.933 143.942 143.950 143.959 143.967 143.976 143.985 143.994 144.002 144.011 144.019 144.028 144.036 144.045 144.053 144.061 144.069 144.076 144.084 144.091 144.098 144.105 144.112 144.118 144.125 144.132 144.140 144.152 144.163 144.173 144.183 144.192 144.201 144.209 144.216 144.223 144.230 144.236 144.241 144.246 144.251 144.256 144.260 -9999.000 -9999.000 -9999.000 -9999.000 -9999.000 -9999.000 -9999.000 -9999.000 -9999.000 -9999.000 -9999.000 -9999.000 -9999.000 -9999.000 -9999.000 -9999.000 -9999.000 -9999.000
143.905 143.913 143.921 143.929 143.937 143.946 143.954 143.963 143.971 143.980 143.988 143.997 144.005 144.013 144.022 144.030 144.038 144.046 144.053 144.061 144.068 144.075 144.081 144.088 144.094 144.099 144.105 144.110 144.116 144.126 144.138 144.149 144.160 144.170 144.179 144.188 144.196 144.203 144.210 144.216 144.222 144.227 144.232 144.237 144.242 144.251 -9999.000 -9999.000 -9999.000 -9999.000 -9999.000 -9999.000 -9999.000 -9999.000 -9999.000 -9999.000 -9999.000 -9999.000 -9999.000 -9999.000 -9999.000 -9999.000 -9999.000 -9999.000
143.901 143.909 143.917 143.925 143.933 143.942 143.950 143.958 143.966 143.975 143.983 143.991 143.999 144.007 144.015 144.023 144.031 144.039 144.046 144.053 144.060 144.066 144.072 144.078 144.083 144.087 144.091 144.095 144.097 144.111 144.124 144.136 144.147 144.157 144.167 144.175 144.183 144.191 144.198 144.204 144.209 144.214 144.219 144.222 144.225 -9999.000 -9999.000 -9999.000 -9999.000 -9999.000 -9999.000 -9999.000 -9999.000 -9999.000 -9999.000 -9999.000 -9999.000 -9999.000 -9999.000 -9999.000 -9999.000 -9999.000 -9999.000 -9999.000
143.897 143.905 143.913 143.921 143.929 143.937 143.946 143.954 143.962 143.970 143.978 143.986 143.994 144.002 144.010 144.017 144.025 144.032 144.039 144.045 144.052 144.058 144.063 144.068 144.072 144.076 144.079 144.081 144.083 144.097 144.111 144.123 144.135 144.145 144.155 144.164 144.172 144.179 144.186 144.192 144.197 144.202 144.206 144.209 144.211 -9999.000 -9999.000 -9999.000 -9999.000 -9999.000 -9999.000 -9999.000 -9999.000 -9999.000 -9999.000 -9999.000 -9999.000 -9999.000 -9999.000 -9999.000 -9999.000 -9999.000 -9999.000 -9999.000
143.894 143.902 143.910 143.918 143.926 143.933 143.941 143.949 143.957 143.965 143.973 143.981 143.989 143.997 144.004 144.012 144.019 144.026 144.032 144.039 144.045 144.050 144.055 144.059 144.062 144.065 144.067 144.068 144.069 144.084 144.099 144.112 144.124 144.134 144.144 144.153 144.161 144.168 144.175 144.180 144.186 144.190 144.194 144.197 144.199 -9999.000 -9999.000 -9999.000 -9999.000 -9999.000 -9999.000 -9999.000 -9999.000 -9999.000 -9999.000 -9999.000 -9999.000 -9999.000 -9999.000 -9999.000 -9999.000 -9999.000 -9999.000 -9999.000
143.891 143.899 143.906 143.914 143.922 143.930 143.938 143.945 143.953 143.961 143.969 143.977 143.984 143.992 143.999 144.006 144.013 144.020 144.026 144.032 144.038 144.043 144.047 144.051 144.054 144.055 144.055 144.055 144.055 144.073 144.088 144.102 144.114 144.125 144.134 144.143 144.151 144.158 144.164 144.170 144.175 144.179 144.183 144.186 144.188 -9999.000 -9999.000 -9999.000 -9999.000 -9999.000 -9999.000 -9999.000 -9999.000 -9999.000 -9999.000 -9999.000 -9999.000 -9999.000 -9999.000 -9999.000 -9999.000 -9999.000 -9999.000 -9999.000
143.888 143.896 143.903 143.911 143.919 143.926 143.934 143.942 143.949 143.957 143.965 143.972 143.980 143.987 143.994 144.001 144.008 144.014 144.021 144.026 144.032 144.037 144.041 144.044 144.046 144.046 144.045 144.041 144.041 144.064 144.080 144.094 144.106 144.116 144.125 144.134 144.141 144.148 144.154 144.160 144.165 144.169 144.173 144.176 144.179 -9999.000 -9999.000 -9999.000 -9999.000 -9999.000 -9999.000 -9999.000 -9999.000 -9999.000 -9999.000 -9999.000 -9999.000 -9999.000 -9999.000 -9999.000 -9999.000 -9999.000 -9999.000 -9999.000
