LISFLOOD/results/run8.inittm
ncols         138
nrows         103
xllcorner     341179.518085
yllcorner     4516709.658735
cellsize      30.000000
NODATA_value  -9999.000000
[rows 62 to 92 of 103, columns 0 to 68 of 138]
-9999.000 -9999.000 -9999.000 -9999.000 -9999.000 -9999.000 -9999.000 -9999.000 -9999.000 -9999.000 -9999.000 -9999.000 -9999.000 -9999.000 -9999.000 -9999.000 -9999.000 -9999.000 -9999.000 23.842 21.309 22.535 17.637 15.159 14.514 13.827 11.864 11.568 11.457 11.304 10.250 10.243 9.684 8.921 8.741 8.572 8.459 8.336 8.247 7.597 7.051 6.584 6.239 5.996 5.803 5.592 5.266 4.993 4.825 4.807 4.924 5.592 5.557 5.496 5.433 5.351 4.973 4.047 3.519 3.178 2.801 2.556 2.259 2.271 2.269 2.343 2.522 2.454 1.486
-9999.000 -9999.000 -9999.000 -9999.000 -9999.000 -9999.000 -9999.000 -9999.000 -9999.000 -9999.000 -9999.000 -9999.000 -9999.000 -9999.000 -9999.000 -9999.000 -9999.000 -9999.000 25.633 22.145 19.236 17.275 15.201 14.521 14.394 13.784 11.831 11.637 11.451 10.988 10.073 9.939 9.746 9.727 9.887 8.964 8.483 8.143 7.360 6.783 6.606 6.489 6.319 6.046 5.780 5.600 5.311 5.058 4.904 4.876 5.099 5.823 5.756 5.686 5.620 5.472 4.891 3.911 3.417 2.897 2.673 2.427 2.224 2.225 2.211 2.272 2.682 1.903 1.511
-9999.000 -9999.000 -9999.000 -9999.000 -9999.000 -9999.000 -9999.000 -9999.000 -9999.000 -9999.000 -9999.000 -9999.000 -9999.000 -9999.000 -9999.000 -9999.000 -9999.000 -9999.000 26.682 26.338 26.453 20.941 17.553 15.356 14.147 13.438 11.650 11.333 11.218 11.131 11.322 11.066 10.286 9.209 8.666 7.815 7.612 7.377 7.190 6.864 6.644 6.484 6.311 6.102 5.770 5.566 5.189 5.076 5.008 5.016 5.342 5.944 5.952 5.884 5.813 5.630 4.738 3.758 3.256 2.718 2.613 2.324 2.188 2.186 2.166 2.207 2.527 1.588 1.537
-9999.000 -9999.000 -9999.000 -9999.000 -9999.000 -9999.000 -9999.000 -9999.000 -9999.000 -9999.000 -9999.000 -9999.000 -9999.000 -9999.000 -9999.000 -9999.000 -9999.000 -9999.000 -9999.000 -9999.000 -9999.000 24.849 19.730 16.102 14.562 14.887 15.202 15.080 14.456 13.436 12.937 12.603 10.689 9.423 8.731 8.099 7.527 7.353 7.329 7.008 6.791 6.543 6.317 6.034 5.669 5.333 5.154 5.117 5.045 5.134 5.627 6.016 6.072 6.002 5.929 5.709 4.557 3.554 3.041 2.618 2.561 2.216 2.154 2.144 2.107 2.146 2.192 1.570 1.541
-9999.000 -9999.000 -9999.000 -9999.000 -9999.000 -9999.000 -9999.000 -9999.000 -9999.000 -9999.000 -9999.000 -9999.000 -9999.000 -9999.000 -9999.000 -9999.000 -9999.000 -9999.000 -9999.000 -9999.000 25.201 24.726 24.556 -9999.000 -9999.000 25.429 17.991 14.677 14.586 14.510 14.354 13.891 11.228 9.522 8.842 8.292 7.846 7.299 7.048 7.021 6.802 6.626 6.307 5.989 5.541 5.307 5.192 5.215 5.118 5.186 5.777 6.158 6.208 6.134 6.046 5.639 4.188 3.255 2.801 2.611 2.511 2.147 2.124 2.104 2.058 2.095 1.981 1.585 1.549
-9999.000 -9999.000 -9999.000 -9999.000 -9999.000 -9999.000 -9999.000 -9999.000 -9999.000 -9999.000 -9999.000 -9999.000 -9999.000 -9999.000 -9999.000 -9999.000 -9999.000 -9999.000 -9999.000 -9999.000 -9999.000 -9999.000 -9999.000 -9999.000 -9999.000 -9999.000 23.884 14.742 14.621 14.454 13.737 12.447 10.463 9.722 9.297 8.452 7.825 7.087 6.766 6.786 6.761 6.517 6.237 5.815 5.512 5.341 5.231 5.239 5.205 5.233 5.850 6.229 6.471 6.389 6.268 5.416 3.808 2.948 2.688 2.585 2.460 2.092 2.063 2.045 2.012 2.071 1.671 1.584 1.553
-9999.000 -9999.000 -9999.000 -9999.000 -9999.000 -9999.000 -9999.000 -9999.000 -9999.000 -9999.000 -9999.000 -9999.000 -9999.000 -9999.000 -9999.000 -9999.000 -9999.000 -9999.000 -9999.000 -9999.000 -9999.000 -9999.000 -9999.000 -9999.000 -9999.000 -9999.000 -9999.000 27.652 22.770 19.596 17.088 15.573 10.476 10.171 9.751 8.662 7.949 7.160 6.692 6.526 6.482 6.372 6.220 5.813 5.567 5.343 5.271 5.348 5.273 5.276 5.918 6.369 6.702 6.616 6.472 4.884 3.378 2.705 2.574 2.457 2.427 2.043 2.012 1.988 1.969 1.981 1.620 1.592 1.540
-9999.000 -9999.000 -9999.000 -9999.000 -9999.000 -9999.000 -9999.000 -9999.000 -9999.000 -9999.000 -9999.000 -9999.000 -9999.000 -9999.000 -9999.000 -9999.000 -9999.000 -9999.000 -9999.000 -9999.000 -9999.000 -9999.000 -9999.000 -9999.000 -9999.000 -9999.000 -9999.000 -9999.000 -9999.000 -9999.000 23.406 19.591 11.693 10.036 9.332 8.667 8.012 7.198 6.698 6.489 6.291 6.200 5.979 5.729 5.576 5.404 5.334 5.444 5.344 5.405 6.031 6.517 7.119 7.244 6.861 4.193 3.079 2.627 2.524 2.444 2.388 2.022 1.987 1.959 1.932 1.885 1.606 1.581 1.513
-9999.000 -9999.000 -9999.000 -9999.000 -9999.000 -9999.000 -9999.000 -9999.000 -9999.000 -9999.000 -9999.000 -9999.000 -9999.000 -9999.000 -9999.000 -9999.000 -9999.000 -9999.000 -9999.000 -9999.000 -9999.000 -9999.000 -9999.000 -9999.000 -9999.000 -9999.000 -9999.000 -9999.000 -9999.000 -9999.000 -9999.000 -9999.000 13.586 9.815 9.228 8.667 8.023 7.305 6.767 6.506 6.318 6.089 5.930 5.808 5.689 5.481 5.416 5.498 5.399 5.657 6.111 6.353 7.024 8.078 7.253 3.971 2.921 2.606 2.519 2.479 2.336 2.071 2.077 2.049 2.021 1.738 1.605 1.580 1.522
-9999.000 -9999.000 -9999.000 -9999.000 -9999.000 -9999.000 -9999.000 -9999.000 -9999.000 -9999.000 -9999.000 -9999.000 -9999.000 -9999.000 -9999.000 -9999.000 -9999.000 -9999.000 -9999.000 -9999.000 -9999.000 -9999.000 -9999.000 -9999.000 -9999.000 -9999.000 -9999.000 -9999.000 -9999.000 -9999.000 -9999.000 -9999.000 16.556 9.658 9.008 8.563 8.187 7.346 6.875 6.579 6.413 6.178 5.937 5.813 5.678 5.525 5.496 5.525 5.454 5.822 5.941 6.182 6.809 7.729 6.237 4.397 2.820 2.534 2.465 2.467 2.266 2.108 2.088 2.068 2.051 1.655 1.603 1.572 1.539
-9999.000 -9999.000 -9999.000 -9999.000 -9999.000 -9999.000 -9999.000 -9999.000 -9999.000 -9999.000 -9999.000 -9999.000 -9999.000 -9999.000 -9999.000 -9999.000 -9999.000 -9999.000 -9999.000 -9999.000 -9999.000 -9999.000 -9999.000 -9999.000 -9999.000 -9999.000 -9999.000 -9999.000 -9999.000 -9999.000 -9999.000 26.725 15.967 9.792 8.874 8.602 8.366 7.363 6.929 6.614 6.397 6.230 6.051 5.741 5.657 5.573 5.566 5.564 5.573 5.879 5.835 6.060 6.588 6.430 4.470 3.208 2.660 2.585 2.447 2.388 2.187 2.092 2.063 2.034 1.994 1.636 1.615 1.579 1.562
-9999.000 -9999.000 -9999.000 -9999.000 -9999.000 -9999.000 -9999.000 -9999.000 -9999.000 -9999.000 -9999.000 -9999.000 -9999.000 -9999.000 -9999.000 -9999.000 -9999.000 -9999.000 -9999.000 -9999.000 -9999.000 -9999.000 -9999.000 -9999.000 -9999.000 -9999.000 -9999.000 -9999.000 -9999.000 -9999.000 23.936 18.202 13.281 9.552 8.772 8.502 8.102 7.374 6.869 6.514 6.332 6.163 6.022 5.746 5.691 5.633 5.622 5.596 5.612 5.777 5.739 5.971 5.889 5.297 3.436 2.848 2.667 2.642 2.662 2.493 2.203 2.187 2.162 2.129 1.881 1.662 1.639 1.603 1.587
-9999.000 -9999.000 -9999.000 -9999.000 -9999.000 -9999.000 -9999.000 -9999.000 -9999.000 -9999.000 -9999.000 -9999.000 -9999.000 -9999.000 -9999.000 -9999.000 -9999.000 -9999.000 -9999.000 -9999.000 -9999.000 -9999.000 -9999.000 -9999.000 -9999.000 -9999.000 -9999.000 -9999.000 -9999.000 -9999.000 21.436 15.482 11.931 9.274 8.575 8.050 7.668 7.292 6.843 6.414 6.231 6.071 5.932 5.772 5.737 5.693 5.673 5.629 5.655 5.638 5.617 5.613 5.564 4.223 3.093 2.761 2.705 2.840 2.697 2.452 2.226 2.346 2.311 2.268 1.752 1.678 1.657 1.629 1.608
-9999.000 -9999.000 -9999.000 -9999.000 -9999.000 -9999.000 -9999.000 -9999.000 -9999.000 -9999.000 -9999.000 -9999.000 -9999.000 -9999.000 -9999.000 -9999.000 -9999.000 -9999.000 -9999.000 -9999.000 -9999.000 -9999.000 -9999.000 -9999.000 -9999.000 -9999.000 -9999.000 -9999.000 -9999.000 26.596 21.190 12.507 10.157 9.121 8.327 7.732 7.178 6.667 6.756 6.479 6.377 6.294 6.073 5.668 5.705 5.757 5.697 5.668 5.630 5.589 5.552 5.541 5.139 3.479 2.913 2.753 2.726 2.699 2.622 2.317 2.259 2.355 2.315 2.266 1.722 1.697 1.676 1.651 1.609
-9999.000 -9999.000 -9999.000 -9999.000 -9999.000 -9999.000 -9999.000 -9999.000 -9999.000 -9999.000 -9999.000 -9999.000 -9999.000 -9999.000 -9999.000 -9999.000 -9999.000 -9999.000 -9999.000 -9999.000 -9999.000 -9999.000 -9999.000 -9999.000 -9999.000 -9999.000 -9999.000 -9999.000 26.046 25.048 21.852 11.759 10.048 9.231 8.438 7.718 6.977 6.516 6.469 6.484 6.453 6.364 6.077 5.566 5.636 5.716 5.740 5.658 5.592 5.543 5.494 5.398 4.272 3.134 2.854 2.759 2.728 2.664 2.540 2.334 2.394 2.483 2.444 2.079 1.741 1.724 1.701 1.643 1.601
-9999.000 -9999.000 -9999.000 -9999.000 -9999.000 -9999.000 -9999.000 -9999.000 -9999.000 -9999.000 -9999.000 -9999.000 -9999.000 -9999.000 -9999.000 -9999.000 -9999.000 -9999.000 -9999.000 -9999.000 -9999.000 -9999.000 -9999.000 -9999.000 -9999.000 -9999.000 -9999.000 -9999.000 26.658 22.102 18.883 12.763 11.190 10.304 9.227 8.166 7.113 6.511 6.237 6.075 5.948 5.752 5.482 5.527 5.661 5.856 5.861 5.781 5.730 5.682 5.624 5.123 3.687 2.994 2.827 2.758 2.715 2.678 2.415 2.398 2.632 2.606 2.610 1.867 1.743 1.708 1.667 1.634 1.616
-9999.000 -9999.000 -9999.000 -9999.000 -9999.000 -9999.000 -9999.000 -9999.000 -9999.000 -9999.000 -9999.000 -9999.000 -9999.000 -9999.000 -9999.000 -9999.000 -9999.000 -9999.000 -9999.000 -9999.000 -9999.000 -9999.000 -9999.000 -9999.000 -9999.000 -9999.000 -9999.000 -9999.000 -9999.000 20.060 16.258 13.804 13.284 11.168 9.812 8.553 7.437 6.815 6.398 6.260 6.206 6.087 5.438 5.527 5.709 5.847 5.802 5.775 5.729 5.674 5.265 4.669 3.746 2.929 2.813 2.783 2.756 2.502 2.434 2.638 2.598 2.562 2.513 1.744 1.701 1.682 1.663 1.646 1.633
-9999.000 -9999.000 -9999.000 -9999.000 -9999.000 -9999.000 -9999.000 -9999.000 -9999.000 -9999.000 -9999.000 -9999.000 -9999.000 -9999.000 -9999.000 -9999.000 -9999.000 -9999.000 -9999.000 -9999.000 -9999.000 -9999.000 -9999.000 -9999.000 -9999.000 -9999.000 -9999.000 -9999.000 -9999.000 -9999.000 20.180 15.559 13.233 10.782 9.660 8.679 7.743 6.933 6.512 6.152 6.127 5.992 5.372 5.516 5.758 5.800 5.749 5.738 5.732 5.798 4.869 3.629 3.061 2.875 2.834 2.812 2.599 2.517 2.642 2.832 2.792 2.757 2.128 1.741 1.723 1.706 1.688 1.675 1.666
-9999.000 -9999.000 -9999.000 -9999.000 -9999.000 -9999.000 -9999.000 -9999.000 -9999.000 -9999.000 -9999.000 -9999.000 -9999.000 -9999.000 -9999.000 -9999.000 -9999.000 -9999.000 -9999.000 -9999.000 -9999.000 -9999.000 -9999.000 -9999.000 -9999.000 -9999.000 -9999.000 -9999.000 -9999.000 -9999.000 21.172 13.384 11.237 11.091 10.995 10.220 8.697 6.653 6.154 5.878 5.640 5.507 5.328 5.568 5.749 5.696 5.697 5.683 5.653 5.320 4.191 3.264 3.006 2.953 2.859 2.677 2.612 2.622 2.890 2.844 2.814 2.778 1.860 1.757 1.738 1.722 1.714 1.710 1.709
-9999.000 -9999.000 -9999.000 -9999.000 -9999.000 -9999.000 -9999.000 -9999.000 -9999.000 -9999.000 -9999.000 -9999.000 -9999.000 -9999.000 -9999.000 -9999.000 -9999.000 -9999.000 -9999.000 -9999.000 -9999.000 -9999.000 -9999.000 -9999.000 -9999.000 -9999.000 -9999.000 -9999.000 -9999.000 -9999.000 13.907 11.139 11.304 11.321 11.314 10.444 8.757 6.683 6.016 5.648 5.504 5.306 5.272 5.606 5.685 5.623 5.646 5.631 5.604 4.943 3.716 3.070 3.037 2.944 2.729 2.690 2.747 2.923 2.876 2.839 2.809 2.627 1.843 1.786 1.755 1.743 1.734 1.728 1.704
-9999.000 -9999.000 -9999.000 -9999.000 -9999.000 -9999.000 -9999.000 -9999.000 -9999.000 -9999.000 -9999.000 -9999.000 -9999.000 -9999.000 -9999.000 -9999.000 -9999.000 -9999.000 -9999.000 -9999.000 -9999.000 -9999.000 -9999.000 -9999.000 -9999.000 -9999.000 -9999.000 -9999.000 -9999.000 20.232 11.461 10.874 10.764 11.115 10.843 9.908 8.129 6.576 5.897 5.400 5.179 5.102 5.236 5.616 5.614 5.557 5.586 5.567 5.283 4.368 3.307 3.021 2.922 2.761 2.743 2.944 3.030 2.965 2.939 2.913 2.893 2.407 1.818 1.794 1.773 1.759 1.746 1.732 1.717
-9999.000 -9999.000 -9999.000 -9999.000 -9999.000 -9999.000 -9999.000 -9999.000 -9999.000 -9999.000 -9999.000 -9999.000 -9999.000 -9999.000 -9999.000 -9999.000 -9999.000 -9999.000 -9999.000 -9999.000 -9999.000 -9999.000 -9999.000 -9999.000 -9999.000 -9999.000 -9999.000 -9999.000 -9999.000 17.437 11.364 11.179 10.617 9.815 8.889 7.998 7.221 6.138 5.291 4.967 5.127 5.061 5.213 5.416 5.554 5.491 5.512 5.602 4.784 3.501 3.177 2.941 2.808 2.793 3.141 3.144 2.994 2.954 2.915 2.884 2.849 1.881 1.820 1.808 1.804 1.798 1.799 1.816 1.819
-9999.000 -9999.000 -9999.000 -9999.000 -9999.000 -9999.000 -9999.000 -9999.000 -9999.000 -9999.000 -9999.000 -9999.000 -9999.000 -9999.000 -9999.000 -9999.000 -9999.000 -9999.000 -9999.000 -9999.000 -9999.000 -9999.000 -9999.000 -9999.000 -9999.000 -9999.000 -9999.000 -9999.000 -9999.000 25.242 15.986 13.075 11.473 11.003 9.108 8.007 7.027 5.616 5.103 4.882 5.107 4.966 5.107 5.240 5.378 5.338 5.287 5.145 4.649 3.632 3.091 2.852 2.832 3.136 3.260 3.103 3.052 3.028 2.990 2.959 2.653 1.873 1.831 1.818 1.816 1.813 1.859 2.093 2.035
-9999.000 -9999.000 -9999.000 -9999.000 -9999.000 -9999.000 -9999.000 -9999.000 -9999.000 -9999.000 -9999.000 -9999.000 -9999.000 -9999.000 -9999.000 -9999.000 -9999.000 -9999.000 -9999.000 -9999.000 -9999.000 -9999.000 -9999.000 -9999.000 -9999.000 -9999.000 -9999.000 -9999.000 -9999.000 -9999.000 18.559 12.613 11.787 11.727 9.599 7.799 6.893 5.482 4.934 4.807 4.809 4.874 4.952 5.133 5.354 5.297 5.232 4.783 4.521 3.758 2.924 2.871 3.066 3.290 3.259 3.081 3.049 3.019 2.995 3.009 2.356 1.879 1.842 1.832 1.829 1.827 1.874 1.994 1.966
-9999.000 -9999.000 -9999.000 -9999.000 -9999.000 -9999.000 -9999.000 -9999.000 -9999.000 -9999.000 -9999.000 -9999.000 -9999.000 -9999.000 -9999.000 -9999.000 -9999.000 -9999.000 -9999.000 -9999.000 -9999.000 -9999.000 -9999.000 -9999.000 -9999.000 -9999.000 -9999.000 -9999.000 -9999.000 17.441 13.963 11.942 11.671 11.783 10.078 7.339 6.351 5.159 4.748 4.673 4.636 4.788 4.897 5.394 5.486 5.281 5.047 4.651 4.294 3.271 2.938 2.946 3.306 3.339 3.216 3.055 3.022 2.989 2.964 2.898 2.137 1.881 1.856 1.847 1.847 1.848 1.870 1.913 1.950
-9999.000 -9999.000 -9999.000 -9999.000 -9999.000 -9999.000 -9999.000 -9999.000 -9999.000 -9999.000 -9999.000 -9999.000 -9999.000 -9999.000 -9999.000 -9999.000 -9999.000 -9999.000 -9999.000 -9999.000 -9999.000 -9999.000 -9999.000 -9999.000 -9999.000 -9999.000 -9999.000 -9999.000 16.136 14.330 12.882 11.432 11.225 9.582 7.643 6.666 5.845 4.947 4.692 4.632 4.577 4.841 5.160 5.527 5.459 5.206 4.714 4.133 3.782 3.033 2.965 3.226 3.337 3.312 3.163 3.099 3.142 3.114 3.087 2.664 1.992 1.889 1.872 1.878 1.870 1.870 1.889 1.912 1.975
-9999.000 -9999.000 -9999.000 -9999.000 -9999.000 -9999.000 -9999.000 -9999.000 -9999.000 -9999.000 -9999.000 -9999.000 -9999.000 -9999.000 -9999.000 -9999.000 -9999.000 -9999.000 -9999.000 -9999.000 -9999.000 -9999.000 -9999.000 -9999.000 -9999.000 -9999.000 -9999.000 -9999.000 19.440 15.719 13.808 11.711 10.648 9.201 7.827 6.893 5.616 4.871 4.658 4.599 4.551 4.797 5.107 5.108 4.889 4.658 4.237 3.565 3.462 3.040 3.024 3.336 3.324 3.276 3.174 3.148 3.121 3.096 3.068 2.385 1.949 1.906 1.888 1.899 1.897 1.893 1.909 1.934 1.996
-9999.000 -9999.000 -9999.000 -9999.000 -9999.000 -9999.000 -9999.000 -9999.000 -9999.000 -9999.000 -9999.000 -9999.000 -9999.000 -9999.000 -9999.000 -9999.000 -9999.000 -9999.000 -9999.000 -9999.000 -9999.000 -9999.000 -9999.000 -9999.000 -9999.000 -9999.000 -9999.000 -9999.000 24.277 16.696 14.458 12.197 9.981 8.428 7.379 6.318 5.306 4.892 4.643 4.574 4.529 4.676 4.703 4.692 4.636 4.408 3.989 3.611 3.444 3.061 3.103 3.358 3.336 3.250 3.172 3.138 3.101 3.073 2.803 2.116 1.956 1.926 1.910 1.942 1.923 1.917 1.929 1.990 1.977
-9999.000 -9999.000 -9999.000 -9999.000 -9999.000 -9999.000 -9999.000 -9999.000 -9999.000 -9999.000 -9999.000 -9999.000 -9999.000 -9999.000 -9999.000 -9999.000 -9999.000 -9999.000 -9999.000 -9999.000 -9999.000 -9999.000 -9999.000 -9999.000 -9999.000 -9999.000 -9999.000 -9999.000 20.866 14.019 12.765 11.148 8.576 7.427 6.560 5.823 5.239 4.936 4.646 4.535 4.456 4.433 4.356 4.312 4.312 4.001 3.583 3.456 3.394 3.091 3.136 3.350 3.334 3.234 3.204 3.177 3.157 3.143 2.470 2.054 1.968 1.946 1.938 2.008 1.948 1.943 1.953 2.039 2.016
-9999.000 -9999.000 -9999.000 -9999.000 -9999.000 -9999.000 -9999.000 -9999.000 -9999.000 -9999.000 -9999.000 -9999.000 -9999.000 -9999.000 -9999.000 -9999.000 -9999.000 -9999.000 -9999.000 -9999.000 -9999.000 -9999.000 -9999.000 -9999.000 -9999.000 -9999.000 -9999.000 -9999.000 20.633 14.890 12.062 9.827 8.294 7.404 6.622 5.725 5.208 4.987 4.696 4.649 4.598 4.420 4.360 4.279 4.252 3.584 3.559 3.526 3.456 3.134 3.150 3.322 3.307 3.223 3.190 3.155 3.130 3.048 2.244 2.049 1.989 1.968 1.966 2.117 2.000 1.971 1.993 2.047 2.021
-9999.000 -9999.000 -9999.000 -9999.000 -9999.000 -9999.000 -9999.000 -9999.000 -9999.000 -9999.000 -9999.000 -9999.000 -9999.000 -9999.000 -9999.000 -9999.000 -9999.000 -9999.000 -9999.000 -9999.000 -9999.000 -9999.000 -9999.000 -9999.000 -9999.000 -9999.000 -9999.000 -9999.000 24.686 16.608 12.526 9.651 8.188 7.243 6.362 5.607 5.211 5.032 4.803 4.922 4.987 4.933 4.729 4.581 4.052 3.639 3.651 3.552 3.473 3.152 3.184 3.343 3.321 3.313 3.428 3.518 3.472 2.793 2.168 2.043 2.012 1.996 1.995 2.092 2.052 2.021 2.067 2.048 2.025
