LISFLOOD/results/run8.mxe
ncols         138
nrows         103
xllcorner     341179.518085
yllcorner     4516709.658735
cellsize      30.000000
NODATA_value  -9999.000000
[rows 56 to 83 of 103, columns 0 to 63 of 138]
-9999.000 -9999.000 -9999.000 -9999.000 -9999.000 -9999.000 -9999.000 -9999.000 -9999.000 -9999.000 -9999.000 -9999.000 -9999.000 -9999.000 -9999.000 -9999.000 -9999.000 -9999.000 -9999.000 -9999.000 -9999.000 -9999.000 -9999.000 -9999.000 -9999.000 -9999.000 -9999.000 -9999.000 -9999.000 -9999.000 -9999.000 -9999.000 143.786 143.790 143.793 143.796 143.800 143.804 143.808 143.812 143.817 143.822 143.828 143.834 143.840 143.846 143.852 143.859 143.866 143.873 143.880 143.888 143.896 143.904 143.913 143.921 143.930 143.939 143.949 143.958 143.968 143.978 143.989 143.999
-9999.000 -9999.000 -9999.000 -9999.000 -9999.000 -9999.000 -9999.000 -9999.000 -9999.000 -9999.000 -9999.000 -9999.000 -9999.000 -9999.000 -9999.000 -9999.000 -9999.000 -9999.000 -9999.000 -9999.000 -9999.000 -9999.000 -9999.000 -9999.000 -9999.000 -9999.000 -9999.000 -9999.000 -9999.000 -9999.000 -9999.000 143.776 143.782 143.785 143.789 143.792 143.796 143.800 143.804 143.809 143.814 143.819 143.824 143.830 143.836 143.842 143.848 143.855 143.862 143.869 143.876 143.884 143.892 143.900 143.908 143.917 143.926 143.935 143.944 143.953 143.963 143.973 143.984 143.994
-9999.000 -9999.000 -9999.000 -9999.000 -9999.000 -9999.000 -9999.000 -9999.000 -9999.000 -9999.000 -9999.000 -9999.000 -9999.000 -9999.000 -9999.000 -9999.000 -9999.000 -9999.000 -9999.000 -9999.000 -9999.000 -9999.000 -9999.000 -9999.000 -9999.000 -9999.000 -9999.000 -9999.000 -9999.000 -9999.000 143.767 143.771 143.776 143.781 143.785 143.788 143.792 143.796 143.801 143.805 143.810 143.815 143.821 143.826 143.832 143.838 143.844 143.851 143.858 143.865 143.872 143.880 143.887 143.895 143.904 143.912 143.921 143.930 143.939 143.949 143.958 143.968 143.978 143.989
-9999.000 -9999.000 -9999.000 -9999.000 -9999.000 -9999.000 -9999.000 -9999.000 -9999.000 -9999.000 -9999.000 -9999.000 -9999.000 -9999.000 -9999.000 -9999.000 -9999.000 -9999.000 -9999.000 -9999.000 -9999.000 -9999.000 -9999.000 -9999.000 -9999.000 143.747 143.749 143.752 143.755 143.759 143.764 143.768 143.773 143.777 143.781 143.785 143.789 143.793 143.797 143.802 143.807 143.812 143.817 143.822 143.828 143.834 143.840 143.847 143.854 143.861 143.868 143.875 143.883 143.891 143.899 143.908 143.916 143.925 143.934 143.944 143.953 143.963 143.973 143.983
-9999.000 -9999.000 -9999.000 -9999.000 -9999.000 -9999.000 -9999.000 -9999.000 -9999.000 -9999.000 -9999.000 -9999.000 -9999.000 -9999.000 -9999.000 -9999.000 -9999.000 -9999.000 -9999.000 -9999.000 -9999.000 -9999.000 -9999.000 143.733 143.744 143.746 143.748 143.751 143.754 143.758 143.762 143.766 143.770 143.774 143.778 143.782 143.786 143.790 143.794 143.799 143.803 143.808 143.813 143.819 143.825 143.831 143.837 143.843 143.850 143.857 143.864 143.871 143.879 143.887 143.895 143.903 143.912 143.921 143.930 143.939 143.948 143.958 143.968 143.978
-9999.000 -9999.000 -9999.000 -9999.000 -9999.000 -9999.000 -9999.000 -9999.000 -9999.000 -9999.000 -9999.000 -9999.000 -9999.000 -9999.000 -9999.000 -9999.000 -9999.000 -9999.000 -9999.000 -9999.000 -9999.000 -9999.000 143.740 143.741 143.743 143.745 143.748 143.750 143.753 143.756 143.760 143.764 143.767 143.771 143.775 143.779 143.783 143.787 143.791 143.795 143.800 143.805 143.810 143.815 143.821 143.827 143.833 143.839 143.846 143.853 143.860 143.867 143.875 143.883 143.891 143.899 143.907 143.916 143.925 143.934 143.944 143.953 143.963 143.973
-9999.000 -9999.000 -9999.000 -9999.000 -9999.000 -9999.000 -9999.000 -9999.000 -9999.000 -9999.000 -9999.000 -9999.000 -9999.000 -9999.000 -9999.000 -9999.000 -9999.000 -9999.000 -9999.000 143.736 143.737 143.738 143.739 143.741 143.743 143.745 143.747 143.750 143.752 143.755 143.758 143.762 143.765 143.769 143.772 143.776 143.780 143.784 143.788 143.792 143.797 143.802 143.807 143.812 143.818 143.823 143.830 143.836 143.842 143.849 143.856 143.863 143.871 143.879 143.886 143.895 143.903 143.912 143.921 143.930 143.939 143.948 143.958 143.968
-9999.000 -9999.000 -9999.000 -9999.000 -9999.000 -9999.000 -9999.000 -9999.000 -9999.000 -9999.000 -9999.000 -9999.000 -9999.000 -9999.000 -9999.000 -9999.000 -9999.000 -9999.000 143.735 143.736 143.737 143.738 143.739 143.741 143.743 143.745 143.747 143.749 143.752 143.754 143.757 143.760 143.763 143.766 143.770 143.773 143.777 143.781 143.785 143.789 143.794 143.799 143.804 143.809 143.814 143.820 143.826 143.832 143.839 143.845 143.852 143.859 143.867 143.874 143.882 143.890 143.899 143.907 143.916 143.925 143.934 143.944 143.953 143.963
-9999.000 -9999.000 -9999.000 -9999.000 -9999.000 -9999.000 -9999.000 -9999.000 -9999.000 -9999.000 -9999.000 -9999.000 -9999.000 -9999.000 -9999.000 -9999.000 -9999.000 -9999.000 143.734 143.735 143.736 143.738 143.739 143.740 143.742 143.744 143.747 143.749 143.751 143.753 143.756 143.759 143.762 143.765 143.768 143.771 143.775 143.778 143.782 143.787 143.791 143.796 143.801 143.806 143.811 143.817 143.823 143.829 143.835 143.842 143.849 143.856 143.863 143.870 143.878 143.886 143.894 143.903 143.912 143.920 143.929 143.939 143.948 143.958
-9999.000 -9999.000 -9999.000 -9999.000 -9999.000 -9999.000 -9999.000 -9999.000 -9999.000 -9999.000 -9999.000 -9999.000 -9999.000 -9999.000 -9999.000 -9999.000 -9999.000 -9999.000 -9999.000 -9999.000 -9999.000 143.738 143.739 143.740 143.742 143.745 143.747 143.749 143.751 143.753 143.755 143.758 143.760 143.763 143.766 143.769 143.772 143.776 143.780 143.784 143.788 143.793 143.798 143.803 143.808 143.813 143.819 143.825 143.832 143.838 143.845 143.852 143.859 143.867 143.874 143.882 143.890 143.899 143.907 143.916 143.925 143.934 143.943 143.953
-9999.000 -9999.000 -9999.000 -9999.000 -9999.000 -9999.000 -9999.000 -9999.000 -9999.000 -9999.000 -9999.000 -9999.000 -9999.000 -9999.000 -9999.000 -9999.000 -9999.000 -9999.000 -9999.000 -9999.000 143.737 143.737 143.738 143.719 -9999.000 143.746 143.747 143.749 143.751 143.752 143.754 143.757 143.759 143.761 143.764 143.767 143.770 143.773 143.777 143.781 143.785 143.790 143.795 143.800 143.805 143.810 143.816 143.822 143.828 143.835 143.841 143.848 143.855 143.863 143.870 143.878 143.886 143.894 143.903 143.911 143.920 143.929 143.939 143.948
-9999.000 -9999.000 -9999.000 -9999.000 -9999.000 -9999.000 -9999.000 -9999.000 -9999.000 -9999.000 -9999.000 -9999.000 -9999.000 -9999.000 -9999.000 -9999.000 -9999.000 -9999.000 -9999.000 -9999.000 -9999.000 -9999.000 -9999.000 -9999.000 -9999.000 -9999.000 143.748 143.749 143.751 143.752 143.754 143.756 143.758 143.760 143.762 143.765 143.768 143.771 143.775 143.779 143.783 143.787 143.792 143.797 143.802 143.807 143.813 143.819 143.825 143.831 143.838 143.845 143.852 143.859 143.867 143.874 143.882 143.890 143.899 143.907 143.916 143.925 143.934 143.943
-9999.000 -9999.000 -9999.000 -9999.000 -9999.000 -9999.000 -9999.000 -9999.000 -9999.000 -9999.000 -9999.000 -9999.000 -9999.000 -9999.000 -9999.000 -9999.000 -9999.000 -9999.000 -9999.000 -9999.000 -9999.000 -9999.000 -9999.000 -9999.000 -9999.000 -9999.000 -9999.000 143.733 143.751 143.752 143.754 143.755 143.757 143.758 143.760 143.763 143.766 143.769 143.772 143.776 143.780 143.784 143.789 143.794 143.799 143.804 143.810 143.816 143.822 143.828 143.834 143.841 143.848 143.855 143.863 143.870 143.878 143.886 143.894 143.903 143.911 143.920 143.929 143.938
-9999.000 -9999.000 -9999.000 -9999.000 -9999.000 -9999.000 -9999.000 -9999.000 -9999.000 -9999.000 -9999.000 -9999.000 -9999.000 -9999.000 -9999.000 -9999.000 -9999.000 -9999.000 -9999.000 -9999.000 -9999.000 -9999.000 -9999.000 -9999.000 -9999.000 -9999.000 -9999.000 -9999.000 -9999.000 -9999.000 143.754 143.755 143.756 143.757 143.759 143.761 143.764 143.767 143.770 143.774 143.778 143.782 143.786 143.791 143.796 143.801 143.807 143.813 143.818 143.825 143.831 143.838 143.845 143.852 143.859 143.867 143.874 143.882 143.890 143.899 143.907 143.916 143.925 143.934
-9999.000 -9999.000 -9999.000 -9999.000 -9999.000 -9999.000 -9999.000 -9999.000 -9999.000 -9999.000 -9999.000 -9999.000 -9999.000 -9999.000 -9999.000 -9999.000 -9999.000 -9999.000 -9999.000 -9999.000 -9999.000 -9999.000 -9999.000 -9999.000 -9999.000 -9999.000 -9999.000 -9999.000 -9999.000 -9999.000 -9999.000 -9999.000 143.754 143.755 143.757 143.759 143.762 143.765 143.768 143.771 143.775 143.779 143.784 143.788 143.793 143.798 143.804 143.810 143.815 143.822 143.828 143.834 143.841 143.848 143.856 143.863 143.871 143.878 143.886 143.895 143.903 143.912 143.920 143.929
-9999.000 -9999.000 -9999.000 -9999.000 -9999.000 -9999.000 -9999.000 -9999.000 -9999.000 -9999.000 -9999.000 -9999.000 -9999.000 -9999.000 -9999.000 -9999.000 -9999.000 -9999.000 -9999.000 -9999.000 -9999.000 -9999.000 -9999.000 -9999.000 -9999.000 -9999.000 -9999.000 -9999.000 -9999.000 -9999.000 -9999.000 -9999.000 143.752 143.753 143.755 143.757 143.760 143.762 143.766 143.769 143.773 143.777 143.781 143.786 143.791 143.796 143.801 143.807 143.812 143.818 143.825 143.831 143.838 143.845 143.852 143.859 143.867 143.875 143.883 143.891 143.899 143.907 143.916 143.925
-9999.000 -9999.000 -9999.000 -9999.000 -9999.000 -9999.000 -9999.000 -9999.000 -9999.000 -9999.000 -9999.000 -9999.000 -9999.000 -9999.000 -9999.000 -9999.000 -9999.000 -9999.000 -9999.000 -9999.000 -9999.000 -9999.000 -9999.000 -9999.000 -9999.000 -9999.000 -9999.000 -9999.000 -9999.000 -9999.000 -9999.000 143.746 143.750 143.751 143.753 143.755 143.758 143.760 143.763 143.767 143.771 143.775 143.779 143.783 143.788 143.793 143.798 143.804 143.810 143.816 143.822 143.828 143.835 143.842 143.849 143.856 143.863 143.871 143.879 143.887 143.895 143.903 143.912 143.920
-9999.000 -9999.000 -9999.000 -9999.000 -9999.000 -9999.000 -9999.000 -9999.000 -9999.000 -9999.000 -9999.000 -9999.000 -9999.000 -9999.000 -9999.000 -9999.000 -9999.000 -9999.000 -9999.000 -9999.000 -9999.000 -9999.000 -9999.000 -9999.000 -9999.000 -9999.000 -9999.000 -9999.000 -9999.000 -9999.000 143.743 143.745 143.747 143.749 143.751 143.753 143.756 143.758 143.761 143.765 143.768 143.772 143.776 143.781 143.785 143.790 143.796 143.801 143.807 143.813 143.819 143.825 143.832 143.838 143.845 143.852 143.860 143.867 143.875 143.883 143.891 143.899 143.908 143.916
-9999.000 -9999.000 -9999.000 -9999.000 -9999.000 -9999.000 -9999.000 -9999.000 -9999.000 -9999.000 -9999.000 -9999.000 -9999.000 -9999.000 -9999.000 -9999.000 -9999.000 -9999.000 -9999.000 -9999.000 -9999.000 -9999.000 -9999.000 -9999.000 -9999.000 -9999.000 -9999.000 -9999.000 -9999.000 -9999.000 143.743 143.744 143.745 143.747 143.749 143.751 143.753 143.756 143.759 143.763 143.766 143.770 143.774 143.778 143.783 143.788 143.793 143.798 143.804 143.810 143.816 143.822 143.829 143.835 143.842 143.849 143.856 143.864 143.872 143.879 143.887 143.895 143.904 143.912
-9999.000 -9999.000 -9999.000 -9999.000 -9999.000 -9999.000 -9999.000 -9999.000 -9999.000 -9999.000 -9999.000 -9999.000 -9999.000 -9999.000 -9999.000 -9999.000 -9999.000 -9999.000 -9999.000 -9999.000 -9999.000 -9999.000 -9999.000 -9999.000 -9999.000 -9999.000 -9999.000 -9999.000 -9999.000 143.739 143.741 143.742 143.744 143.745 143.747 143.749 143.752 143.754 143.757 143.760 143.764 143.768 143.772 143.776 143.781 143.785 143.791 143.796 143.801 143.807 143.813 143.819 143.826 143.832 143.839 143.846 143.853 143.861 143.868 143.876 143.884 143.892 143.900 143.908
-9999.000 -9999.000 -9999.000 -9999.000 -9999.000 -9999.000 -9999.000 -9999.000 -9999.000 -9999.000 -9999.000 -9999.000 -9999.000 -9999.000 -9999.000 -9999.000 -9999.000 -9999.000 -9999.000 -9999.000 -9999.000 -9999.000 -9999.000 -9999.000 -9999.000 -9999.000 -9999.000 -9999.000 143.737 143.738 143.740 143.741 143.742 143.743 143.745 143.747 143.750 143.752 143.755 143.758 143.762 143.766 143.770 143.774 143.778 143.783 143.788 143.793 143.799 143.805 143.810 143.817 143.823 143.829 143.836 143.843 143.850 143.857 143.865 143.872 143.880 143.888 143.896 143.904
-9999.000 -9999.000 -9999.000 -9999.000 -9999.000 -9999.000 -9999.000 -9999.000 -9999.000 -9999.000 -9999.000 -9999.000 -9999.000 -9999.000 -9999.000 -9999.000 -9999.000 -9999.000 -9999.000 -9999.000 -9999.000 -9999.000 -9999.000 -9999.000 -9999.000 -9999.000 -9999.000 -9999.000 143.736 143.738 143.738 143.739 143.740 143.742 143.744 143.746 143.748 143.750 143.753 143.756 143.760 143.764 143.767 143.772 143.776 143.781 143.786 143.791 143.796 143.802 143.808 143.814 143.820 143.827 143.833 143.840 143.847 143.854 143.861 143.869 143.877 143.884 143.892 143.900
-9999.000 -9999.000 -9999.000 -9999.000 -9999.000 -9999.000 -9999.000 -9999.000 -9999.000 -9999.000 -9999.000 -9999.000 -9999.000 -9999.000 -9999.000 -9999.000 -9999.000 -9999.000 -9999.000 -9999.000 -9999.000 -9999.000 -9999.000 -9999.000 -9999.000 -9999.000 -9999.000 -9999.000 -9999.000 143.737 143.737 143.738 143.739 143.740 143.742 143.744 143.746 143.749 143.751 143.755 143.758 143.762 143.765 143.770 143.774 143.779 143.784 143.789 143.794 143.800 143.805 143.811 143.817 143.824 143.830 143.837 143.844 143.851 143.858 143.866 143.873 143.881 143.889 143.897
-9999.000 -9999.000 -9999.000 -9999.000 -9999.000 -9999.000 -9999.000 -9999.000 -9999.000 -9999.000 -9999.000 -9999.000 -9999.000 -9999.000 -9999.000 -9999.000 -9999.000 -9999.000 -9999.000 -9999.000 -9999.000 -9999.000 -9999.000 -9999.000 -9999.000 -9999.000 -9999.000 -9999.000 -9999.000 -9999.000 143.736 143.736 143.737 143.739 143.740 143.742 143.744 143.747 143.750 143.753 143.756 143.760 143.764 143.768 143.772 143.777 143.781 143.786 143.792 143.797 143.803 143.809 143.815 143.821 143.828 143.834 143.841 143.848 143.855 143.863 143.870 143.878 143.885 143.893
-9999.000 -9999.000 -9999.000 -9999.000 -9999.000 -9999.000 -9999.000 -9999.000 -9999.000 -9999.000 -9999.000 -9999.000 -9999.000 -9999.000 -9999.000 -9999.000 -9999.000 -9999.000 -9999.000 -9999.000 -9999.000 -9999.000 -9999.000 -9999.000 -9999.000 -9999.000 -9999.000 -9999.000 -9999.000 -9999.000 143.734 143.735 143.736 143.737 143.739 143.741 143.743 143.745 143.748 143.751 143.754 143.758 143.762 143.766 143.770 143.775 143.779 143.784 143.790 143.795 143.801 143.807 143.813 143.819 143.825 143.832 143.839 143.845 143.853 143.860 143.867 143.874 143.882 143.890
-9999.000 -9999.000 -9999.000 -9999.000 -9999.000 -9999.000 -9999.000 -9999.000 -9999.000 -9999.000 -9999.000 -9999.000 -9999.000 -9999.000 -9999.000 -9999.000 -9999.000 -9999.000 -9999.000 -9999.000 -9999.000 -9999.000 -9999.000 -9999.000 -9999.000 -9999.000 -9999.000 -9999.000 -9999.000 -9999.000 143.733 143.733 143.734 143.736 143.737 143.739 143.741 143.744 143.746 143.749 143.753 143.756 143.760 143.764 143.768 143.773 143.777 143.782 143.788 143.793 143.799 143.804 143.810 143.816 143.823 143.829 143.836 143.843 143.850 143.857 143.864 143.871 143.879 143.887
-9999.000 -9999.000 -9999.000 -9999.000 -9999.000 -9999.000 -9999.000 -9999.000 -9999.000 -9999.000 -9999.000 -9999.000 -9999.000 -9999.000 -9999.000 -9999.000 -9999.000 -9999.000 -9999.000 -9999.000 -9999.000 -9999.000 -9999.000 -9999.000 -9999.000 -9999.000 -9999.000 -9999.000 -9999.000 143.730 143.731 143.732 143.733 143.734 143.736 143.737 143.740 143.742 143.745 143.748 143.751 143.754 143.758 143.762 143.766 143.771 143.776 143.780 143.786 143.791 143.796 143.802 143.808 143.814 143.821 143.827 143.834 143.840 143.847 143.854 143.861 143.869 143.876 143.884
-9999.000 -9999.000 -9999.000 -9999.000 -9999.000 -9999.000 -9999.000 -9999.000 -9999.000 -9999.000 -9999.000 -9999.000 -9999.000 -9999.000 -9999.000 -9999.000 -9999.000 -9999.000 -9999.000 -9999.000 -9999.000 -9999.000 -9999.000 -9999.000 -9999.000 -9999.000 -9999.000 -9999.000 -9999.000 143.730 143.730 143.730 143.731 143.733 143.734 143.736 143.738 143.741 143.743 143.746 143.749 143.753 143.757 143.761 143.765 143.769 143.774 143.779 143.784 143.789 143.795 143.800 143.806 143.812 143.818 143.825 143.831 143.838 143.845 143.852 143.859 143.866 143.873 143.881
