LISFLOOD/results/run8.mxe
ncols         138
nrows         103
xllcorner     341179.518085
yllcorner     4516709.658735
cellsize      30.000000
NODATA_value  -9999.000000
[rows 0 to 27 of 103, columns 64 to 127 of 138]
-9999.000 -9999.000 -9999.000 -9999.000 -9999.000 -9999.000 -9999.000 -9999.000 -9999.000 -9999.000 -9999.000 -9999.000 -9999.000 -9999.000 -9999.000 -9999.000 -9999.000 -9999.000 -9999.000 -9999.000 -9999.000 -9999.000 -9999.000 -9999.000 -9999.000 -9999.000 -9999.000 -9999.000 -9999.000 -9999.000 -9999.000 -9999.000 -9999.000 -9999.000 -9999.000 -9999.000 -9999.000 -9999.000 -9999.000 -9999.000 -9999.000 -9999.000 -9999.000 -9999.000 -9999.000 -9999.000 -9999.000 -9999.000 -9999.000 -9999.000 -9999.000 -9999.000 -9999.000 -9999.000 -9999.000 -9999.000 -9999.000 -9999.000 -9999.000 -9999.000 -9999.000 -9999.000 -9999.000 -9999.000
-9999.000 -9999.000 -9999.000 -9999.000 -9999.000 -9999.000 -9999.000 -9999.000 -9999.000 -9999.000 -9999.000 -9999.000 -9999.000 -9999.000 -9999.000 -9999.000 -9999.000 -9999.000 -9999.000 -9999.000 -9999.000 -9999.000 -9999.000 -9999.000 -9999.000 -9999.000 -9999.000 -9999.000 -9999.000 -9999.000 -9999.000 -9999.000 -9999.000 -9999.000 -9999.000 -9999.000 -9999.000 -9999.000 -9999.000 -9999.000 -9999.000 -9999.000 -9999.000 -9999.000 -9999.000 -9999.000 -9999.000 -9999.000 -9999.000 -9999.000 -9999.000 -9999.000 -9999.000 -9999.000 -9999.000 -9999.000 -9999.000 -9999.000 -9999.000 -9999.000 -9999.000 -9999.000 -9999.000 -9999.000
-9999.000 -9999.000 -9999.000 -9999.000 -9999.000 -9999.000 -9999.000 -9999.000 -9999.000 -9999.000 -9999.000 -9999.000 -9999.000 -9999.000 -9999.000 -9999.000 -9999.000 -9999.000 -9999.000 -9999.000 -9999.000 -9999.000 -9999.000 -9999.000 -9999.000 -9999.000 -9999.000 -9999.000 -9999.000 -9999.000 -9999.000 -9999.000 -9999.000 -9999.000 -9999.000 -9999.000 -9999.000 -9999.000 -9999.000 -9999.000 -9999.000 -9999.000 -9999.000 -9999.000 -9999.000 -9999.000 -9999.000 -9999.000 -9999.000 -9999.000 -9999.000 -9999.000 -9999.000 -9999.000 -9999.000 -9999.000 -9999.000 -9999.000 -9999.000 -9999.000 -9999.000 -9999.000 -9999.000 -9999.000
144.197 144.210 144.223 144.237 144.251 144.265 144.280 144.295 144.311 144.327 144.343 144.360 144.377 144.395 144.413 144.431 144.450 144.469 144.488 144.508 144.528 144.548 144.569 144.590 144.611 144.633 144.655 144.677 144.699 144.722 144.745 144.768 144.791 144.814 144.837 144.860 144.883 144.905 144.927 144.948 144.967 144.980 -9999.000 -9999.000 -9999.000 -9999.000 -9999.000 -9999.000 -9999.000 -9999.000 -9999.000 -9999.000 -9999.000 -9999.000 -9999.000 -9999.000 -9999.000 -9999.000 -9999.000 -9999.000 -9999.000 -9999.000 -9999.000 -9999.000
144.197 144.209 144.223 144.236 144.250 144.265 144.280 144.295 144.311 144.327 144.343 144.360 144.377 144.395 144.413 144.431 144.449 144.469 144.488 144.508 144.528 144.548 144.569 144.590 144.611 144.633 144.655 144.677 144.699 144.722 144.745 144.768 144.791 144.814 144.837 144.860 144.883 144.906 144.929 144.950 144.972 144.994 145.023 145.049 145.073 145.096 145.117 145.136 145.154 145.169 145.183 145.194 145.203 145.211 145.216 145.221 145.223 145.225 145.226 145.227 145.227 145.226 145.226 145.225
144.196 144.209 144.223 144.236 144.250 144.265 144.280 144.295 144.310 144.326 144.343 144.360 144.377 144.394 144.412 144.431 144.449 144.468 144.488 144.507 144.527 144.548 144.568 144.589 144.611 144.632 144.654 144.677 144.699 144.722 144.745 144.768 144.791 144.814 144.837 144.861 144.884 144.907 144.930 144.953 144.976 145.000 145.026 145.051 145.075 145.098 145.119 145.138 145.156 145.171 145.185 145.196 145.205 145.212 145.218 145.222 145.225 145.226 145.227 145.227 145.227 145.227 145.226 145.225
144.196 144.209 144.222 144.236 144.250 144.264 144.279 144.294 144.310 144.326 144.342 144.359 144.376 144.394 144.412 144.430 144.449 144.468 144.487 144.507 144.527 144.547 144.568 144.589 144.610 144.632 144.654 144.676 144.699 144.721 144.744 144.768 144.791 144.814 144.838 144.862 144.885 144.909 144.933 144.956 144.980 145.004 145.029 145.054 145.078 145.101 145.122 145.142 145.160 145.175 145.189 145.200 145.209 145.216 145.221 145.224 145.227 145.228 145.228 145.228 145.228 145.227 145.226 145.225
144.196 144.208 144.222 144.235 144.249 144.264 144.279 144.294 144.309 144.325 144.342 144.359 144.376 144.393 144.411 144.429 144.448 144.467 144.486 144.506 144.526 144.547 144.567 144.589 144.610 144.632 144.654 144.676 144.698 144.721 144.744 144.767 144.791 144.815 144.838 144.862 144.886 144.910 144.935 144.959 144.984 145.008 145.033 145.058 145.082 145.106 145.127 145.148 145.166 145.182 145.195 145.206 145.215 145.221 145.226 145.228 145.230 145.230 145.230 145.230 145.229 145.228 145.227 145.226
144.195 144.208 144.221 144.235 144.249 144.263 144.278 144.293 144.309 144.325 144.341 144.358 144.375 144.392 144.410 144.429 144.447 144.466 144.486 144.505 144.526 144.546 144.567 144.588 144.609 144.631 144.653 144.675 144.698 144.721 144.744 144.767 144.791 144.815 144.839 144.863 144.887 144.912 144.937 144.962 144.987 145.012 145.038 145.063 145.088 145.112 145.134 145.156 145.174 145.191 145.204 145.215 145.223 145.229 145.232 145.233 145.234 145.233 145.233 145.231 145.230 145.228 145.227 145.226
144.194 144.207 144.220 144.234 144.248 144.262 144.277 144.292 144.308 144.324 144.340 144.357 144.374 144.392 144.409 144.428 144.446 144.465 144.485 144.505 144.525 144.545 144.566 144.587 144.608 144.630 144.652 144.675 144.697 144.720 144.744 144.767 144.791 144.815 144.839 144.864 144.888 144.913 144.939 144.964 144.990 145.016 145.042 145.068 145.094 145.119 145.143 145.166 145.186 145.203 145.216 145.227 145.235 145.238 145.240 145.240 145.239 145.237 145.235 145.233 145.231 145.229 145.227 145.226
144.194 144.206 144.219 144.233 144.247 144.261 144.276 144.291 144.307 144.323 144.339 144.356 144.373 144.390 144.408 144.427 144.445 144.464 144.484 144.503 144.524 144.544 144.565 144.586 144.607 144.629 144.651 144.674 144.697 144.720 144.743 144.767 144.791 144.815 144.839 144.864 144.889 144.915 144.941 144.967 144.993 145.020 145.047 145.074 145.101 145.128 145.153 145.178 145.200 145.218 145.230 145.243 145.249 145.251 145.249 145.247 145.244 145.241 145.238 145.235 145.232 145.230 145.228 145.226
144.193 144.205 144.218 144.232 144.246 144.260 144.275 144.290 144.305 144.321 144.338 144.354 144.372 144.389 144.407 144.425 144.444 144.463 144.482 144.502 144.522 144.543 144.564 144.585 144.606 144.628 144.650 144.673 144.696 144.719 144.742 144.766 144.790 144.815 144.839 144.865 144.890 144.916 144.942 144.969 144.996 145.023 145.051 145.079 145.108 145.137 145.165 145.193 145.218 145.238 145.245 145.265 145.268 145.265 145.260 145.255 145.250 145.245 145.241 145.237 145.233 145.230 145.228 145.225
144.191 144.204 144.217 144.230 144.244 144.259 144.273 144.289 144.304 144.320 144.336 144.353 144.370 144.388 144.406 144.424 144.443 144.462 144.481 144.501 144.521 144.541 144.562 144.583 144.605 144.627 144.649 144.672 144.694 144.718 144.741 144.765 144.790 144.814 144.839 144.865 144.890 144.917 144.943 144.971 144.998 145.027 145.055 145.085 145.115 145.146 145.178 145.211 145.243 145.271 145.460 145.306 145.294 145.282 145.271 145.262 145.255 145.248 145.243 145.238 145.234 145.230 145.227 145.225
144.190 144.203 144.216 144.229 144.243 144.257 144.272 144.287 144.303 144.318 144.335 144.352 144.369 144.386 144.404 144.422 144.441 144.460 144.479 144.499 144.519 144.540 144.561 144.582 144.603 144.625 144.647 144.670 144.693 144.716 144.740 144.764 144.789 144.814 144.839 144.864 144.891 144.917 144.944 144.972 145.000 145.029 145.059 145.090 145.122 145.155 145.190 145.228 145.272 145.331 145.438 145.358 145.320 145.297 145.281 145.269 145.259 145.251 145.244 145.238 145.234 145.230 145.226 145.223
144.188 144.201 144.214 144.227 144.241 144.256 144.270 144.285 144.301 144.317 144.333 144.350 144.367 144.384 144.402 144.421 144.439 144.458 144.478 144.497 144.517 144.538 144.559 144.580 144.602 144.624 144.646 144.669 144.692 144.715 144.739 144.763 144.788 144.813 144.838 144.864 144.890 144.917 144.945 144.973 145.002 145.031 145.062 145.094 145.127 145.161 145.199 145.240 145.287 145.345 145.418 145.367 145.331 145.305 145.287 145.273 145.261 145.252 145.244 145.238 145.233 145.229 145.225 145.222
144.187 144.199 144.212 144.226 144.239 144.254 144.268 144.283 144.299 144.315 144.331 144.348 144.365 144.382 144.400 144.419 144.437 144.456 144.476 144.495 144.515 144.536 144.557 144.578 144.600 144.622 144.644 144.667 144.690 144.713 144.737 144.761 144.786 144.811 144.837 144.863 144.890 144.917 144.944 144.973 145.002 145.032 145.064 145.096 145.130 145.166 145.204 145.246 145.292 145.343 145.399 145.362 145.331 145.307 145.288 145.273 145.261 145.252 145.244 145.237 145.231 145.227 145.223 145.220
144.185 144.197 144.210 144.224 144.237 144.252 144.266 144.281 144.297 144.313 144.329 144.346 144.363 144.380 144.398 144.416 144.435 144.454 144.473 144.493 144.513 144.534 144.555 144.576 144.597 144.619 144.642 144.665 144.688 144.711 144.735 144.760 144.784 144.810 144.835 144.862 144.888 144.916 144.944 144.972 145.002 145.032 145.064 145.097 145.131 145.167 145.206 145.247 145.291 145.336 145.380 145.351 145.325 145.303 145.286 145.271 145.259 145.250 145.241 145.235 145.229 145.224 145.220 145.217
144.183 144.195 144.208 144.222 144.235 144.250 144.264 144.279 144.295 144.311 144.327 144.344 144.361 144.378 144.396 144.414 144.433 144.452 144.471 144.491 144.511 144.531 144.552 144.573 144.595 144.617 144.639 144.662 144.685 144.709 144.733 144.757 144.782 144.808 144.833 144.860 144.887 144.914 144.942 144.971 145.001 145.032 145.063 145.096 145.131 145.167 145.205 145.246 145.288 145.331 145.362 145.336 145.315 145.296 145.280 145.267 145.255 145.246 145.238 145.231 145.225 145.221 145.217 145.214
144.180 144.193 144.206 144.219 144.233 144.247 144.262 144.277 144.292 144.308 144.325 144.341 144.358 144.376 144.393 144.412 144.430 144.449 144.469 144.488 144.508 144.529 144.550 144.571 144.592 144.614 144.637 144.660 144.683 144.706 144.730 144.755 144.780 144.805 144.831 144.857 144.884 144.912 144.940 144.969 144.999 145.030 145.061 145.094 145.129 145.165 145.202 145.243 145.286 145.337 145.332 145.317 145.301 145.286 145.272 145.260 145.250 145.241 145.233 145.226 145.221 145.216 145.213 145.210
144.178 144.190 144.203 144.217 144.231 144.245 144.259 144.274 144.290 144.306 144.322 144.339 144.356 144.373 144.391 144.409 144.428 144.446 144.466 144.486 144.506 144.526 144.547 144.568 144.590 144.612 144.634 144.657 144.680 144.704 144.728 144.752 144.777 144.802 144.828 144.855 144.882 144.909 144.937 144.966 144.996 145.027 145.058 145.091 145.125 145.160 145.197 145.236 145.277 145.320 145.311 145.300 145.287 145.274 145.262 145.252 145.242 145.234 145.227 145.221 145.216 145.211 145.208 145.205
144.175 144.188 144.201 144.214 144.228 144.242 144.257 144.272 144.287 144.303 144.319 144.336 144.353 144.370 144.388 144.406 144.425 144.444 144.463 144.483 144.503 144.523 144.544 144.565 144.587 144.609 144.631 144.654 144.677 144.700 144.724 144.749 144.774 144.799 144.825 144.851 144.878 144.906 144.934 144.963 144.993 145.023 145.054 145.087 145.120 145.154 145.190 145.227 145.264 145.303 145.293 145.283 145.272 145.262 145.252 145.242 145.234 145.226 145.220 145.214 145.209 145.205 145.202 145.200
144.173 144.185 144.198 144.211 144.225 144.239 144.254 144.269 144.284 144.300 144.316 144.333 144.350 144.367 144.385 144.403 144.422 144.441 144.460 144.479 144.499 144.520 144.541 144.562 144.583 144.605 144.628 144.650 144.673 144.697 144.721 144.745 144.770 144.795 144.821 144.848 144.874 144.902 144.930 144.959 144.988 145.018 145.049 145.081 145.114 145.147 145.182 145.217 145.251 145.286 145.277 145.267 145.258 145.249 145.240 145.232 145.224 145.218 145.212 145.207 145.202 145.199 145.196 145.194
144.170 144.182 144.195 144.209 144.222 144.236 144.251 144.266 144.281 144.297 144.313 144.330 144.347 144.364 144.382 144.400 144.418 144.437 144.456 144.476 144.496 144.516 144.537 144.558 144.580 144.602 144.624 144.647 144.670 144.693 144.717 144.741 144.766 144.791 144.817 144.843 144.870 144.897 144.925 144.954 144.983 145.013 145.043 145.075 145.107 145.140 145.173 145.206 145.239 145.269 145.260 145.251 145.243 145.235 145.228 145.221 145.214 145.208 145.203 145.199 145.195 145.192 145.189 145.187
144.167 144.179 144.192 144.205 144.219 144.233 144.248 144.263 144.278 144.294 144.310 144.327 144.344 144.361 144.379 144.397 144.415 144.434 144.453 144.473 144.492 144.513 144.533 144.555 144.576 144.598 144.620 144.643 144.666 144.689 144.713 144.737 144.762 144.787 144.813 144.839 144.865 144.893 144.920 144.948 144.977 145.007 145.037 145.068 145.099 145.132 145.164 145.197 145.229 145.251 145.243 145.235 145.228 145.221 145.215 145.209 145.203 145.198 145.194 145.190 145.187 145.184 145.181 145.180
144.163 144.176 144.189 144.202 144.216 144.230 144.245 144.260 144.275 144.291 144.307 144.323 144.340 144.357 144.375 144.393 144.411 144.430 144.449 144.469 144.489 144.509 144.530 144.551 144.572 144.594 144.616 144.638 144.661 144.685 144.708 144.733 144.757 144.782 144.808 144.834 144.860 144.887 144.915 144.943 144.971 145.000 145.030 145.060 145.091 145.123 145.155 145.190 145.228 145.228 145.224 145.218 145.213 145.207 145.202 145.197 145.192 145.188 145.184 145.181 145.178 145.175 145.173 145.172
144.160 144.173 144.186 144.199 144.213 144.227 144.241 144.256 144.271 144.287 144.303 144.320 144.337 144.354 144.371 144.389 144.408 144.426 144.445 144.465 144.485 144.505 144.525 144.546 144.568 144.589 144.612 144.634 144.657 144.680 144.704 144.728 144.752 144.777 144.802 144.828 144.855 144.881 144.908 144.936 144.964 144.993 145.022 145.052 145.082 145.113 145.145 145.177 145.211 145.210 145.206 145.202 145.198 145.193 145.189 145.184 145.180 145.177 145.174 145.171 145.168 145.166 145.165 145.164
144.157 144.169 144.182 144.195 144.209 144.223 144.238 144.253 144.268 144.283 144.300 144.316 144.333 144.350 144.367 144.385 144.404 144.422 144.441 144.461 144.481 144.501 144.521 144.542 144.563 144.585 144.607 144.629 144.652 144.675 144.699 144.723 144.747 144.772 144.797 144.822 144.848 144.875 144.902 144.929 144.957 144.985 145.014 145.043 145.073 145.103 145.133 145.164 145.195 145.192 145.189 145.186 145.182 145.179 145.175 145.172 145.168 145.165 145.163 145.161 145.159 145.157 145.156 145.155
144.153 144.166 144.178 144.192 144.205 144.220 144.234 144.249 144.264 144.280 144.296 144.312 144.329 144.346 144.363 144.381 144.400 144.418 144.437 144.456 144.476 144.496 144.517 144.537 144.559 144.580 144.602 144.624 144.647 144.670 144.693 144.717 144.741 144.766 144.791 144.816 144.842 144.868 144.895 144.922 144.949 144.977 145.005 145.034 145.063 145.092 145.121 145.150 145.178 145.176 145.173 145.170 145.167 145.164 145.161 145.159 145.156 145.154 145.152 145.150 145.149 145.147 145.147 145.146
