LISFLOOD/results/run8.inittm
ncols         138
nrows         103
xllcorner     341179.518085
yllcorner     4516709.658735
cellsize      30.000000
NODATA_value  -9999.000000
[rows 0 to 30 of 103, columns 69 to 137 of 138]
-9999.000 -9999.000 -9999.000 -9999.000 -9999.000 -9999.000 -9999.000 -9999.000 -9999.000 -9999.000 -9999.000 -9999.000 -9999.000 -9999.000 -9999.000 -9999.000 -9999.000 -9999.000 -9999.000 -9999.000 -9999.000 -9999.000 -9999.000 -9999.000 -9999.000 -9999.000 -9999.000 -9999.000 -9999.000 -9999.000 -9999.000 -9999.000 -9999.000 -9999.000 -9999.000 -9999.000 -9999.000 -9999.000 -9999.000 -9999.000 -9999.000 -9999.000 -9999.000 -9999.000 -9999.000 -9999.000 -9999.000 -9999.000 -9999.000 -9999.000 -9999.000 -9999.000 -9999.000 -9999.000 -9999.000 -9999.000 -9999.000 -9999.000 -9999.000 -9999.000 -9999.000 -9999.000 -9999.000 -9999.000 -9999.000 -9999.000 -9999.000 -9999.000 -9999.000
-9999.000 -9999.000 -9999.000 -9999.000 -9999.000 -9999.000 -9999.000 -9999.000 -9999.000 -9999.000 -9999.000 -9999.000 -9999.000 -9999.000 -9999.000 -9999.000 -9999.000 -9999.000 -9999.000 -9999.000 -9999.000 -9999.000 -9999.000 -9999.000 -9999.000 -9999.000 -9999.000 -9999.000 -9999.000 -9999.000 -9999.000 -9999.000 -9999.000 -9999.000 -9999.000 -9999.000 -9999.000 -9999.000 -9999.000 -9999.000 -9999.000 -9999.000 -9999.000 -9999.000 -9999.000 -9999.000 -9999.000 -9999.000 -9999.000 -9999.000 -9999.000 -9999.000 -9999.000 -9999.000 -9999.000 -9999.000 -9999.000 -9999.000 -9999.000 -9999.000 -9999.000 -9999.000 -9999.000 -9999.000 -9999.000 -9999.000 -9999.000 -9999.000 -9999.000
-9999.000 -9999.000 -9999.000 -9999.000 -9999.000 -9999.000 -9999.000 -9999.000 -9999.000 -9999.000 -9999.000 -9999.000 -9999.000 -9999.000 -9999.000 -9999.000 -9999.000 -9999.000 -9999.000 -9999.000 -9999.000 -9999.000 -9999.000 -9999.000 -9999.000 -9999.000 -9999.000 -9999.000 -9999.000 -9999.000 -9999.000 -9999.000 -9999.000 -9999.000 -9999.000 -9999.000 -9999.000 -9999.000 -9999.000 -9999.000 -9999.000 -9999.000 -9999.000 -9999.000 -9999.000 -9999.000 -9999.000 -9999.000 -9999.000 -9999.000 -9999.000 -9999.000 -9999.000 -9999.000 -9999.000 -9999.000 -9999.000 -9999.000 -9999.000 -9999.000 -9999.000 -9999.000 -9999.000 -9999.000 -9999.000 -9999.000 -9999.000 -9999.000 -9999.000
2.757 2.839 2.112 1.486 1.434 1.409 1.376 1.338 1.303 1.287 1.221 1.209 1.349 1.126 1.082 1.051 1.051 1.102 1.167 1.147 0.962 0.863 0.789 0.744 0.724 0.704 0.544 0.532 0.519 0.510 0.458 0.441 0.423 0.393 0.152 0.134 0.124 -9999.000 -9999.000 -9999.000 -9999.000 -9999.000 -9999.000 -9999.000 -9999.000 -9999.000 -9999.000 -9999.000 -9999.000 -9999.000 -9999.000 -9999.000 -9999.000 -9999.000 -9999.000 -9999.000 -9999.000 -9999.000 -9999.000 -9999.000 -9999.000 -9999.000 -9999.000 -9999.000 -9999.000 -9999.000 -9999.000 -9999.000 -9999.000
2.382 2.337 1.785 1.754 1.552 1.451 1.393 1.383 1.290 1.251 1.217 1.141 1.124 1.102 1.054 1.022 0.996 1.003 1.100 1.061 0.898 0.841 0.776 0.738 0.721 0.702 0.538 0.522 0.511 0.479 0.461 0.447 0.431 0.286 0.135 0.123 0.113 0.103 0.094 0.086 0.079 0.073 0.070 0.068 0.067 0.066 0.079 0.189 0.274 0.285 0.256 0.268 0.181 0.095 0.104 0.116 0.128 0.141 0.155 0.171 0.186 0.202 0.217 0.232 0.281 0.650 0.717 -9999.000 -9999.000
2.276 1.939 1.911 2.148 2.202 1.507 1.415 1.913 1.617 1.304 1.244 1.122 1.100 1.082 1.029 1.006 0.976 0.948 0.950 0.924 0.857 0.789 0.746 0.726 0.712 0.694 0.541 0.526 0.553 0.452 0.447 0.431 0.395 0.157 0.126 0.113 0.102 0.091 0.082 0.074 0.067 0.061 0.057 0.056 0.056 0.056 0.077 0.204 0.236 0.211 0.224 0.147 0.077 0.084 0.094 0.105 0.119 0.134 0.152 0.168 0.183 0.199 0.214 0.230 0.445 0.683 0.705 -9999.000 -9999.000
2.046 1.971 2.145 2.118 1.901 1.515 1.493 2.306 2.168 1.911 1.379 1.119 1.089 1.073 1.023 0.997 0.974 0.922 0.904 0.882 0.824 0.773 0.731 0.713 0.700 0.683 0.524 0.510 0.496 0.436 0.424 0.402 0.224 0.150 0.120 0.102 0.091 0.080 0.071 0.063 0.056 0.050 0.046 0.044 0.047 0.046 0.082 0.179 0.161 0.154 0.100 0.060 0.066 0.075 0.085 0.097 0.112 0.131 0.149 0.164 0.179 0.194 0.217 0.296 0.624 0.697 0.722 -9999.000 -9999.000
2.119 2.141 2.122 1.983 1.586 1.564 2.104 2.257 2.096 1.853 1.449 1.137 1.088 1.073 1.021 0.993 0.967 0.920 0.859 0.839 0.799 0.758 0.721 0.702 0.689 0.671 0.529 0.568 0.438 0.419 0.403 0.301 0.203 0.191 0.111 0.092 0.081 0.071 0.061 0.053 0.046 0.040 0.035 0.033 0.038 0.037 0.070 0.118 0.099 0.078 0.044 0.050 0.059 0.081 0.092 0.104 0.120 0.134 0.147 0.161 0.174 0.189 0.260 0.424 0.679 0.689 0.887 -9999.000 -9999.000
2.219 2.120 2.038 1.705 1.678 2.077 2.194 2.145 2.026 1.778 1.379 1.126 1.093 1.077 1.011 0.982 0.954 0.909 0.843 0.822 0.787 0.751 0.727 0.701 0.685 0.634 0.513 0.581 0.421 0.404 0.341 0.206 0.197 0.179 0.098 0.083 0.072 0.062 0.053 0.044 0.038 0.032 0.027 0.024 0.026 0.029 0.060 0.068 0.059 0.032 0.036 0.044 0.071 0.088 0.097 0.109 0.121 0.131 0.142 0.154 0.167 0.183 0.356 0.506 0.631 0.663 1.062 -9999.000 -9999.000
2.451 2.211 2.001 1.928 1.969 2.040 2.104 2.056 1.934 1.689 1.296 1.105 1.084 1.067 1.002 0.973 0.946 0.896 0.851 0.826 0.807 0.792 0.736 0.715 0.698 0.523 0.499 0.483 0.412 0.437 0.223 0.187 0.190 0.147 0.088 0.075 0.064 0.054 0.045 0.037 0.031 0.025 0.020 0.016 0.015 0.021 0.041 0.042 0.023 0.024 0.031 0.052 0.071 0.080 0.090 0.103 0.113 0.123 0.134 0.147 0.160 0.207 0.429 0.614 0.642 0.659 1.026 -9999.000 -9999.000
2.559 2.352 1.921 1.871 1.913 1.872 1.946 1.851 1.715 1.475 1.215 1.097 1.078 1.061 1.001 0.973 0.942 0.894 0.863 0.829 0.812 0.786 0.733 0.719 0.707 0.541 0.572 0.441 0.393 0.281 0.177 0.167 0.188 0.107 0.081 0.069 0.057 0.047 0.038 0.031 0.024 0.019 0.014 0.011 0.009 0.014 0.009 0.016 0.014 0.019 0.032 0.059 0.067 0.075 0.084 0.096 0.106 0.116 0.127 0.139 0.154 0.318 0.451 0.603 0.638 0.678 0.782 -9999.000 -9999.000
2.496 2.314 1.953 1.823 1.803 1.808 1.836 1.695 1.567 1.321 1.153 1.083 1.063 1.040 0.991 0.964 0.929 0.898 0.864 0.834 0.816 0.737 0.712 0.698 0.702 0.547 0.561 0.444 0.395 0.187 0.157 0.146 0.117 0.090 0.076 0.064 0.052 0.042 0.033 0.026 0.019 0.014 0.010 0.007 0.005 0.010 0.005 0.007 0.011 0.016 0.040 0.054 0.061 0.069 0.079 0.089 0.098 0.108 0.119 0.133 0.159 0.389 0.463 0.645 0.823 1.160 1.061 -9999.000 -9999.000
2.507 2.152 1.911 1.806 1.739 1.717 1.721 1.549 1.443 1.222 1.111 1.091 1.080 1.023 0.987 0.952 0.921 0.889 0.850 0.832 0.792 0.714 0.694 0.678 0.603 0.532 0.491 0.438 0.278 0.202 0.215 0.280 0.118 0.086 0.072 0.059 0.048 0.038 0.029 0.022 0.016 0.011 0.007 0.004 0.002 0.001 0.002 0.004 0.007 0.019 0.039 0.047 0.054 0.062 0.072 0.081 0.091 0.101 0.113 0.127 0.207 0.412 0.467 0.734 1.014 1.440 1.671 -9999.000 -9999.000
2.434 2.170 1.931 1.811 1.713 1.662 1.620 1.449 1.328 1.139 1.090 1.072 1.049 1.023 0.978 0.943 0.914 0.881 0.859 0.839 0.755 0.738 0.725 0.717 0.582 0.616 0.469 0.375 0.246 0.235 0.301 0.276 0.102 0.082 0.069 0.057 0.046 0.036 0.027 0.019 0.012 0.008 0.004 0.002 0.001 0.001 0.001 0.002 0.006 0.026 0.033 0.038 0.045 0.054 0.065 0.074 0.084 0.096 0.108 0.123 0.286 0.409 0.496 0.820 1.114 1.506 1.848 -9999.000 -9999.000
2.420 2.166 1.954 1.840 1.707 1.658 1.525 1.417 1.252 1.103 1.082 1.065 1.008 0.987 0.957 0.938 0.915 0.898 0.879 0.792 0.745 0.723 0.707 0.688 0.556 0.540 0.454 0.293 0.261 0.343 0.327 0.231 0.094 0.080 0.067 0.056 0.044 0.035 0.027 0.019 0.014 0.009 0.006 0.002 0.001 0.001 0.001 0.002 0.013 0.024 0.028 0.034 0.040 0.049 0.059 0.069 0.079 0.092 0.104 0.127 0.346 0.389 0.532 0.851 1.164 1.506 1.964 -9999.000 -9999.000
2.427 2.088 1.996 1.910 1.760 1.647 1.469 1.346 1.137 1.097 1.096 1.031 0.999 0.981 0.958 0.937 0.917 0.896 0.851 0.784 0.759 0.737 0.718 0.591 0.572 0.494 0.413 0.304 0.356 0.360 0.350 0.173 0.094 0.081 0.068 0.056 0.046 0.037 0.028 0.022 0.016 0.012 0.008 0.003 0.001 0.001 0.001 0.003 0.018 0.022 0.028 0.033 0.039 0.048 0.057 0.067 0.077 0.089 0.103 0.169 0.352 0.380 0.566 0.828 1.019 1.378 1.849 -9999.000 -9999.000
2.601 2.121 2.034 1.888 1.787 1.717 1.612 1.269 1.096 1.080 1.069 1.018 0.996 0.972 0.939 0.912 0.885 0.843 0.824 0.791 0.771 0.752 0.730 0.590 0.591 0.491 0.351 0.340 0.359 0.346 0.312 0.126 0.095 0.082 0.069 0.058 0.048 0.039 0.031 0.024 0.019 0.014 0.009 0.003 0.001 0.001 0.001 0.003 0.019 0.023 0.028 0.033 0.040 0.048 0.057 0.066 0.077 0.089 0.102 0.218 0.335 0.377 0.589 0.814 1.026 1.318 1.901 -9999.000 -9999.000
2.534 2.163 2.076 1.871 1.796 1.717 1.598 1.174 1.080 1.063 1.044 1.014 0.992 0.959 0.927 0.902 0.875 0.861 0.838 0.789 0.771 0.752 0.592 0.577 0.544 0.450 0.363 0.383 0.368 0.350 0.288 0.113 0.097 0.084 0.072 0.061 0.052 0.043 0.035 0.028 0.023 0.016 0.007 0.003 0.001 0.001 0.001 0.005 0.014 0.026 0.031 0.036 0.043 0.050 0.058 0.067 0.077 0.089 0.105 0.266 0.322 0.368 0.617 0.861 1.080 1.451 2.346 -9999.000 -9999.000
2.320 2.208 2.033 1.888 1.808 1.655 1.334 1.108 1.087 1.072 1.034 1.013 0.980 0.958 0.941 0.905 0.881 0.842 0.804 0.778 0.760 0.736 0.588 0.622 0.504 0.406 0.389 0.383 0.368 0.349 0.227 0.113 0.099 0.087 0.076 0.065 0.056 0.047 0.039 0.032 0.022 0.010 0.003 0.001 0.001 0.001 0.003 0.009 0.018 0.028 0.034 0.039 0.046 0.053 0.061 0.069 0.080 0.091 0.125 0.296 0.317 0.371 0.644 0.928 1.206 1.920 -9999.000 -9999.000 -9999.000
2.274 2.179 1.953 1.878 1.817 1.735 1.259 1.108 1.091 1.077 1.031 1.012 0.986 0.968 0.949 0.917 0.901 0.881 0.832 0.818 0.796 0.637 0.575 0.562 0.438 0.424 0.393 0.379 0.364 0.337 0.192 0.116 0.103 0.091 0.079 0.069 0.060 0.051 0.043 0.034 0.022 0.010 0.003 0.001 0.001 0.001 0.005 0.012 0.027 0.033 0.038 0.044 0.051 0.057 0.064 0.073 0.083 0.094 0.168 0.293 0.312 0.383 0.678 1.096 1.531 8.865 -9999.000 -9999.000 -9999.000
2.250 2.120 1.965 1.917 1.828 1.755 1.242 1.113 1.096 1.079 1.041 1.013 0.993 0.974 0.956 0.919 0.891 0.856 0.830 0.811 0.757 0.646 0.640 0.531 0.443 0.432 0.390 0.377 0.363 0.338 0.162 0.119 0.107 0.094 0.083 0.073 0.064 0.055 0.046 0.034 0.021 0.010 0.003 0.001 0.001 0.001 0.004 0.012 0.033 0.038 0.043 0.049 0.055 0.062 0.069 0.078 0.088 0.099 0.209 0.279 0.306 0.402 0.716 1.210 2.079 -9999.000 -9999.000 -9999.000 -9999.000
2.189 2.087 1.994 1.928 1.893 1.570 1.156 1.117 1.099 1.083 1.046 1.014 0.996 0.978 0.959 0.937 0.911 0.883 0.862 0.839 0.687 0.628 0.639 0.522 0.443 0.413 0.393 0.379 0.363 0.331 0.144 0.123 0.111 0.099 0.088 0.078 0.068 0.058 0.046 0.032 0.020 0.010 0.003 0.001 0.001 0.001 0.004 0.013 0.024 0.034 0.047 0.054 0.060 0.067 0.074 0.083 0.093 0.104 0.241 0.270 0.305 0.427 0.761 1.318 3.625 -9999.000 -9999.000 -9999.000 -9999.000
2.133 2.043 1.968 1.909 1.766 1.350 1.136 1.113 1.096 1.082 1.055 1.034 1.021 1.002 0.976 0.942 0.914 0.892 0.873 0.775 0.627 0.612 0.560 0.509 0.431 0.402 0.390 0.376 0.359 0.289 0.142 0.128 0.116 0.103 0.092 0.082 0.071 0.059 0.045 0.031 0.018 0.009 0.003 0.001 0.001 0.001 0.003 0.011 0.020 0.032 0.049 0.058 0.066 0.072 0.081 0.089 0.099 0.113 0.266 0.279 0.312 0.447 0.804 1.424 -9999.000 -9999.000 -9999.000 -9999.000 -9999.000
2.119 2.013 1.938 1.867 1.696 1.328 1.152 1.124 1.108 1.094 1.071 1.050 1.029 1.007 0.966 0.933 0.908 0.889 0.866 0.731 0.653 0.700 0.548 0.517 0.424 0.386 0.383 0.370 0.327 0.232 0.146 0.133 0.120 0.108 0.097 0.085 0.072 0.058 0.043 0.029 0.016 0.007 0.003 0.001 0.001 0.001 0.003 0.010 0.019 0.036 0.052 0.063 0.071 0.078 0.087 0.096 0.106 0.127 0.277 0.293 0.327 0.467 0.889 1.602 -9999.000 -9999.000 -9999.000 -9999.000 -9999.000
2.067 1.985 1.897 1.796 1.603 1.342 1.171 1.135 1.118 1.104 1.077 1.055 1.035 1.009 0.987 0.962 0.943 0.922 0.788 0.697 0.678 0.659 0.532 0.501 0.441 0.374 0.386 0.373 0.331 0.188 0.152 0.138 0.125 0.113 0.101 0.088 0.072 0.054 0.037 0.022 0.010 0.003 0.001 0.001 0.001 0.003 0.007 0.014 0.025 0.040 0.053 0.067 0.076 0.084 0.093 0.102 0.112 0.148 0.281 0.301 0.333 0.484 0.997 2.936 -9999.000 -9999.000 -9999.000 -9999.000 -9999.000
2.108 2.026 1.909 1.782 1.537 1.340 1.166 1.149 1.130 1.118 1.084 1.063 1.044 1.010 0.976 0.952 0.934 0.884 0.754 0.716 0.706 0.584 0.536 0.504 0.488 0.364 0.350 0.369 0.317 0.173 0.157 0.143 0.131 0.118 0.104 0.089 0.071 0.052 0.035 0.021 0.009 0.003 0.001 0.001 0.001 0.003 0.008 0.017 0.027 0.038 0.053 0.078 0.089 0.092 0.101 0.109 0.120 0.167 0.286 0.307 0.341 0.518 1.111 -9999.000 -9999.000 -9999.000 -9999.000 -9999.000 -9999.000
2.120 2.018 1.898 1.797 1.503 1.346 1.165 1.153 1.124 1.111 1.092 1.068 1.051 1.031 1.007 0.993 0.972 0.797 0.722 0.704 0.718 0.583 0.548 0.507 0.477 0.409 0.316 0.360 0.287 0.176 0.162 0.149 0.136 0.122 0.107 0.090 0.070 0.051 0.035 0.022 0.010 0.003 0.001 0.001 0.001 0.003 0.011 0.019 0.028 0.041 0.065 0.094 0.106 0.102 0.110 0.119 0.129 0.184 0.294 0.315 0.351 0.554 1.314 -9999.000 -9999.000 -9999.000 -9999.000 -9999.000 -9999.000
2.116 2.021 1.892 1.791 1.510 1.348 1.154 1.138 1.124 1.112 1.099 1.074 1.055 1.029 1.007 0.989 0.893 0.776 0.702 0.688 0.647 0.587 0.568 0.521 0.456 0.418 0.301 0.287 0.245 0.181 0.167 0.154 0.141 0.126 0.111 0.091 0.069 0.049 0.032 0.019 0.009 0.003 0.001 0.001 0.001 0.003 0.044 0.028 0.038 0.052 0.082 0.109 0.119 0.113 0.121 0.129 0.138 0.192 0.303 0.322 0.362 0.604 1.577 -9999.000 -9999.000 -9999.000 -9999.000 -9999.000 -9999.000
2.108 2.023 1.899 1.767 1.575 1.346 1.168 1.154 1.167 1.157 1.138 1.111 1.059 1.032 1.014 0.993 0.834 0.787 0.784 0.767 0.611 0.586 0.564 0.513 0.474 0.432 0.303 0.241 0.213 0.186 0.172 0.158 0.143 0.128 0.112 0.093 0.070 0.048 0.030 0.017 0.009 0.003 0.001 0.001 0.001 0.003 0.010 0.021 0.043 0.064 0.111 0.134 0.142 0.126 0.132 0.140 0.148 0.196 0.312 0.333 0.377 0.671 1.629 -9999.000 -9999.000 -9999.000 -9999.000 -9999.000 -9999.000
2.129 2.007 1.950 1.892 1.637 1.327 1.184 1.172 1.235 1.209 1.166 1.127 1.071 1.051 1.032 0.925 0.824 0.792 0.772 0.750 0.613 0.578 0.558 0.506 0.479 0.452 0.316 0.234 0.209 0.189 0.173 0.158 0.142 0.126 0.110 0.094 0.078 0.057 0.029 0.016 0.008 0.003 0.001 0.001 0.001 0.003 0.009 0.021 0.039 0.092 0.141 0.159 0.161 0.141 0.144 0.151 0.158 0.211 0.324 0.344 0.399 0.734 1.816 -9999.000 -9999.000 -9999.000 -9999.000 -9999.000 -9999.000
2.101 2.016 1.986 1.934 1.556 1.296 1.202 1.213 1.255 1.208 1.127 1.088 1.060 1.043 1.007 0.863 0.829 0.807 0.784 0.676 0.632 0.562 0.545 0.508 0.486 0.463 0.303 0.223 0.206 0.189 0.172 0.154 0.136 0.118 0.101 0.086 0.071 0.057 0.044 0.071 0.003 0.001 0.001 0.001 0.004 0.008 0.015 0.027 0.044 0.128 0.159 0.175 0.183 0.156 0.157 0.163 0.168 0.222 0.337 0.354 0.426 0.801 1.767 -9999.000 -9999.000 -9999.000 -9999.000 -9999.000 -9999.000
