LISFLOOD/results/run8.inittm
ncols         138
nrows         103
xllcorner     341179.518085
yllcorner     4516709.658735
cellsize      30.000000
NODATA_value  -9999.000000
[rows 31 to 61 of 103, columns 0 to 68 of 138]
-9999.000 -9999.000 -9999.000 -9999.000 -9999.000 -9999.000 -9999.000 -9999.000 -9999.000 -9999.000 -9999.000 -9999.000 -9999.000 -9999.000 -9999.000 -9999.000 -9999.000 -9999.000 -9999.000 -9999.000 -9999.000 -9999.000 -9999.000 -9999.000 -9999.000 -9999.000 -9999.000 -9999.000 -9999.000 -9999.000 -9999.000 -9999.000 -9999.000 -9999.000 -9999.000 -9999.000 -9999.000 -9999.000 -9999.000 23.246 12.478 9.632 8.139 6.588 6.072 5.540 5.263 5.331 5.452 5.591 5.711 5.722 5.679 5.743 5.652 5.537 5.439 4.834 4.561 4.337 4.148 3.912 3.551 3.138 2.804 2.390 2.281 2.244 2.196
-9999.000 -9999.000 -9999.000 -9999.000 -9999.000 -9999.000 -9999.000 -9999.000 -9999.000 -9999.000 -9999.000 -9999.000 -9999.000 -9999.000 -9999.000 -9999.000 -9999.000 -9999.000 -9999.000 -9999.000 -9999.000 -9999.000 -9999.000 -9999.000 -9999.000 -9999.000 -9999.000 -9999.000 -9999.000 -9999.000 -9999.000 -9999.000 -9999.000 -9999.000 -9999.000 -9999.000 -9999.000 -9999.000 -9999.000 -9999.000 15.327 11.992 7.473 6.299 6.222 5.719 5.212 5.268 5.276 5.423 5.498 5.443 5.354 5.482 5.401 5.323 5.027 4.646 4.446 4.286 4.226 3.866 3.462 2.969 2.629 2.413 2.354 2.302 2.277
-9999.000 -9999.000 -9999.000 -9999.000 -9999.000 -9999.000 -9999.000 -9999.000 -9999.000 -9999.000 -9999.000 -9999.000 -9999.000 -9999.000 -9999.000 -9999.000 -9999.000 -9999.000 -9999.000 -9999.000 -9999.000 -9999.000 -9999.000 -9999.000 -9999.000 -9999.000 -9999.000 -9999.000 -9999.000 -9999.000 -9999.000 -9999.000 -9999.000 -9999.000 -9999.000 -9999.000 -9999.000 -9999.000 -9999.000 -9999.000 17.181 14.186 7.628 6.405 6.271 5.738 5.144 5.138 5.095 5.212 5.229 5.185 5.207 5.286 5.253 5.179 4.732 4.515 4.339 4.271 4.137 3.732 3.375 2.886 2.574 2.439 2.394 2.319 2.263
-9999.000 -9999.000 -9999.000 -9999.000 -9999.000 -9999.000 -9999.000 -9999.000 -9999.000 -9999.000 -9999.000 -9999.000 -9999.000 -9999.000 -9999.000 -9999.000 -9999.000 -9999.000 -9999.000 -9999.000 -9999.000 -9999.000 -9999.000 -9999.000 -9999.000 -9999.000 -9999.000 -9999.000 -9999.000 -9999.000 -9999.000 -9999.000 -9999.000 -9999.000 -9999.000 -9999.000 -9999.000 -9999.000 -9999.000 -9999.000 16.909 14.134 7.611 6.499 6.284 5.752 5.097 5.057 4.977 4.961 4.913 4.926 5.082 5.059 4.982 4.807 4.664 4.504 4.349 4.269 3.934 3.636 3.321 2.703 2.503 2.436 2.398 2.289 2.221
-9999.000 -9999.000 -9999.000 -9999.000 -9999.000 -9999.000 -9999.000 -9999.000 -9999.000 -9999.000 -9999.000 -9999.000 -9999.000 -9999.000 -9999.000 -9999.000 -9999.000 -9999.000 -9999.000 -9999.000 -9999.000 -9999.000 -9999.000 -9999.000 -9999.000 -9999.000 -9999.000 -9999.000 -9999.000 -9999.000 -9999.000 -9999.000 -9999.000 -9999.000 -9999.000 -9999.000 -9999.000 -9999.000 -9999.000 -9999.000 15.344 13.103 7.810 6.296 6.067 5.658 5.055 4.982 4.841 4.776 4.693 4.749 4.829 4.894 4.836 4.644 4.583 4.422 4.228 4.097 3.909 3.519 3.064 2.631 2.538 2.487 2.479 2.436 2.246
-9999.000 -9999.000 -9999.000 -9999.000 -9999.000 -9999.000 -9999.000 -9999.000 -9999.000 -9999.000 -9999.000 -9999.000 -9999.000 -9999.000 -9999.000 -9999.000 -9999.000 -9999.000 -9999.000 -9999.000 -9999.000 -9999.000 -9999.000 -9999.000 26.334 25.352 25.021 26.058 -9999.000 -9999.000 -9999.000 -9999.000 -9999.000 -9999.000 -9999.000 -9999.000 -9999.000 -9999.000 -9999.000 -9999.000 15.989 11.712 9.326 7.752 6.345 5.517 4.988 4.826 4.690 4.628 4.531 4.581 4.577 4.597 4.484 4.502 4.459 4.389 4.096 4.040 3.804 3.334 2.957 2.667 2.598 2.518 2.637 2.479 2.276
-9999.000 -9999.000 -9999.000 -9999.000 -9999.000 -9999.000 -9999.000 -9999.000 -9999.000 -9999.000 -9999.000 -9999.000 -9999.000 -9999.000 -9999.000 -9999.000 -9999.000 -9999.000 -9999.000 -9999.000 -9999.000 -9999.000 -9999.000 -9999.000 25.684 25.212 23.997 20.549 20.669 -9999.000 -9999.000 -9999.000 -9999.000 -9999.000 -9999.000 -9999.000 -9999.000 -9999.000 -9999.000 -9999.000 15.152 10.802 9.109 8.018 5.998 5.521 5.090 4.801 4.627 4.528 4.454 4.416 4.378 4.285 4.245 4.357 4.330 4.180 3.931 3.772 3.549 3.038 2.785 2.689 2.606 2.553 2.533 2.419 2.304
-9999.000 -9999.000 -9999.000 -9999.000 -9999.000 -9999.000 -9999.000 -9999.000 -9999.000 -9999.000 -9999.000 -9999.000 -9999.000 -9999.000 -9999.000 -9999.000 -9999.000 -9999.000 -9999.000 -9999.000 -9999.000 -9999.000 -9999.000 -9999.000 25.642 26.009 23.568 17.673 16.522 22.882 -9999.000 -9999.000 -9999.000 -9999.000 -9999.000 -9999.000 -9999.000 -9999.000 -9999.000 21.999 13.402 10.641 8.789 7.671 5.989 5.587 5.197 4.854 4.652 4.587 4.553 4.411 4.348 4.236 4.189 4.213 4.121 3.799 3.627 3.516 3.274 2.878 2.776 2.714 2.637 2.616 2.530 2.457 2.338
-9999.000 -9999.000 -9999.000 -9999.000 -9999.000 -9999.000 -9999.000 -9999.000 -9999.000 -9999.000 -9999.000 -9999.000 -9999.000 -9999.000 -9999.000 -9999.000 -9999.000 -9999.000 -9999.000 -9999.000 -9999.000 -9999.000 -9999.000 -9999.000 25.391 24.572 20.663 16.438 15.585 22.813 -9999.000 -9999.000 -9999.000 -9999.000 -9999.000 -9999.000 -9999.000 27.639 22.773 19.539 12.122 10.098 8.325 7.192 6.156 5.848 5.276 4.971 4.786 4.759 4.754 4.574 4.494 4.247 4.133 4.072 3.942 3.686 3.486 3.399 2.940 2.868 2.788 2.721 2.680 2.660 2.596 2.504 2.401
-9999.000 -9999.000 -9999.000 -9999.000 -9999.000 -9999.000 -9999.000 -9999.000 -9999.000 -9999.000 -9999.000 -9999.000 -9999.000 -9999.000 -9999.000 -9999.000 -9999.000 -9999.000 -9999.000 -9999.000 -9999.000 -9999.000 -9999.000 -9999.000 23.983 23.638 18.702 15.441 14.501 22.299 24.245 -9999.000 -9999.000 -9999.000 -9999.000 -9999.000 -9999.000 20.499 17.408 14.142 10.898 9.068 7.741 7.308 6.212 5.893 5.327 5.077 4.929 5.030 4.996 4.964 4.876 4.814 4.323 4.054 3.809 3.677 3.487 3.313 2.903 2.847 2.806 2.771 2.708 2.653 2.579 2.517 2.435
-9999.000 -9999.000 -9999.000 -9999.000 -9999.000 -9999.000 -9999.000 -9999.000 -9999.000 -9999.000 -9999.000 -9999.000 -9999.000 -9999.000 -9999.000 -9999.000 -9999.000 -9999.000 -9999.000 -9999.000 -9999.000 -9999.000 -9999.000 -9999.000 20.892 23.205 17.898 14.796 12.936 16.376 19.273 24.184 -9999.000 -9999.000 -9999.000 -9999.000 21.041 17.601 14.214 12.111 9.891 8.611 7.457 6.911 6.076 5.908 5.519 5.222 5.293 5.309 5.244 5.201 5.045 4.891 4.358 4.085 3.704 3.496 3.414 3.357 3.117 2.910 2.883 2.806 2.728 2.647 2.612 2.547 2.447
-9999.000 -9999.000 -9999.000 -9999.000 -9999.000 -9999.000 -9999.000 -9999.000 -9999.000 -9999.000 -9999.000 -9999.000 -9999.000 -9999.000 -9999.000 -9999.000 -9999.000 -9999.000 -9999.000 -9999.000 -9999.000 -9999.000 -9999.000 -9999.000 19.966 19.296 16.981 13.956 12.041 15.311 16.522 19.076 24.001 -9999.000 26.516 24.055 17.712 14.457 11.621 9.953 8.594 8.013 7.103 6.546 6.021 5.946 5.691 5.286 5.378 5.406 5.323 5.171 4.897 4.601 4.371 4.157 4.018 3.509 3.237 3.108 3.013 2.946 2.924 2.808 2.739 2.678 2.705 2.613 2.504
-9999.000 -9999.000 -9999.000 -9999.000 -9999.000 -9999.000 -9999.000 -9999.000 -9999.000 -9999.000 -9999.000 -9999.000 -9999.000 -9999.000 -9999.000 -9999.000 -9999.000 -9999.000 -9999.000 -9999.000 -9999.000 -9999.000 -9999.000 -9999.000 20.062 14.354 13.296 12.826 11.283 13.273 13.732 14.963 16.662 20.695 18.868 15.513 12.926 11.936 10.153 9.321 7.775 7.433 6.699 6.430 6.065 6.039 5.751 5.418 5.408 5.342 5.165 5.009 4.856 4.493 4.334 3.623 3.478 3.320 3.256 3.222 3.272 3.130 2.972 2.825 2.762 2.743 2.706 2.650 2.532
-9999.000 -9999.000 -9999.000 -9999.000 -9999.000 -9999.000 -9999.000 -9999.000 -9999.000 -9999.000 -9999.000 -9999.000 -9999.000 -9999.000 -9999.000 -9999.000 -9999.000 -9999.000 -9999.000 -9999.000 -9999.000 -9999.000 -9999.000 -9999.000 20.317 13.080 12.061 11.768 10.736 11.019 11.398 12.271 12.942 13.853 13.143 11.902 10.254 9.242 8.433 8.062 7.193 6.928 6.379 6.271 5.947 5.880 5.755 5.519 5.311 5.203 5.039 4.866 4.619 4.466 4.091 3.555 3.423 3.390 3.507 3.547 3.583 3.186 3.013 2.844 2.783 2.762 2.738 2.721 2.429
-9999.000 -9999.000 -9999.000 -9999.000 -9999.000 -9999.000 -9999.000 -9999.000 -9999.000 -9999.000 -9999.000 -9999.000 -9999.000 -9999.000 -9999.000 -9999.000 -9999.000 -9999.000 -9999.000 -9999.000 -9999.000 -9999.000 -9999.000 -9999.000 19.886 14.881 14.085 11.782 10.383 10.234 10.574 10.808 10.983 11.038 10.583 9.977 8.670 8.349 7.798 7.335 6.563 6.533 6.169 6.088 5.793 5.766 5.696 5.493 5.171 4.958 4.791 4.638 4.426 4.304 3.930 3.535 3.475 3.578 3.629 3.801 3.668 3.288 2.979 2.875 2.806 2.736 2.658 2.627 2.094
-9999.000 -9999.000 -9999.000 -9999.000 -9999.000 -9999.000 -9999.000 -9999.000 -9999.000 -9999.000 -9999.000 -9999.000 -9999.000 -9999.000 -9999.000 -9999.000 -9999.000 -9999.000 -9999.000 -9999.000 -9999.000 -9999.000 -9999.000 -9999.000 24.073 18.001 14.767 11.572 10.223 9.977 10.122 9.752 9.538 9.483 9.108 8.566 7.792 7.822 7.334 6.899 6.293 6.373 6.058 6.037 5.692 5.652 5.541 5.296 5.024 4.886 4.587 4.439 4.275 4.019 3.762 3.564 3.548 3.723 3.947 4.276 3.774 3.331 3.042 2.904 2.847 2.760 2.589 2.410 1.818
-9999.000 -9999.000 -9999.000 -9999.000 -9999.000 -9999.000 -9999.000 -9999.000 -9999.000 -9999.000 -9999.000 -9999.000 -9999.000 -9999.000 -9999.000 -9999.000 -9999.000 -9999.000 -9999.000 -9999.000 -9999.000 -9999.000 -9999.000 -9999.000 26.433 20.151 14.659 11.938 10.291 9.818 9.727 9.605 8.611 8.815 8.434 8.549 7.294 7.250 6.839 6.447 6.101 6.124 5.871 5.963 5.558 5.445 5.309 5.244 5.117 4.789 4.464 4.321 4.201 3.879 3.691 3.658 3.655 3.982 4.379 4.326 3.847 3.287 3.064 2.938 2.881 2.816 2.667 2.389 1.753
-9999.000 -9999.000 -9999.000 -9999.000 -9999.000 -9999.000 -9999.000 -9999.000 -9999.000 -9999.000 -9999.000 -9999.000 -9999.000 -9999.000 -9999.000 -9999.000 -9999.000 -9999.000 -9999.000 -9999.000 -9999.000 -9999.000 -9999.000 -9999.000 -9999.000 19.909 15.684 13.463 11.555 9.866 9.234 8.880 8.228 7.703 7.556 7.101 6.826 6.661 6.560 6.284 6.041 5.892 5.736 5.669 5.432 5.212 4.947 4.988 4.944 4.639 4.361 4.153 4.003 3.809 3.757 3.729 3.781 4.456 4.477 4.407 3.817 3.280 3.092 2.976 2.899 2.791 2.638 2.168 1.772
-9999.000 -9999.000 -9999.000 -9999.000 -9999.000 -9999.000 -9999.000 -9999.000 -9999.000 -9999.000 -9999.000 -9999.000 -9999.000 -9999.000 -9999.000 -9999.000 -9999.000 -9999.000 -9999.000 -9999.000 -9999.000 -9999.000 -9999.000 -9999.000 -9999.000 25.972 19.798 19.031 14.715 12.982 11.317 10.221 9.609 8.656 8.994 7.448 7.592 7.965 7.197 7.232 6.223 6.008 5.832 5.437 5.022 5.021 4.731 4.576 4.591 4.506 4.264 4.078 3.961 3.833 3.803 3.892 4.272 4.703 4.649 4.558 3.596 3.293 3.124 3.008 2.901 2.807 2.700 1.896 1.807
-9999.000 -9999.000 -9999.000 -9999.000 -9999.000 -9999.000 -9999.000 -9999.000 -9999.000 -9999.000 -9999.000 -9999.000 -9999.000 -9999.000 -9999.000 -9999.000 -9999.000 -9999.000 -9999.000 -9999.000 -9999.000 -9999.000 -9999.000 -9999.000 -9999.000 -9999.000 -9999.000 25.718 20.066 15.891 13.762 11.913 10.935 10.566 9.816 8.818 8.486 8.568 7.877 8.771 6.881 6.380 6.029 5.613 4.865 4.790 4.710 4.513 4.424 4.449 4.207 4.053 3.937 3.871 3.928 4.308 4.822 5.049 5.017 4.532 3.581 3.298 3.139 3.040 2.925 2.806 2.452 1.888 1.873
-9999.000 -9999.000 -9999.000 -9999.000 -9999.000 -9999.000 -9999.000 -9999.000 -9999.000 -9999.000 -9999.000 -9999.000 -9999.000 -9999.000 -9999.000 -9999.000 -9999.000 -9999.000 -9999.000 -9999.000 -9999.000 -9999.000 -9999.000 -9999.000 -9999.000 -9999.000 -9999.000 -9999.000 22.884 17.497 17.747 13.864 13.053 11.997 11.020 10.045 9.263 8.641 8.181 8.012 7.015 6.452 6.049 5.779 5.263 4.872 4.757 4.583 4.326 4.209 4.159 4.047 3.984 3.930 4.099 4.860 5.058 5.000 4.947 4.412 3.617 3.316 3.202 3.064 2.893 2.692 1.987 1.922 2.111
-9999.000 -9999.000 -9999.000 -9999.000 -9999.000 -9999.000 -9999.000 -9999.000 -9999.000 -9999.000 -9999.000 -9999.000 -9999.000 -9999.000 -9999.000 -9999.000 -9999.000 -9999.000 -9999.000 -9999.000 -9999.000 -9999.000 -9999.000 -9999.000 -9999.000 -9999.000 -9999.000 -9999.000 -9999.000 -9999.000 22.222 21.781 17.946 13.227 12.331 10.767 9.779 8.949 8.187 7.884 7.148 6.460 5.987 5.776 5.513 5.230 4.938 4.784 4.468 4.340 4.229 4.159 4.044 4.054 4.416 4.936 5.087 5.061 4.861 4.142 3.504 3.309 3.187 3.053 2.814 2.434 1.997 1.984 2.358
-9999.000 -9999.000 -9999.000 -9999.000 -9999.000 -9999.000 -9999.000 -9999.000 -9999.000 -9999.000 -9999.000 -9999.000 -9999.000 -9999.000 -9999.000 -9999.000 -9999.000 -9999.000 -9999.000 -9999.000 -9999.000 -9999.000 -9999.000 -9999.000 -9999.000 -9999.000 -9999.000 -9999.000 -9999.000 -9999.000 -9999.000 24.775 17.712 13.779 11.966 10.523 9.664 8.565 7.739 7.312 6.984 6.511 6.024 5.804 5.607 5.395 5.167 5.011 4.556 4.331 4.278 4.215 4.111 4.251 4.704 4.853 5.003 4.876 4.629 3.927 3.506 3.276 3.173 2.996 2.683 2.113 2.016 2.108 2.853
-9999.000 -9999.000 -9999.000 -9999.000 -9999.000 -9999.000 -9999.000 -9999.000 -9999.000 -9999.000 -9999.000 -9999.000 -9999.000 -9999.000 -9999.000 -9999.000 -9999.000 -9999.000 -9999.000 -9999.000 -9999.000 -9999.000 -9999.000 -9999.000 -9999.000 -9999.000 -9999.000 -9999.000 -9999.000 -9999.000 -9999.000 -9999.000 23.026 14.797 12.391 10.830 10.486 9.212 7.983 7.444 7.137 6.671 6.300 6.100 5.824 5.619 5.242 4.578 4.432 4.384 4.339 4.234 4.148 4.399 4.838 4.795 4.751 4.619 4.394 3.803 3.471 3.281 3.136 2.908 2.489 2.067 2.051 2.049 3.757
-9999.000 -9999.000 -9999.000 -9999.000 -9999.000 -9999.000 -9999.000 -9999.000 -9999.000 -9999.000 -9999.000 -9999.000 -9999.000 -9999.000 -9999.000 -9999.000 -9999.000 -9999.000 -9999.000 -9999.000 -9999.000 -9999.000 -9999.000 -9999.000 -9999.000 -9999.000 -9999.000 -9999.000 -9999.000 -9999.000 -9999.000 -9999.000 27.184 14.535 13.959 11.725 9.932 8.886 7.954 7.589 7.368 6.924 6.383 6.179 5.868 5.589 5.092 4.651 4.582 4.518 4.384 4.261 4.222 4.981 4.933 4.880 4.823 4.603 4.274 3.727 3.426 3.264 3.101 2.918 2.334 2.051 2.026 2.008 4.180
-9999.000 -9999.000 -9999.000 -9999.000 -9999.000 -9999.000 -9999.000 -9999.000 -9999.000 -9999.000 -9999.000 -9999.000 -9999.000 -9999.000 -9999.000 -9999.000 -9999.000 -9999.000 -9999.000 -9999.000 -9999.000 -9999.000 -9999.000 -9999.000 -9999.000 -9999.000 -9999.000 -9999.000 -9999.000 -9999.000 -9999.000 -9999.000 23.060 14.463 13.177 11.006 9.311 8.239 7.754 7.492 7.169 6.919 6.418 6.052 5.661 5.375 4.924 4.743 4.675 4.653 4.549 4.397 4.492 5.107 5.049 4.996 4.924 4.695 4.174 3.714 3.415 3.251 3.059 2.799 2.154 2.020 1.998 1.977 3.904
-9999.000 -9999.000 -9999.000 -9999.000 -9999.000 -9999.000 -9999.000 -9999.000 -9999.000 -9999.000 -9999.000 -9999.000 -9999.000 -9999.000 -9999.000 -9999.000 -9999.000 -9999.000 -9999.000 -9999.000 -9999.000 -9999.000 -9999.000 -9999.000 -9999.000 -9999.000 -9999.000 -9999.000 -9999.000 -9999.000 -9999.000 26.195 17.898 14.737 11.472 9.831 8.384 7.930 7.789 7.656 7.249 7.246 6.796 6.249 5.755 5.169 4.869 4.804 4.727 4.536 4.484 4.436 4.855 5.137 5.080 5.021 4.863 4.664 4.104 3.682 3.383 3.226 2.878 2.443 2.033 1.999 1.973 1.950 1.923
-9999.000 -9999.000 -9999.000 -9999.000 -9999.000 -9999.000 -9999.000 -9999.000 -9999.000 -9999.000 -9999.000 -9999.000 -9999.000 -9999.000 -9999.000 -9999.000 -9999.000 -9999.000 -9999.000 -9999.000 -9999.000 -9999.000 -9999.000 -9999.000 -9999.000 -9999.000 -9999.000 -9999.000 -9999.000 -9999.000 22.427 19.657 15.408 13.293 9.791 8.635 8.268 8.180 8.159 8.258 8.024 7.568 6.848 6.324 5.879 5.153 5.004 4.880 4.641 4.585 4.547 4.482 4.946 5.306 5.245 5.178 4.975 4.573 3.934 3.576 3.362 3.171 2.656 2.229 2.081 2.308 2.414 3.609 4.323
-9999.000 -9999.000 -9999.000 -9999.000 -9999.000 -9999.000 -9999.000 -9999.000 -9999.000 -9999.000 -9999.000 -9999.000 -9999.000 -9999.000 -9999.000 -9999.000 -9999.000 -9999.000 -9999.000 -9999.000 -9999.000 -9999.000 -9999.000 -9999.000 -9999.000 26.004 25.887 18.720 19.959 19.932 16.794 16.070 13.889 11.569 8.696 8.457 8.391 8.344 8.344 8.328 8.227 8.123 7.000 6.313 5.826 5.413 5.382 4.894 4.666 4.621 4.576 4.538 5.268 5.383 5.328 5.255 4.889 4.543 3.948 3.549 3.307 2.982 2.616 2.198 2.181 2.467 2.690 3.549 3.252
-9999.000 -9999.000 -9999.000 -9999.000 -9999.000 -9999.000 -9999.000 -9999.000 -9999.000 -9999.000 -9999.000 -9999.000 -9999.000 -9999.000 -9999.000 -9999.000 -9999.000 -9999.000 -9999.000 -9999.000 -9999.000 -9999.000 -9999.000 27.502 21.509 21.991 19.167 12.726 12.631 12.998 13.236 14.250 12.228 9.208 8.696 8.621 8.532 8.438 8.406 8.336 8.266 8.109 6.752 6.149 5.985 5.516 5.204 4.812 4.710 4.697 4.646 4.592 5.363 5.379 5.321 5.236 4.912 4.451 3.797 3.572 3.163 2.806 2.418 2.219 2.302 2.464 2.630 3.828 1.984
-9999.000 -9999.000 -9999.000 -9999.000 -9999.000 -9999.000 -9999.000 -9999.000 -9999.000 -9999.000 -9999.000 -9999.000 -9999.000 -9999.000 -9999.000 -9999.000 -9999.000 -9999.000 -9999.000 -9999.000 -9999.000 -9999.000 24.549 18.517 16.036 16.845 14.582 12.038 12.018 12.027 11.537 12.265 10.498 8.868 8.740 8.679 8.590 8.410 8.287 8.154 7.727 7.193 6.650 6.252 5.732 5.458 5.119 4.892 4.792 4.737 4.708 5.137 5.548 5.498 5.441 5.365 4.983 4.176 3.679 3.477 2.973 2.731 2.288 2.252 2.353 2.412 2.573 3.472 1.522
