LISFLOOD/results/run8.inittm
ncols         138
nrows         103
xllcorner     341179.518085
yllcorner     4516709.658735
cellsize      30.000000
NODATA_value  -9999.000000
[rows 31 to 61 of 103, columns 69 to 137 of 138]
2.125 2.056 2.001 1.864 1.473 1.263 1.218 1.292 1.300 1.226 1.198 1.117 1.104 1.083 0.912 0.856 0.833 0.809 0.786 0.686 0.657 0.563 0.544 0.527 0.490 0.459 0.259 0.223 0.205 0.186 0.166 0.145 0.124 0.106 0.089 0.074 0.059 0.044 0.034 0.027 0.003 0.001 0.001 0.001 0.004 0.010 0.020 0.034 0.057 0.152 0.174 0.188 0.197 0.170 0.170 0.175 0.179 0.231 0.352 0.370 0.467 0.879 1.814 -9999.000 -9999.000 -9999.000 -9999.000 -9999.000 -9999.000
2.182 2.104 2.022 1.827 1.438 1.253 1.237 1.338 1.311 1.283 1.183 1.150 1.127 1.022 0.887 0.861 0.836 0.845 0.717 0.696 0.658 0.577 0.562 0.538 0.494 0.436 0.242 0.220 0.199 0.178 0.156 0.134 0.114 0.096 0.081 0.067 0.054 0.043 0.042 0.008 0.003 0.001 0.001 0.001 0.004 0.013 0.026 0.041 0.091 0.172 0.189 0.212 0.215 0.185 0.184 0.188 0.191 0.245 0.367 0.383 0.519 0.978 2.332 -9999.000 -9999.000 -9999.000 -9999.000 -9999.000 -9999.000
2.144 2.107 2.053 1.862 1.391 1.266 1.301 1.380 1.326 1.286 1.210 1.256 1.227 0.959 0.892 0.835 0.811 0.785 0.726 0.701 0.668 0.590 0.575 0.543 0.504 0.359 0.236 0.214 0.191 0.167 0.145 0.123 0.104 0.087 0.070 0.056 0.043 0.030 0.018 0.009 0.003 0.001 0.001 0.001 0.004 0.013 0.028 0.043 0.129 0.183 0.208 0.236 0.237 0.201 0.198 0.201 0.203 0.259 0.382 0.400 0.599 1.096 3.316 -9999.000 -9999.000 -9999.000 -9999.000 -9999.000 -9999.000
2.169 2.145 2.084 1.724 1.317 1.282 1.421 1.398 1.367 1.301 1.629 1.591 1.122 0.939 0.891 0.893 0.898 0.758 0.738 0.714 0.668 0.593 0.577 0.541 0.494 0.273 0.231 0.206 0.182 0.158 0.136 0.116 0.097 0.079 0.063 0.049 0.036 0.025 0.016 0.009 0.003 0.001 0.001 0.001 0.003 0.009 0.021 0.041 0.156 0.202 0.253 0.269 0.254 0.216 0.213 0.215 0.216 0.283 0.399 0.423 0.701 1.328 -9999.000 -9999.000 -9999.000 -9999.000 -9999.000 -9999.000 -9999.000
2.196 2.169 2.102 1.557 1.324 1.311 1.495 1.432 1.393 1.421 1.773 1.611 0.990 0.898 0.872 0.876 0.791 0.772 0.755 0.736 0.658 0.592 0.578 0.551 0.413 0.248 0.222 0.197 0.172 0.149 0.128 0.108 0.089 0.072 0.057 0.043 0.030 0.019 0.012 0.006 0.002 0.001 0.001 0.001 0.003 0.010 0.022 0.048 0.179 0.231 0.279 0.286 0.269 0.229 0.227 0.229 0.230 0.304 0.413 0.474 0.809 1.712 -9999.000 -9999.000 -9999.000 -9999.000 -9999.000 -9999.000 -9999.000
2.247 2.217 1.904 1.428 1.342 1.441 1.621 1.475 1.415 2.137 2.101 1.242 0.898 0.872 0.860 0.844 0.801 0.786 0.769 0.751 0.646 0.607 0.594 0.551 0.296 0.237 0.211 0.186 0.162 0.139 0.118 0.099 0.081 0.064 0.049 0.035 0.023 0.013 0.007 0.003 0.001 0.001 0.001 0.003 0.008 0.019 0.032 0.063 0.202 0.261 0.288 0.297 0.286 0.244 0.242 0.243 0.244 0.331 0.424 0.548 0.984 1.934 -9999.000 -9999.000 -9999.000 -9999.000 -9999.000 -9999.000 -9999.000
2.273 2.198 1.729 1.392 1.360 1.552 1.611 1.517 1.681 2.483 2.029 1.009 0.913 0.914 0.927 0.819 0.787 0.771 0.768 0.747 0.642 0.623 0.609 0.473 0.254 0.226 0.200 0.175 0.152 0.130 0.109 0.091 0.073 0.057 0.042 0.029 0.017 0.008 0.003 0.001 0.001 0.001 0.001 0.005 0.014 0.027 0.043 0.089 0.224 0.286 0.299 0.308 0.303 0.258 0.257 0.258 0.258 0.357 0.448 0.673 1.253 -9999.000 -9999.000 -9999.000 -9999.000 -9999.000 -9999.000 -9999.000 -9999.000
2.307 2.054 1.634 1.398 1.379 1.578 1.594 1.544 2.942 2.896 1.203 0.986 0.973 0.995 0.926 0.901 0.843 0.757 0.716 0.698 0.646 0.628 0.611 0.326 0.241 0.214 0.188 0.164 0.141 0.120 0.100 0.082 0.064 0.049 0.036 0.024 0.014 0.007 0.003 0.001 0.001 0.001 0.005 0.012 0.023 0.038 0.055 0.113 0.249 0.304 0.309 0.318 0.315 0.273 0.273 0.273 0.274 0.394 0.519 0.795 1.922 -9999.000 -9999.000 -9999.000 -9999.000 -9999.000 -9999.000 -9999.000 -9999.000
2.334 1.911 1.554 1.416 1.404 1.634 1.612 2.498 4.007 2.076 1.037 1.024 1.059 1.099 0.997 0.974 0.948 0.893 0.794 0.684 0.643 0.627 0.527 0.257 0.228 0.202 0.176 0.152 0.130 0.109 0.091 0.073 0.057 0.042 0.029 0.017 0.008 0.003 0.001 0.001 0.001 0.001 0.006 0.014 0.029 0.048 0.067 0.124 0.277 0.321 0.324 0.329 0.307 0.288 0.288 0.289 0.293 0.432 0.631 1.022 -9999.000 -9999.000 -9999.000 -9999.000 -9999.000 -9999.000 -9999.000 -9999.000 -9999.000
2.268 1.783 1.474 1.436 1.450 1.662 1.928 4.296 4.229 1.188 1.055 1.103 1.104 1.081 1.019 0.992 0.967 0.918 0.845 0.683 0.652 0.637 0.376 0.241 0.214 0.189 0.164 0.141 0.120 0.100 0.081 0.064 0.049 0.035 0.023 0.014 0.007 0.003 0.001 0.001 0.001 0.005 0.011 0.020 0.036 0.056 0.078 0.115 0.302 0.333 0.341 0.340 0.319 0.303 0.304 0.304 0.323 0.487 0.768 1.721 -9999.000 -9999.000 -9999.000 -9999.000 -9999.000 -9999.000 -9999.000 -9999.000 -9999.000
2.047 1.700 1.478 1.456 1.517 1.733 3.874 6.164 2.202 1.142 1.127 1.144 1.108 1.086 1.026 0.998 0.971 0.920 0.844 0.661 0.638 0.552 0.259 0.227 0.200 0.175 0.152 0.129 0.109 0.089 0.072 0.056 0.041 0.028 0.017 0.008 0.003 0.001 0.001 0.001 0.001 0.010 0.018 0.029 0.047 0.086 0.102 0.122 0.318 0.346 0.357 0.352 0.333 0.320 0.320 0.320 0.384 0.604 1.047 -9999.000 -9999.000 -9999.000 -9999.000 -9999.000 -9999.000 -9999.000 -9999.000 -9999.000 -9999.000
2.225 1.573 1.499 1.537 1.719 1.966 6.802 5.488 1.229 1.188 1.176 1.151 1.107 1.083 1.043 1.007 0.970 0.928 0.808 0.659 0.622 0.310 0.240 0.212 0.186 0.162 0.139 0.117 0.098 0.079 0.063 0.048 0.034 0.023 0.013 0.006 0.002 0.001 0.001 0.001 0.005 0.012 0.021 0.032 0.056 0.192 0.158 0.143 0.328 0.358 0.369 0.363 0.347 0.338 0.337 0.343 0.512 0.778 1.528 -9999.000 -9999.000 -9999.000 -9999.000 -9999.000 -9999.000 -9999.000 -9999.000 -9999.000 -9999.000
1.978 1.555 1.537 1.713 1.958 1.934 1.906 1.774 1.261 1.221 1.188 1.156 1.125 1.095 1.067 1.015 0.973 0.943 0.772 0.671 0.471 0.254 0.225 0.198 0.173 0.149 0.127 0.106 0.087 0.069 0.053 0.039 0.026 0.016 0.007 0.003 0.001 0.001 0.001 0.001 0.010 0.019 0.028 0.043 0.080 0.268 0.233 0.166 0.317 0.374 0.381 0.372 0.359 0.356 0.354 0.415 0.653 1.038 1.492 -9999.000 -9999.000 -9999.000 -9999.000 -9999.000 -9999.000 -9999.000 -9999.000 -9999.000 -9999.000
1.636 1.596 1.732 1.840 3.590 7.958 3.609 1.308 1.267 1.244 1.218 1.211 1.199 1.178 1.139 1.058 0.986 0.934 0.738 0.604 0.271 0.238 0.210 0.184 0.159 0.136 0.115 0.095 0.077 0.060 0.044 0.031 0.019 0.009 0.003 0.001 0.001 0.001 0.001 0.003 0.011 0.018 0.028 0.048 0.136 0.306 0.283 0.191 0.301 0.391 0.393 0.383 0.372 0.371 0.372 0.529 0.862 1.722 1.607 2.199 -9999.000 -9999.000 -9999.000 -9999.000 -9999.000 -9999.000 -9999.000 -9999.000 -9999.000
1.652 1.712 1.791 2.487 9.770 11.699 1.936 1.256 1.226 1.204 1.182 1.157 1.142 1.129 1.102 1.075 1.029 0.964 0.793 0.390 0.252 0.223 0.196 0.170 0.146 0.124 0.103 0.084 0.067 0.052 0.038 0.026 0.015 0.007 0.003 0.001 0.001 0.001 0.002 0.010 0.016 0.023 0.036 0.064 0.307 0.323 0.313 0.223 0.273 0.393 0.357 0.372 0.386 0.386 0.437 0.686 1.528 -9999.000 -9999.000 -9999.000 -9999.000 -9999.000 -9999.000 -9999.000 -9999.000 -9999.000 -9999.000 -9999.000 -9999.000
1.696 1.821 2.011 5.546 13.965 4.959 1.306 1.242 1.210 1.181 1.154 1.130 1.099 1.074 1.044 1.021 0.989 0.843 0.656 0.271 0.236 0.208 0.181 0.157 0.134 0.112 0.093 0.075 0.058 0.044 0.031 0.019 0.009 0.003 0.001 0.001 0.001 0.001 0.004 0.011 0.018 0.028 0.046 0.229 0.371 0.350 0.325 0.256 0.272 0.317 0.332 0.353 0.374 0.407 0.590 1.052 -9999.000 -9999.000 -9999.000 -9999.000 -9999.000 -9999.000 -9999.000 -9999.000 -9999.000 -9999.000 -9999.000 -9999.000 -9999.000
1.736 1.882 3.233 11.687 10.886 1.641 1.257 1.230 1.206 1.180 1.154 1.129 1.089 1.062 1.014 0.986 0.933 0.774 0.330 0.248 0.220 0.193 0.167 0.144 0.122 0.101 0.082 0.066 0.050 0.036 0.024 0.015 0.007 0.003 0.001 0.001 0.001 0.003 0.007 0.013 0.022 0.037 0.140 0.396 0.401 0.392 0.348 0.282 0.288 0.307 0.327 0.348 0.373 0.489 0.768 12.342 -9999.000 -9999.000 -9999.000 -9999.000 -9999.000 -9999.000 -9999.000 -9999.000 -9999.000 -9999.000 -9999.000 -9999.000 -9999.000
1.835 2.313 7.996 14.137 3.187 1.267 1.247 1.214 1.186 1.158 1.133 1.103 1.078 1.046 1.007 0.977 0.889 0.604 0.266 0.234 0.206 0.179 0.154 0.131 0.109 0.090 0.072 0.056 0.042 0.029 0.018 0.009 0.003 0.001 0.001 0.001 0.001 0.003 0.008 0.017 0.034 0.160 0.407 0.427 0.421 0.416 0.361 0.300 0.307 0.323 0.341 0.362 0.486 0.687 1.426 -9999.000 -9999.000 -9999.000 -9999.000 -9999.000 -9999.000 -9999.000 -9999.000 -9999.000 -9999.000 -9999.000 -9999.000 -9999.000 -9999.000
2.003 3.649 11.963 7.461 1.386 1.251 1.229 1.204 1.175 1.149 1.125 1.091 1.068 1.024 0.999 0.963 0.818 0.320 0.258 0.224 0.198 0.166 0.142 0.119 0.098 0.079 0.063 0.047 0.034 0.023 0.013 0.006 0.002 0.001 0.001 0.001 0.003 0.007 0.014 0.045 0.418 0.454 0.462 0.463 0.467 0.431 0.374 0.323 0.326 0.341 0.356 0.420 0.613 0.926 -9999.000 -9999.000 -9999.000 -9999.000 -9999.000 -9999.000 -9999.000 -9999.000 -9999.000 -9999.000 -9999.000 -9999.000 -9999.000 -9999.000 -9999.000
2.402 7.901 11.303 2.222 1.268 1.246 1.221 1.197 1.163 1.137 1.110 1.084 1.062 1.022 0.987 0.941 0.707 0.313 0.277 0.244 0.219 0.153 0.130 0.108 0.088 0.070 0.053 0.039 0.026 0.016 0.007 0.003 0.001 0.001 0.001 0.001 0.003 0.009 0.021 0.193 0.432 0.455 0.475 0.479 0.494 0.446 0.373 0.348 0.347 0.358 0.372 0.512 0.716 2.381 -9999.000 -9999.000 -9999.000 -9999.000 -9999.000 -9999.000 -9999.000 -9999.000 -9999.000 -9999.000 -9999.000 -9999.000 -9999.000 -9999.000 -9999.000
3.374 9.408 5.607 1.337 1.267 1.246 1.213 1.188 1.142 1.117 1.093 1.068 1.047 1.004 0.971 0.928 0.541 0.332 0.283 0.248 0.184 0.141 0.118 0.097 0.078 0.061 0.044 0.031 0.019 0.009 0.003 0.001 0.001 0.001 0.001 0.003 0.007 0.016 0.134 0.436 0.446 0.459 0.478 0.490 0.507 0.449 0.388 0.369 0.369 0.377 0.429 0.657 1.266 -9999.000 -9999.000 -9999.000 -9999.000 -9999.000 -9999.000 -9999.000 -9999.000 -9999.000 -9999.000 -9999.000 -9999.000 -9999.000 -9999.000 -9999.000 -9999.000
5.742 8.394 2.076 1.297 1.273 1.248 1.204 1.178 1.143 1.103 1.074 1.046 1.028 0.999 0.982 0.858 0.409 0.361 0.324 0.290 0.157 0.131 0.108 0.087 0.069 0.052 0.038 0.026 0.015 0.007 0.003 0.001 0.001 0.001 0.002 0.006 0.012 0.056 0.441 0.461 0.459 0.470 0.492 0.504 0.513 0.422 0.404 0.390 0.390 0.415 0.566 0.801 2.525 -9999.000 -9999.000 -9999.000 -9999.000 -9999.000 -9999.000 -9999.000 -9999.000 -9999.000 -9999.000 -9999.000 -9999.000 -9999.000 -9999.000 -9999.000 -9999.000
6.458 5.223 1.371 1.306 1.277 1.245 1.208 1.177 1.136 1.098 1.078 1.060 1.033 1.013 0.983 0.719 0.383 0.339 0.293 0.208 0.144 0.120 0.098 0.078 0.061 0.045 0.031 0.019 0.009 0.003 0.001 0.001 0.001 0.001 0.003 0.008 0.019 0.304 0.474 0.476 0.473 0.488 0.500 0.511 0.458 0.434 0.421 0.412 0.411 0.524 0.734 1.287 1.508 1.529 1.912 -9999.000 -9999.000 -9999.000 -9999.000 -9999.000 -9999.000 -9999.000 -9999.000 -9999.000 -9999.000 -9999.000 -9999.000 -9999.000 -9999.000
6.577 2.437 1.336 1.312 1.284 1.256 1.228 1.172 1.142 1.113 1.094 1.076 1.054 1.056 0.942 0.393 0.347 0.415 0.423 0.162 0.134 0.111 0.089 0.070 0.053 0.038 0.026 0.015 0.007 0.003 0.001 0.001 0.001 0.003 0.007 0.013 0.108 0.473 0.492 0.493 0.489 0.501 0.513 0.519 0.465 0.449 0.437 0.432 0.464 0.673 1.014 5.736 2.191 1.684 1.697 1.712 1.748 1.855 2.039 2.504 -9999.000 -9999.000 -9999.000 -9999.000 -9999.000 -9999.000 -9999.000 -9999.000 -9999.000
5.317 1.517 1.348 1.328 1.289 1.261 1.233 1.187 1.152 1.128 1.106 1.088 1.071 1.053 0.856 0.306 0.312 0.351 0.218 0.149 0.124 0.102 0.081 0.062 0.046 0.031 0.019 0.009 0.003 0.001 0.001 0.001 0.001 0.003 0.008 0.027 0.313 0.476 0.506 0.509 0.506 0.518 0.523 0.496 0.479 0.465 0.454 0.451 0.601 0.934 3.622 -9999.000 -9999.000 -9999.000 -9999.000 -9999.000 -9999.000 -9999.000 -9999.000 -9999.000 -9999.000 -9999.000 -9999.000 -9999.000 -9999.000 -9999.000 -9999.000 -9999.000 -9999.000
3.242 1.397 1.372 1.347 1.311 1.281 1.217 1.183 1.157 1.138 1.116 1.097 1.077 1.045 0.711 0.272 0.243 0.218 0.170 0.140 0.116 0.093 0.073 0.055 0.039 0.026 0.015 0.007 0.003 0.001 0.001 0.001 0.003 0.007 0.016 0.163 0.412 0.494 0.519 0.525 0.526 0.531 0.529 0.508 0.494 0.481 0.473 0.498 0.807 6.251 -9999.000 -9999.000 -9999.000 -9999.000 -9999.000 -9999.000 -9999.000 -9999.000 -9999.000 -9999.000 -9999.000 -9999.000 -9999.000 -9999.000 -9999.000 -9999.000 -9999.000 -9999.000 -9999.000
1.559 1.393 1.362 1.329 1.291 1.267 1.222 1.199 1.165 1.146 1.128 1.111 1.094 0.975 0.324 0.255 0.228 0.203 0.157 0.131 0.107 0.086 0.066 0.048 0.032 0.019 0.009 0.003 0.001 0.001 0.001 0.001 0.003 0.009 0.080 0.351 0.404 0.468 0.507 0.537 0.542 0.543 0.538 0.523 0.509 0.499 0.494 0.666 1.884 -9999.000 -9999.000 -9999.000 -9999.000 -9999.000 -9999.000 -9999.000 -9999.000 -9999.000 -9999.000 -9999.000 -9999.000 -9999.000 -9999.000 -9999.000 -9999.000 -9999.000 -9999.000 -9999.000 -9999.000
1.531 1.398 1.365 1.335 1.301 1.269 1.233 1.201 1.178 1.163 1.148 1.133 1.117 0.853 0.266 0.234 0.206 0.177 0.148 0.123 0.099 0.079 0.060 0.043 0.029 0.016 0.007 0.003 0.001 0.001 0.001 0.003 0.007 0.033 0.283 0.319 0.360 0.432 0.479 0.568 0.557 0.556 0.551 0.538 0.527 0.518 0.577 0.933 -9999.000 -9999.000 -9999.000 -9999.000 -9999.000 -9999.000 -9999.000 -9999.000 -9999.000 -9999.000 -9999.000 -9999.000 -9999.000 -9999.000 -9999.000 -9999.000 -9999.000 -9999.000 -9999.000 -9999.000 -9999.000
1.458 1.412 1.383 1.356 1.327 1.283 1.247 1.212 1.197 1.179 1.162 1.145 1.086 0.580 0.257 0.227 0.196 0.167 0.141 0.116 0.093 0.072 0.053 0.037 0.022 0.010 0.003 0.001 0.001 0.001 0.002 0.006 0.013 0.116 0.296 0.331 0.374 0.409 0.456 0.584 0.574 0.572 0.563 0.554 0.545 0.547 0.754 2.031 -9999.000 -9999.000 -9999.000 -9999.000 -9999.000 -9999.000 -9999.000 -9999.000 -9999.000 -9999.000 -9999.000 -9999.000 -9999.000 -9999.000 -9999.000 -9999.000 -9999.000 -9999.000 -9999.000 -9999.000 -9999.000
1.441 1.410 1.382 1.354 1.324 1.288 1.249 1.234 1.216 1.202 1.187 1.167 0.982 0.299 0.249 0.217 0.187 0.159 0.133 0.109 0.087 0.067 0.049 0.033 0.021 0.010 0.003 0.001 0.001 0.001 0.003 0.009 0.041 0.261 0.300 0.332 0.374 0.409 0.566 0.583 0.590 0.584 0.576 0.569 0.563 0.684 1.039 -9999.000 -9999.000 -9999.000 -9999.000 -9999.000 -9999.000 -9999.000 -9999.000 -9999.000 -9999.000 -9999.000 -9999.000 -9999.000 -9999.000 -9999.000 -9999.000 -9999.000 -9999.000 -9999.000 -9999.000 -9999.000 -9999.000
1.443 1.417 1.383 1.361 1.324 1.282 1.261 1.244 1.228 1.211 1.189 1.158 0.824 0.272 0.239 0.208 0.179 0.152 0.127 0.103 0.082 0.062 0.046 0.031 0.018 0.009 0.003 0.001 0.001 0.001 0.003 0.013 0.129 0.346 0.342 0.368 0.399 0.437 0.571 0.589 0.603 0.596 0.590 0.585 0.621 0.906 1.840 -9999.000 -9999.000 -9999.000 -9999.000 -9999.000 -9999.000 -9999.000 -9999.000 -9999.000 -9999.000 -9999.000 -9999.000 -9999.000 -9999.000 -9999.000 -9999.000 -9999.000 -9999.000 -9999.000 -9999.000 -9999.000 -9999.000
