LISFLOOD/results/run8.totaltm
ncols         138
nrows         103
xllcorner     341179.518085
yllcorner     4516709.658735
cellsize      30.000000
NODATA_value  -9999.000000
[rows 64 to 95 of 103, columns 0 to 72 of 138]
0.000 0.000 0.000 0.000 0.000 0.000 0.000 0.000 0.000 0.000 0.000 0.000 0.000 0.000 0.000 0.000 0.000 0.000 1.096 1.440 1.326 6.837 10.225 12.423 13.632 14.341 16.128 16.445 16.560 16.648 16.457 16.712 17.493 18.569 19.113 19.963 20.167 20.401 20.588 20.914 21.134 21.294 21.468 21.676 22.008 22.212 22.589 22.702 22.770 22.763 22.436 21.834 21.826 21.894 21.966 22.148 23.041 24.021 24.523 25.061 25.165 25.454 25.590 25.592 25.613 25.571 25.252 26.191 26.241 26.269 26.302 26.384 26.419
0.000 0.000 0.000 0.000 0.000 0.000 0.000 0.000 0.000 0.000 0.000 0.000 0.000 0.000 0.000 0.000 0.000 0.000 0.000 0.000 0.000 2.929 8.048 11.676 13.217 12.891 12.576 12.698 13.322 14.342 14.842 15.176 17.089 18.356 19.048 19.679 20.251 20.425 20.449 20.770 20.988 21.235 21.461 21.744 22.109 22.445 22.624 22.662 22.733 22.644 22.152 21.763 21.707 21.777 21.849 22.069 23.222 24.224 24.737 25.160 25.217 25.562 25.624 25.634 25.672 25.633 25.587 26.208 26.237 26.266 26.322 26.378 26.405
0.000 0.000 0.000 0.000 0.000 0.000 0.000 0.000 0.000 0.000 0.000 0.000 0.000 0.000 0.000 0.000 0.000 0.000 0.000 0.000 2.578 3.053 3.223 0.000 0.000 2.349 9.788 13.101 13.192 13.268 13.424 13.888 16.551 18.256 18.936 19.486 19.932 20.479 20.730 20.758 20.976 21.153 21.472 21.789 22.238 22.472 22.586 22.563 22.660 22.593 22.002 21.621 21.570 21.644 21.732 22.139 23.591 24.523 24.978 25.167 25.268 25.631 25.654 25.674 25.720 25.683 25.798 26.193 26.229 26.262 26.332 26.368 26.387
0.000 0.000 0.000 0.000 0.000 0.000 0.000 0.000 0.000 0.000 0.000 0.000 0.000 0.000 0.000 0.000 0.000 0.000 0.000 0.000 0.000 0.000 0.000 0.000 0.000 0.000 3.894 13.036 13.158 13.324 14.042 15.332 17.315 18.056 18.481 19.326 19.953 20.692 21.012 20.992 21.018 21.261 21.542 21.963 22.266 22.437 22.548 22.539 22.573 22.545 21.928 21.549 21.307 21.389 21.511 22.362 23.970 24.830 25.090 25.193 25.318 25.686 25.715 25.733 25.767 25.707 26.107 26.194 26.226 26.267 26.324 26.353 26.371
0.000 0.000 0.000 0.000 0.000 0.000 0.000 0.000 0.000 0.000 0.000 0.000 0.000 0.000 0.000 0.000 0.000 0.000 0.000 0.000 0.000 0.000 0.000 0.000 0.000 0.000 0.000 0.126 5.008 8.183 10.691 12.206 17.303 17.607 18.028 19.116 19.829 20.618 21.086 21.253 21.296 21.407 21.558 21.965 22.211 22.436 22.507 22.431 22.505 22.503 21.861 21.409 21.076 21.162 21.306 22.894 24.401 25.073 25.204 25.321 25.351 25.735 25.766 25.790 25.809 25.798 26.158 26.186 26.238 26.279 26.322 26.342 26.357
0.000 0.000 0.000 0.000 0.000 0.000 0.000 0.000 0.000 0.000 0.000 0.000 0.000 0.000 0.000 0.000 0.000 0.000 0.000 0.000 0.000 0.000 0.000 0.000 0.000 0.000 0.000 0.000 0.000 0.000 4.373 8.188 16.085 17.743 18.446 19.111 19.767 20.581 21.081 21.289 21.487 21.578 21.799 22.049 22.202 22.374 22.444 22.334 22.434 22.373 21.747 21.261 20.659 20.534 20.918 23.585 24.699 25.151 25.254 25.334 25.391 25.757 25.792 25.819 25.847 25.893 26.172 26.198 26.265 26.289 26.309 26.325 26.341
0.000 0.000 0.000 0.000 0.000 0.000 0.000 0.000 0.000 0.000 0.000 0.000 0.000 0.000 0.000 0.000 0.000 0.000 0.000 0.000 0.000 0.000 0.000 0.000 0.000 0.000 0.000 0.000 0.000 0.000 0.000 0.000 14.192 17.963 18.550 19.112 19.755 20.473 21.011 21.272 21.461 21.689 21.848 21.971 22.089 22.297 22.363 22.281 22.379 22.122 21.667 21.426 20.754 19.700 20.525 23.808 24.857 25.173 25.259 25.299 25.442 25.707 25.702 25.729 25.757 26.040 26.173 26.198 26.256 26.273 26.289 26.298 26.325
0.000 0.000 0.000 0.000 0.000 0.000 0.000 0.000 0.000 0.000 0.000 0.000 0.000 0.000 0.000 0.000 0.000 0.000 0.000 0.000 0.000 0.000 0.000 0.000 0.000 0.000 0.000 0.000 0.000 0.000 0.000 0.000 11.222 18.120 18.770 19.216 19.592 20.432 20.903 21.199 21.366 21.601 21.842 21.965 22.100 22.253 22.283 22.253 22.324 21.956 21.838 21.597 20.969 20.049 21.542 23.381 24.958 25.244 25.313 25.311 25.513 25.671 25.690 25.710 25.728 26.123 26.176 26.207 26.239 26.252 26.268 26.278 26.316
0.000 0.000 0.000 0.000 0.000 0.000 0.000 0.000 0.000 0.000 0.000 0.000 0.000 0.000 0.000 0.000 0.000 0.000 0.000 0.000 0.000 0.000 0.000 0.000 0.000 0.000 0.000 0.000 0.000 0.000 0.000 1.053 11.812 17.987 18.904 19.177 19.412 20.415 20.849 21.164 21.381 21.548 21.728 22.037 22.122 22.205 22.213 22.214 22.206 21.899 21.943 21.718 21.191 21.348 23.308 24.571 25.118 25.193 25.332 25.391 25.592 25.686 25.715 25.744 25.784 26.143 26.163 26.199 26.216 26.232 26.246 26.273 26.304
0.000 0.000 0.000 0.000 0.000 0.000 0.000 0.000 0.000 0.000 0.000 0.000 0.000 0.000 0.000 0.000 0.000 0.000 0.000 0.000 0.000 0.000 0.000 0.000 0.000 0.000 0.000 0.000 0.000 0.000 3.842 9.577 14.497 18.226 19.006 19.277 19.676 20.404 20.909 21.264 21.447 21.616 21.756 22.032 22.088 22.145 22.156 22.182 22.166 22.001 22.039 21.807 21.889 22.481 24.342 24.931 25.112 25.137 25.116 25.285 25.575 25.591 25.616 25.649 25.897 26.117 26.139 26.175 26.192 26.214 26.243 26.274 26.288
0.000 0.000 0.000 0.000 0.000 0.000 0.000 0.000 0.000 0.000 0.000 0.000 0.000 0.000 0.000 0.000 0.000 0.000 0.000 0.000 0.000 0.000 0.000 0.000 0.000 0.000 0.000 0.000 0.000 0.000 6.343 12.296 15.848 18.504 19.203 19.728 20.111 20.486 20.936 21.364 21.548 21.707 21.847 22.007 22.042 22.085 22.105 22.149 22.123 22.141 22.161 22.165 22.214 23.556 24.686 25.018 25.073 24.938 25.081 25.326 25.553 25.433 25.468 25.511 26.027 26.101 26.122 26.149 26.171 26.206 26.239 26.261 26.264
0.000 0.000 0.000 0.000 0.000 0.000 0.000 0.000 0.000 0.000 0.000 0.000 0.000 0.000 0.000 0.000 0.000 0.000 0.000 0.000 0.000 0.000 0.000 0.000 0.000 0.000 0.000 0.000 0.000 1.183 6.588 15.272 17.622 18.658 19.452 20.047 20.600 21.111 21.023 21.299 21.401 21.484 21.705 22.111 22.073 22.022 22.082 22.111 22.148 22.189 22.227 22.237 22.639 24.299 24.865 25.025 25.052 25.079 25.156 25.461 25.519 25.423 25.463 25.513 26.057 26.082 26.103 26.128 26.169 26.206 26.229 26.241 26.240
0.000 0.000 0.000 0.000 0.000 0.000 0.000 0.000 0.000 0.000 0.000 0.000 0.000 0.000 0.000 0.000 0.000 0.000 0.000 0.000 0.000 0.000 0.000 0.000 0.000 0.000 0.000 0.000 1.733 2.730 5.927 16.019 17.730 18.547 19.340 20.061 20.801 21.262 21.309 21.294 21.325 21.414 21.701 22.212 22.143 22.062 22.038 22.120 22.187 22.235 22.284 22.381 23.506 24.644 24.924 25.019 25.051 25.114 25.238 25.444 25.384 25.296 25.334 25.699 26.037 26.054 26.077 26.136 26.177 26.194 26.205 26.211 26.229
0.000 0.000 0.000 0.000 0.000 0.000 0.000 0.000 0.000 0.000 0.000 0.000 0.000 0.000 0.000 0.000 0.000 0.000 0.000 0.000 0.000 0.000 0.000 0.000 0.000 0.000 0.000 0.000 1.120 5.676 8.895 15.016 16.588 17.474 18.552 19.613 20.666 21.267 21.541 21.703 21.831 22.027 22.297 22.252 22.118 21.923 21.917 21.997 22.048 22.096 22.154 22.656 24.091 24.784 24.952 25.021 25.063 25.101 25.363 25.381 25.147 25.172 25.168 25.911 26.035 26.070 26.111 26.144 26.163 26.166 26.155 26.177 26.199
0.000 0.000 0.000 0.000 0.000 0.000 0.000 0.000 0.000 0.000 0.000 0.000 0.000 0.000 0.000 0.000 0.000 0.000 0.000 0.000 0.000 0.000 0.000 0.000 0.000 0.000 0.000 0.000 0.000 7.718 11.520 13.974 14.494 16.611 17.966 19.226 20.342 20.963 21.381 21.518 21.572 21.691 22.340 22.251 22.069 21.932 21.976 22.003 22.049 22.104 22.513 23.109 24.033 24.849 24.966 24.996 25.022 25.276 25.344 25.141 25.181 25.216 25.266 26.034 26.077 26.096 26.115 26.132 26.145 26.134 26.129 26.150 26.184
0.000 0.000 0.000 0.000 0.000 0.000 0.000 0.000 0.000 0.000 0.000 0.000 0.000 0.000 0.000 0.000 0.000 0.000 0.000 0.000 0.000 0.000 0.000 0.000 0.000 0.000 0.000 0.000 0.000 0.000 7.598 12.219 14.545 16.997 18.118 19.099 20.035 20.846 21.266 21.626 21.652 21.786 22.406 22.262 22.021 21.978 22.029 22.040 22.046 21.980 22.909 24.149 24.718 24.903 24.944 24.966 25.179 25.262 25.137 24.947 24.987 25.021 25.651 26.038 26.056 26.072 26.091 26.103 26.113 26.111 26.112 26.131 26.182
0.000 0.000 0.000 0.000 0.000 0.000 0.000 0.000 0.000 0.000 0.000 0.000 0.000 0.000 0.000 0.000 0.000 0.000 0.000 0.000 0.000 0.000 0.000 0.000 0.000 0.000 0.000 0.000 0.000 0.000 6.606 14.394 16.541 16.687 16.783 17.558 19.081 21.126 21.624 21.900 22.138 22.272 22.451 22.210 22.029 22.083 22.082 22.096 22.126 22.458 23.588 24.514 24.772 24.825 24.919 25.101 25.166 25.156 24.888 24.934 24.964 25.001 25.918 26.022 26.041 26.056 26.064 26.068 26.069 26.077 26.108 26.145 26.163
0.000 0.000 0.000 0.000 0.000 0.000 0.000 0.000 0.000 0.000 0.000 0.000 0.000 0.000 0.000 0.000 0.000 0.000 0.000 0.000 0.000 0.000 0.000 0.000 0.000 0.000 0.000 0.000 0.000 0.000 13.872 16.639 16.474 16.458 16.464 17.334 19.021 21.096 21.762 22.131 22.274 22.473 22.507 22.173 22.093 22.156 22.133 22.147 22.174 22.836 24.062 24.708 24.741 24.834 25.049 25.088 25.031 24.855 24.902 24.939 24.969 25.152 25.936 25.993 26.023 26.036 26.044 26.050 26.074 26.098 26.113 26.130 26.143
0.000 0.000 0.000 0.000 0.000 0.000 0.000 0.000 0.000 0.000 0.000 0.000 0.000 0.000 0.000 0.000 0.000 0.000 0.000 0.000 0.000 0.000 0.000 0.000 0.000 0.000 0.000 0.000 0.000 7.546 16.318 16.904 17.014 16.663 16.936 17.870 19.649 21.203 21.882 22.378 22.599 22.677 22.542 22.163 22.164 22.222 22.193 22.211 22.496 23.410 24.471 24.757 24.857 25.017 25.036 24.834 24.748 24.813 24.839 24.865 24.886 25.372 25.961 25.984 26.005 26.019 26.032 26.046 26.061 26.067 26.059 26.067 26.086
0.000 0.000 0.000 0.000 0.000 0.000 0.000 0.000 0.000 0.000 0.000 0.000 0.000 0.000 0.000 0.000 0.000 0.000 0.000 0.000 0.000 0.000 0.000 0.000 0.000 0.000 0.000 0.000 0.000 10.342 16.414 16.599 17.162 17.963 18.889 19.780 20.558 21.641 22.488 22.811 22.652 22.718 22.565 22.362 22.224 22.288 22.266 22.176 22.994 24.277 24.602 24.838 24.971 24.986 24.638 24.634 24.784 24.824 24.863 24.894 24.929 25.897 25.958 25.970 25.974 25.980 25.979 25.963 25.959 25.931 25.902 25.938 25.978
0.000 0.000 0.000 0.000 0.000 0.000 0.000 0.000 0.000 0.000 0.000 0.000 0.000 0.000 0.000 0.000 0.000 0.000 0.000 0.000 0.000 0.000 0.000 0.000 0.000 0.000 0.000 0.000 0.000 2.537 11.793 14.703 16.306 16.776 18.671 19.771 20.751 22.163 22.676 22.897 22.672 22.813 22.671 22.538 22.400 22.441 22.492 22.633 23.129 24.146 24.688 24.927 24.946 24.643 24.518 24.676 24.727 24.751 24.788 24.819 25.125 25.905 25.948 25.960 25.963 25.966 25.919 25.685 25.743 25.819 25.856 25.909 25.944
0.000 0.000 0.000 0.000 0.000 0.000 0.000 0.000 0.000 0.000 0.000 0.000 0.000 0.000 0.000 0.000 0.000 0.000 0.000 0.000 0.000 0.000 0.000 0.000 0.000 0.000 0.000 0.000 0.000 0.000 9.219 15.166 15.992 16.052 18.179 19.979 20.885 22.296 22.844 22.971 22.969 22.904 22.827 22.645 22.424 22.482 22.546 22.995 23.258 24.020 24.854 24.907 24.712 24.488 24.519 24.697 24.729 24.759 24.783 24.769 25.423 25.899 25.936 25.947 25.949 25.952 25.904 25.784 25.813 25.841 25.868 25.901 25.935
0.000 0.000 0.000 0.000 0.000 0.000 0.000 0.000 0.000 0.000 0.000 0.000 0.000 0.000 0.000 0.000 0.000 0.000 0.000 0.000 0.000 0.000 0.000 0.000 0.000 0.000 0.000 0.000 0.000 10.337 13.816 15.836 16.108 15.996 17.700 20.439 21.427 22.619 23.030 23.105 23.143 22.990 22.881 22.384 22.292 22.497 22.731 23.127 23.484 24.508 24.840 24.832 24.472 24.439 24.562 24.723 24.757 24.789 24.814 24.880 25.641 25.897 25.922 25.931 25.931 25.931 25.908 25.866 25.828 25.848 25.868 25.894 25.926
0.000 0.000 0.000 0.000 0.000 0.000 0.000 0.000 0.000 0.000 0.000 0.000 0.000 0.000 0.000 0.000 0.000 0.000 0.000 0.000 0.000 0.000 0.000 0.000 0.000 0.000 0.000 0.000 11.643 13.448 14.896 16.347 16.553 18.196 20.136 21.112 21.933 22.832 23.086 23.146 23.201 22.938 22.618 22.251 22.319 22.573 23.064 23.646 23.996 24.745 24.813 24.552 24.442 24.466 24.615 24.679 24.636 24.664 24.691 25.114 25.786 25.889 25.907 25.900 25.908 25.908 25.889 25.867 25.803 25.827 25.848 25.878 25.932
0.000 0.000 0.000 0.000 0.000 0.000 0.000 0.000 0.000 0.000 0.000 0.000 0.000 0.000 0.000 0.000 0.000 0.000 0.000 0.000 0.000 0.000 0.000 0.000 0.000 0.000 0.000 0.000 8.338 12.059 13.970 16.067 17.131 18.578 19.952 20.886 22.163 22.908 23.121 23.179 23.227 22.981 22.672 22.670 22.889 23.120 23.541 24.213 24.316 24.738 24.754 24.443 24.454 24.503 24.604 24.630 24.658 24.683 24.711 25.393 25.829 25.872 25.890 25.879 25.882 25.886 25.869 25.844 25.782 25.801 25.818 25.846 25.955
0.000 0.000 0.000 0.000 0.000 0.000 0.000 0.000 0.000 0.000 0.000 0.000 0.000 0.000 0.000 0.000 0.000 0.000 0.000 0.000 0.000 0.000 0.000 0.000 0.000 0.000 0.000 0.000 3.502 11.083 13.321 15.582 17.798 19.351 20.399 21.460 22.472 22.886 23.135 23.204 23.249 23.103 23.075 23.087 23.143 23.371 23.789 24.167 24.334 24.717 24.676 24.420 24.442 24.528 24.606 24.640 24.677 24.705 24.975 25.663 25.823 25.853 25.868 25.837 25.855 25.861 25.849 25.788 25.802 25.824 25.847 25.879 25.971
0.000 0.000 0.000 0.000 0.000 0.000 0.000 0.000 0.000 0.000 0.000 0.000 0.000 0.000 0.000 0.000 0.000 0.000 0.000 0.000 0.000 0.000 0.000 0.000 0.000 0.000 0.000 0.000 6.912 13.759 15.013 16.631 19.203 20.352 21.218 21.956 22.539 22.842 23.132 23.243 23.322 23.345 23.422 23.467 23.467 23.778 24.195 24.323 24.384 24.687 24.643 24.428 24.444 24.544 24.574 24.602 24.622 24.635 25.308 25.724 25.810 25.833 25.841 25.771 25.830 25.835 25.825 25.739 25.763 25.786 25.810 25.843 26.001
0.000 0.000 0.000 0.000 0.000 0.000 0.000 0.000 0.000 0.000 0.000 0.000 0.000 0.000 0.000 0.000 0.000 0.000 0.000 0.000 0.000 0.000 0.000 0.000 0.000 0.000 0.000 0.000 7.145 12.888 15.716 17.951 19.484 20.374 21.157 22.053 22.571 22.791 23.083 23.129 23.180 23.358 23.418 23.499 23.527 24.194 24.219 24.253 24.322 24.644 24.628 24.456 24.471 24.555 24.588 24.623 24.648 24.731 25.534 25.729 25.789 25.810 25.812 25.662 25.778 25.807 25.786 25.731 25.757 25.778 25.804 25.853 26.089
0.000 0.000 0.000 0.000 0.000 0.000 0.000 0.000 0.000 0.000 0.000 0.000 0.000 0.000 0.000 0.000 0.000 0.000 0.000 0.000 0.000 0.000 0.000 0.000 0.000 0.000 0.000 0.000 3.092 11.170 15.253 18.128 19.590 20.536 21.417 22.171 22.568 22.746 22.976 22.856 22.792 22.845 23.049 23.198 23.726 24.139 24.128 24.226 24.306 24.626 24.594 24.435 24.458 24.466 24.350 24.260 24.307 24.985 25.611 25.736 25.766 25.783 25.783 25.686 25.727 25.757 25.711 25.730 25.753 25.775 25.801 25.858 26.186
0.000 0.000 0.000 0.000 0.000 0.000 0.000 0.000 0.000 0.000 0.000 0.000 0.000 0.000 0.000 0.000 0.000 0.000 0.000 0.000 0.000 0.000 0.000 0.000 0.000 0.000 0.000 0.000 3.171 10.494 14.811 17.861 19.471 20.438 21.275 22.079 22.511 22.709 22.866 22.794 22.824 22.871 23.011 23.228 23.941 24.106 24.115 24.208 24.283 24.599 24.574 24.417 24.430 24.271 24.039 23.997 24.064 25.271 25.673 25.719 25.743 25.752 25.754 25.721 25.708 25.715 25.623 25.638 25.666 25.691 25.774 25.881 26.359
0.000 0.000 0.000 0.000 0.000 0.000 0.000 0.000 0.000 0.000 0.000 0.000 0.000 0.000 0.000 0.000 0.000 0.000 0.000 0.000 0.000 0.000 0.000 0.000 0.000 0.000 0.000 0.000 6.826 12.608 15.457 17.977 19.507 20.595 21.154 21.531 21.808 22.366 22.777 22.868 22.914 22.958 23.103 23.287 24.016 24.079 24.100 24.194 24.276 24.567 24.551 24.393 24.352 24.099 23.599 23.207 24.253 25.501 25.669 25.695 25.718 25.722 25.722 25.695 25.686 25.696 25.600 25.599 25.593 25.616 25.777 25.967 26.716
0.000 0.000 0.000 0.000 0.000 0.000 0.000 0.000 0.000 0.000 0.000 0.000 0.000 0.000 0.000 0.000 0.000 0.000 0.000 0.000 0.000 0.000 0.000 0.000 0.000 0.000 0.000 0.000 10.097 14.210 16.684 18.042 19.383 20.287 21.174 21.701 22.068 22.129 22.057 22.848 22.894 22.949 23.200 23.453 24.039 24.061 24.085 24.183 24.267 24.538 24.524 24.268 24.137 23.854 22.774 22.751 24.791 25.591 25.646 25.669 25.687 25.691 25.690 25.667 25.662 25.669 25.612 25.612 25.635 25.656 25.712 26.018 27.110
