LISFLOOD/results/run8.totaltm
ncols         138
nrows         103
xllcorner     341179.518085
yllcorner     4516709.658735
cellsize      30.000000
NODATA_value  -9999.000000
[rows 32 to 63 of 103, columns 0 to 72 of 138]
0.000 0.000 0.000 0.000 0.000 0.000 0.000 0.000 0.000 0.000 0.000 0.000 0.000 0.000 0.000 0.000 0.000 0.000 0.000 0.000 0.000 0.000 0.000 0.000 0.000 0.000 0.000 0.000 0.000 0.000 0.000 0.000 0.000 0.000 0.000 0.000 0.000 0.000 0.000 0.000 12.452 15.786 20.305 21.479 21.556 22.059 22.567 22.511 22.503 22.356 22.281 22.335 22.424 22.297 22.377 22.456 22.751 23.133 23.333 23.493 23.552 23.913 24.317 24.809 25.149 25.365 25.424 25.476 25.501 25.596 25.674 25.756 25.951
0.000 0.000 0.000 0.000 0.000 0.000 0.000 0.000 0.000 0.000 0.000 0.000 0.000 0.000 0.000 0.000 0.000 0.000 0.000 0.000 0.000 0.000 0.000 0.000 0.000 0.000 0.000 0.000 0.000 0.000 0.000 0.000 0.000 0.000 0.000 0.000 0.000 0.000 0.000 0.000 10.597 13.592 20.151 21.373 21.507 22.040 22.634 22.641 22.683 22.567 22.549 22.593 22.572 22.492 22.526 22.599 23.047 23.263 23.439 23.507 23.642 24.046 24.403 24.893 25.204 25.339 25.384 25.459 25.515 25.634 25.671 25.725 25.916
0.000 0.000 0.000 0.000 0.000 0.000 0.000 0.000 0.000 0.000 0.000 0.000 0.000 0.000 0.000 0.000 0.000 0.000 0.000 0.000 0.000 0.000 0.000 0.000 0.000 0.000 0.000 0.000 0.000 0.000 0.000 0.000 0.000 0.000 0.000 0.000 0.000 0.000 0.000 0.000 10.869 13.644 20.168 21.279 21.494 22.026 22.681 22.722 22.801 22.817 22.866 22.852 22.697 22.719 22.796 22.971 23.114 23.274 23.429 23.509 23.844 24.143 24.457 25.075 25.276 25.343 25.380 25.489 25.558 25.609 25.633 25.694 26.054
0.000 0.000 0.000 0.000 0.000 0.000 0.000 0.000 0.000 0.000 0.000 0.000 0.000 0.000 0.000 0.000 0.000 0.000 0.000 0.000 0.000 0.000 0.000 0.000 0.000 0.000 0.000 0.000 0.000 0.000 0.000 0.000 0.000 0.000 0.000 0.000 0.000 0.000 0.000 0.000 12.434 14.676 19.968 21.483 21.711 22.120 22.723 22.796 22.938 23.003 23.085 23.029 22.949 22.884 22.942 23.134 23.196 23.356 23.550 23.681 23.869 24.259 24.714 25.147 25.241 25.292 25.299 25.343 25.533 25.583 25.609 25.677 26.221
0.000 0.000 0.000 0.000 0.000 0.000 0.000 0.000 0.000 0.000 0.000 0.000 0.000 0.000 0.000 0.000 0.000 0.000 0.000 0.000 0.000 0.000 0.000 0.000 1.444 2.427 2.757 1.721 0.000 0.000 0.000 0.000 0.000 0.000 0.000 0.000 0.000 0.000 0.000 0.000 11.789 16.067 18.453 20.027 21.433 22.261 22.791 22.952 23.088 23.150 23.247 23.197 23.201 23.181 23.294 23.277 23.319 23.389 23.682 23.738 23.974 24.444 24.821 25.111 25.181 25.261 25.142 25.299 25.503 25.532 25.561 25.874 26.351
0.000 0.000 0.000 0.000 0.000 0.000 0.000 0.000 0.000 0.000 0.000 0.000 0.000 0.000 0.000 0.000 0.000 0.000 0.000 0.000 0.000 0.000 0.000 0.000 2.094 2.566 3.781 7.229 7.109 0.000 0.000 0.000 0.000 0.000 0.000 0.000 0.000 0.000 0.000 0.000 12.627 16.976 18.669 19.761 21.781 22.257 22.688 22.978 23.152 23.251 23.324 23.362 23.400 23.493 23.533 23.421 23.448 23.598 23.848 24.007 24.229 24.740 24.993 25.089 25.173 25.225 25.245 25.359 25.474 25.506 25.581 26.049 26.386
0.000 0.000 0.000 0.000 0.000 0.000 0.000 0.000 0.000 0.000 0.000 0.000 0.000 0.000 0.000 0.000 0.000 0.000 0.000 0.000 0.000 0.000 0.000 0.000 2.137 1.769 4.211 10.106 11.256 4.897 0.000 0.000 0.000 0.000 0.000 0.000 0.000 0.000 0.000 5.779 14.376 17.137 18.989 20.107 21.789 22.192 22.582 22.924 23.127 23.192 23.226 23.368 23.430 23.542 23.589 23.565 23.658 23.979 24.152 24.262 24.504 24.900 25.002 25.064 25.142 25.162 25.248 25.321 25.441 25.472 25.724 26.144 26.381
0.000 0.000 0.000 0.000 0.000 0.000 0.000 0.000 0.000 0.000 0.000 0.000 0.000 0.000 0.000 0.000 0.000 0.000 0.000 0.000 0.000 0.000 0.000 0.000 2.388 3.207 7.115 11.341 12.193 4.966 0.000 0.000 0.000 0.000 0.000 0.000 0.000 0.139 5.005 8.239 15.657 17.681 19.453 20.586 21.623 21.930 22.502 22.808 22.992 23.019 23.024 23.204 23.284 23.532 23.645 23.707 23.836 24.093 24.292 24.379 24.838 24.910 24.991 25.057 25.098 25.118 25.182 25.274 25.377 25.444 25.868 26.224 26.362
0.000 0.000 0.000 0.000 0.000 0.000 0.000 0.000 0.000 0.000 0.000 0.000 0.000 0.000 0.000 0.000 0.000 0.000 0.000 0.000 0.000 0.000 0.000 0.000 3.796 4.140 9.076 12.338 13.278 5.479 3.533 0.000 0.000 0.000 0.000 0.000 0.000 7.279 10.371 13.637 16.880 18.711 20.038 20.470 21.566 21.885 22.451 22.701 22.849 22.748 22.782 22.814 22.902 22.964 23.456 23.724 23.969 24.101 24.292 24.465 24.876 24.932 24.973 25.007 25.071 25.125 25.199 25.261 25.343 25.510 25.996 26.304 26.342
0.000 0.000 0.000 0.000 0.000 0.000 0.000 0.000 0.000 0.000 0.000 0.000 0.000 0.000 0.000 0.000 0.000 0.000 0.000 0.000 0.000 0.000 0.000 0.000 6.887 4.573 9.880 12.982 14.842 11.403 8.506 3.594 0.000 0.000 0.000 0.000 6.738 10.177 13.564 15.667 17.887 19.168 20.321 20.867 21.702 21.870 22.259 22.556 22.485 22.469 22.534 22.577 22.733 22.888 23.420 23.693 24.074 24.282 24.364 24.422 24.661 24.868 24.896 24.972 25.050 25.131 25.167 25.232 25.331 25.731 26.078 26.301 26.322
0.000 0.000 0.000 0.000 0.000 0.000 0.000 0.000 0.000 0.000 0.000 0.000 0.000 0.000 0.000 0.000 0.000 0.000 0.000 0.000 0.000 0.000 0.000 0.000 7.813 8.482 10.797 13.822 15.737 12.467 11.257 8.703 3.777 0.000 1.263 3.723 10.067 13.321 16.158 17.825 19.184 19.766 20.676 21.233 21.758 21.832 22.087 22.493 22.400 22.373 22.456 22.608 22.881 23.177 23.408 23.621 23.760 24.269 24.541 24.671 24.766 24.833 24.854 24.971 25.039 25.101 25.073 25.166 25.274 25.553 26.206 26.279 26.241
0.000 0.000 0.000 0.000 0.000 0.000 0.000 0.000 0.000 0.000 0.000 0.000 0.000 0.000 0.000 0.000 0.000 0.000 0.000 0.000 0.000 0.000 0.000 0.000 7.716 13.424 14.482 14.952 16.496 14.506 14.046 12.816 11.117 7.083 8.910 12.266 14.852 15.842 17.626 18.457 20.003 20.345 21.079 21.348 21.713 21.739 22.027 22.361 22.370 22.436 22.613 22.769 22.922 23.286 23.444 24.155 24.301 24.458 24.522 24.557 24.507 24.648 24.806 24.953 25.017 25.035 25.073 25.128 25.246 25.800 26.223 26.241 26.066
0.000 0.000 0.000 0.000 0.000 0.000 0.000 0.000 0.000 0.000 0.000 0.000 0.000 0.000 0.000 0.000 0.000 0.000 0.000 0.000 0.000 0.000 0.000 0.000 7.462 14.698 15.718 16.010 17.043 16.759 16.380 15.508 14.836 13.926 14.635 15.877 17.524 18.536 19.345 19.717 20.585 20.851 21.399 21.507 21.831 21.898 22.023 22.259 22.467 22.576 22.739 22.913 23.159 23.313 23.688 24.223 24.355 24.388 24.272 24.232 24.196 24.592 24.766 24.934 24.996 25.017 25.041 25.057 25.349 26.143 26.182 26.046 25.938
0.000 0.000 0.000 0.000 0.000 0.000 0.000 0.000 0.000 0.000 0.000 0.000 0.000 0.000 0.000 0.000 0.000 0.000 0.000 0.000 0.000 0.000 0.000 0.000 7.892 12.897 13.693 15.996 17.395 17.544 17.204 16.971 16.796 16.741 17.196 17.802 19.108 19.429 19.980 20.443 21.215 21.246 21.609 21.691 21.985 22.012 22.083 22.285 22.607 22.820 22.988 23.141 23.352 23.474 23.848 24.243 24.303 24.201 24.149 23.977 24.111 24.490 24.799 24.903 24.972 25.042 25.121 25.151 25.684 26.126 26.066 25.987 25.292
0.000 0.000 0.000 0.000 0.000 0.000 0.000 0.000 0.000 0.000 0.000 0.000 0.000 0.000 0.000 0.000 0.000 0.000 0.000 0.000 0.000 0.000 0.000 0.000 3.705 9.778 13.012 16.206 17.556 17.802 17.656 18.026 18.241 18.295 18.671 19.212 19.987 19.957 20.444 20.879 21.485 21.406 21.721 21.742 22.087 22.127 22.238 22.482 22.754 22.892 23.191 23.339 23.503 23.759 24.016 24.214 24.231 24.056 23.831 23.502 24.004 24.448 24.736 24.874 24.932 25.018 25.189 25.368 25.960 26.083 25.958 25.768 22.233
0.000 0.000 0.000 0.000 0.000 0.000 0.000 0.000 0.000 0.000 0.000 0.000 0.000 0.000 0.000 0.000 0.000 0.000 0.000 0.000 0.000 0.000 0.000 0.000 1.346 7.628 13.119 15.841 17.487 17.960 18.051 18.173 19.167 18.963 19.344 19.229 20.484 20.528 20.939 21.332 21.678 21.654 21.908 21.815 22.221 22.333 22.469 22.534 22.662 22.989 23.314 23.457 23.578 23.899 24.088 24.121 24.123 23.796 23.399 23.453 23.932 24.491 24.714 24.841 24.898 24.962 25.112 25.389 26.026 26.043 25.896 24.546 16.092
0.000 0.000 0.000 0.000 0.000 0.000 0.000 0.000 0.000 0.000 0.000 0.000 0.000 0.000 0.000 0.000 0.000 0.000 0.000 0.000 0.000 0.000 0.000 0.000 0.000 7.869 12.094 14.315 16.223 17.913 18.544 18.898 19.550 20.075 20.223 20.678 20.953 21.118 21.218 21.494 21.738 21.887 22.042 22.109 22.347 22.566 22.831 22.790 22.834 23.139 23.417 23.625 23.776 23.969 24.022 24.049 23.998 23.323 23.301 23.372 23.961 24.498 24.687 24.803 24.879 24.987 25.141 25.611 26.007 25.943 25.465 19.782 13.641
0.000 0.000 0.000 0.000 0.000 0.000 0.000 0.000 0.000 0.000 0.000 0.000 0.000 0.000 0.000 0.000 0.000 0.000 0.000 0.000 0.000 0.000 0.000 0.000 0.000 1.807 7.981 8.748 13.063 14.797 16.461 17.557 18.169 19.122 18.784 20.330 20.186 19.813 20.582 20.547 21.556 21.770 21.946 22.342 22.757 22.758 23.047 23.202 23.188 23.273 23.514 23.701 23.817 23.945 23.975 23.887 23.507 23.076 23.129 23.220 24.183 24.485 24.654 24.770 24.878 24.971 25.078 25.883 25.971 25.775 24.129 15.816 20.317
0.000 0.000 0.000 0.000 0.000 0.000 0.000 0.000 0.000 0.000 0.000 0.000 0.000 0.000 0.000 0.000 0.000 0.000 0.000 0.000 0.000 0.000 0.000 0.000 0.000 0.000 0.000 2.061 7.713 11.888 14.016 15.865 16.843 17.213 17.963 18.960 19.293 19.211 19.902 19.008 20.897 21.398 21.749 22.165 22.913 22.988 23.068 23.266 23.354 23.329 23.571 23.725 23.841 23.907 23.851 23.471 22.956 22.729 22.761 23.247 24.197 24.481 24.639 24.738 24.853 24.972 25.327 25.890 25.905 25.376 19.878 16.475 25.556
0.000 0.000 0.000 0.000 0.000 0.000 0.000 0.000 0.000 0.000 0.000 0.000 0.000 0.000 0.000 0.000 0.000 0.000 0.000 0.000 0.000 0.000 0.000 0.000 0.000 0.000 0.000 0.000 4.894 10.282 10.031 13.914 14.726 15.782 16.758 17.733 18.516 19.137 19.598 19.767 20.763 21.327 21.729 21.999 22.515 22.906 23.021 23.195 23.453 23.569 23.619 23.732 23.794 23.848 23.679 22.918 22.721 22.778 22.832 23.367 24.162 24.462 24.577 24.714 24.885 25.087 25.791 25.856 25.668 24.404 18.371 22.171 26.442
0.000 0.000 0.000 0.000 0.000 0.000 0.000 0.000 0.000 0.000 0.000 0.000 0.000 0.000 0.000 0.000 0.000 0.000 0.000 0.000 0.000 0.000 0.000 0.000 0.000 0.000 0.000 0.000 0.000 0.000 5.556 5.998 9.832 14.552 15.448 17.011 17.999 18.829 19.591 19.894 20.631 21.318 21.792 22.002 22.266 22.548 22.841 22.994 23.311 23.438 23.549 23.619 23.734 23.724 23.363 22.842 22.691 22.718 22.918 23.637 24.274 24.469 24.591 24.725 24.964 25.344 25.782 25.794 25.421 22.036 19.384 25.703 26.481
0.000 0.000 0.000 0.000 0.000 0.000 0.000 0.000 0.000 0.000 0.000 0.000 0.000 0.000 0.000 0.000 0.000 0.000 0.000 0.000 0.000 0.000 0.000 0.000 0.000 0.000 0.000 0.000 0.000 0.000 0.000 3.003 10.066 13.999 15.813 17.255 18.114 19.213 20.039 20.467 20.794 21.267 21.754 21.974 22.172 22.383 22.612 22.768 23.223 23.447 23.500 23.563 23.668 23.527 23.074 22.926 22.775 22.902 23.149 23.851 24.272 24.502 24.606 24.782 25.095 25.665 25.763 25.671 24.926 21.321 22.556 26.408 26.473
0.000 0.000 0.000 0.000 0.000 0.000 0.000 0.000 0.000 0.000 0.000 0.000 0.000 0.000 0.000 0.000 0.000 0.000 0.000 0.000 0.000 0.000 0.000 0.000 0.000 0.000 0.000 0.000 0.000 0.000 0.000 0.000 4.753 12.981 15.388 16.948 17.293 18.566 19.795 20.334 20.642 21.107 21.478 21.678 21.954 22.159 22.536 23.200 23.346 23.394 23.439 23.544 23.630 23.379 22.940 22.983 23.027 23.159 23.384 23.976 24.307 24.497 24.643 24.870 25.289 25.711 25.728 25.729 24.022 21.201 25.342 26.443 26.466
0.000 0.000 0.000 0.000 0.000 0.000 0.000 0.000 0.000 0.000 0.000 0.000 0.000 0.000 0.000 0.000 0.000 0.000 0.000 0.000 0.000 0.000 0.000 0.000 0.000 0.000 0.000 0.000 0.000 0.000 0.000 0.000 0.594 13.243 13.819 16.053 17.846 18.893 19.824 20.189 20.411 20.854 21.395 21.599 21.910 22.189 22.686 23.128 23.196 23.260 23.394 23.517 23.557 22.797 22.845 22.898 22.955 23.175 23.504 24.051 24.352 24.514 24.678 24.861 25.444 25.728 25.752 25.771 23.598 22.462 26.262 26.430 26.450
0.000 0.000 0.000 0.000 0.000 0.000 0.000 0.000 0.000 0.000 0.000 0.000 0.000 0.000 0.000 0.000 0.000 0.000 0.000 0.000 0.000 0.000 0.000 0.000 0.000 0.000 0.000 0.000 0.000 0.000 0.000 0.000 4.718 13.316 14.602 16.772 18.467 19.539 20.024 20.286 20.609 20.859 21.361 21.727 22.117 22.403 22.854 23.035 23.103 23.126 23.229 23.382 23.286 22.671 22.729 22.782 22.854 23.083 23.604 24.064 24.363 24.528 24.719 24.979 25.624 25.758 25.781 25.801 23.874 24.536 26.381 26.407 26.432
0.000 0.000 0.000 0.000 0.000 0.000 0.000 0.000 0.000 0.000 0.000 0.000 0.000 0.000 0.000 0.000 0.000 0.000 0.000 0.000 0.000 0.000 0.000 0.000 0.000 0.000 0.000 0.000 0.000 0.000 0.000 1.583 9.880 13.041 16.306 17.947 19.394 19.848 19.989 20.122 20.529 20.532 20.982 21.529 22.023 22.609 22.909 22.974 23.052 23.243 23.294 23.342 22.923 22.642 22.698 22.757 22.915 23.114 23.674 24.097 24.396 24.552 24.901 25.335 25.746 25.779 25.805 25.828 25.855 26.219 26.386 26.416 26.449
0.000 0.000 0.000 0.000 0.000 0.000 0.000 0.000 0.000 0.000 0.000 0.000 0.000 0.000 0.000 0.000 0.000 0.000 0.000 0.000 0.000 0.000 0.000 0.000 0.000 0.000 0.000 0.000 0.000 0.000 5.352 8.122 12.371 14.485 17.988 19.143 19.511 19.598 19.619 19.521 19.754 20.211 20.931 21.454 21.899 22.626 22.774 22.898 23.138 23.193 23.232 23.296 22.832 22.473 22.533 22.601 22.803 23.205 23.844 24.203 24.416 24.608 25.122 25.549 25.697 25.471 25.364 24.169 23.456 26.247 26.380 26.413 26.443
0.000 0.000 0.000 0.000 0.000 0.000 0.000 0.000 0.000 0.000 0.000 0.000 0.000 0.000 0.000 0.000 0.000 0.000 0.000 0.000 0.000 0.000 0.000 0.000 0.000 1.774 1.892 9.058 7.819 7.846 10.984 11.708 13.889 16.209 19.082 19.322 19.388 19.434 19.434 19.450 19.552 19.655 20.778 21.465 21.952 22.366 22.396 22.884 23.112 23.158 23.203 23.241 22.510 22.396 22.450 22.523 22.889 23.235 23.831 24.229 24.472 24.797 25.162 25.580 25.598 25.311 25.088 24.229 24.527 26.321 26.367 26.395 26.423
0.000 0.000 0.000 0.000 0.000 0.000 0.000 0.000 0.000 0.000 0.000 0.000 0.000 0.000 0.000 0.000 0.000 0.000 0.000 0.000 0.000 0.000 0.000 0.277 6.269 5.787 8.612 15.053 15.147 14.781 14.542 13.528 15.550 18.570 19.083 19.157 19.246 19.340 19.373 19.443 19.513 19.669 21.026 21.629 21.793 22.263 22.574 22.967 23.068 23.082 23.132 23.186 22.415 22.399 22.458 22.543 22.866 23.327 23.981 24.207 24.616 24.972 25.360 25.559 25.476 25.314 25.148 23.950 25.794 26.338 26.368 26.397 26.424
0.000 0.000 0.000 0.000 0.000 0.000 0.000 0.000 0.000 0.000 0.000 0.000 0.000 0.000 0.000 0.000 0.000 0.000 0.000 0.000 0.000 0.000 3.229 9.261 11.742 10.933 13.196 15.740 15.760 15.752 16.242 15.513 17.281 18.910 19.038 19.099 19.188 19.368 19.491 19.624 20.051 20.586 21.128 21.526 22.046 22.320 22.659 22.886 22.987 23.041 23.071 22.641 22.230 22.280 22.337 22.413 22.795 23.603 24.099 24.301 24.806 25.048 25.490 25.526 25.425 25.366 25.205 24.307 26.257 26.335 26.361 26.396 26.418
0.000 0.000 0.000 0.000 0.000 0.000 0.000 0.000 0.000 0.000 0.000 0.000 0.000 0.000 0.000 0.000 0.000 0.000 0.000 3.937 6.469 5.243 10.141 12.619 13.264 13.951 15.914 16.211 16.322 16.474 17.528 17.535 18.094 18.857 19.038 19.206 19.319 19.442 19.532 20.182 20.728 21.194 21.539 21.783 21.976 22.186 22.512 22.786 22.953 22.972 22.854 22.186 22.221 22.283 22.345 22.428 22.805 23.731 24.259 24.600 24.977 25.222 25.519 25.508 25.509 25.436 25.256 25.324 26.292 26.316 26.350 26.394 26.416
0.000 0.000 0.000 0.000 0.000 0.000 0.000 0.000 0.000 0.000 0.000 0.000 0.000 0.000 0.000 0.000 0.000 0.000 2.146 5.633 8.543 10.503 12.578 13.258 13.384 13.994 15.948 16.142 16.327 16.790 17.705 17.839 18.032 18.051 17.892 18.814 19.295 19.636 20.418 20.995 21.173 21.289 21.459 21.733 21.998 22.178 22.467 22.721 22.874 22.903 22.679 21.955 22.023 22.092 22.158 22.307 22.887 23.868 24.361 24.882 25.105 25.351 25.554 25.553 25.568 25.507 25.097 25.876 26.268 26.289 26.313 26.389 26.428
