LISFLOOD/results/run8.mxe
ncols         138
nrows         103
xllcorner     341179.518085
yllcorner     4516709.658735
cellsize      30.000000
NODATA_value  -9999.000000
[rows 28 to 55 of 103, columns 64 to 127 of 138]
144.149 144.162 144.175 144.188 144.202 144.216 144.230 144.245 144.260 144.276 144.292 144.308 144.325 144.342 144.359 144.377 144.395 144.414 144.433 144.452 144.472 144.492 144.512 144.533 144.554 144.575 144.597 144.619 144.642 144.664 144.688 144.711 144.735 144.760 144.785 144.810 144.835 144.861 144.888 144.914 144.941 144.969 144.996 145.025 145.053 145.081 145.110 145.137 145.162 145.159 145.157 145.154 145.152 145.150 145.147 145.145 145.144 145.142 145.140 145.139 145.138 145.138 145.137 145.137
144.145 144.158 144.171 144.184 144.198 144.212 144.226 144.241 144.256 144.272 144.288 144.304 144.320 144.338 144.355 144.373 144.391 144.409 144.428 144.447 144.467 144.487 144.507 144.528 144.549 144.570 144.592 144.614 144.636 144.659 144.682 144.705 144.729 144.753 144.778 144.803 144.828 144.854 144.880 144.906 144.933 144.960 144.987 145.015 145.043 145.071 145.099 145.126 145.145 145.142 145.140 145.138 145.137 145.135 145.133 145.132 145.131 145.130 145.129 145.128 145.128 145.127 145.127 145.127
144.141 144.154 144.167 144.180 144.194 144.208 144.222 144.237 144.252 144.267 144.283 144.299 144.316 144.333 144.350 144.368 144.386 144.404 144.423 144.442 144.462 144.482 144.502 144.522 144.543 144.564 144.586 144.608 144.630 144.653 144.676 144.699 144.723 144.747 144.771 144.796 144.821 144.846 144.872 144.898 144.924 144.951 144.978 145.005 145.032 145.060 145.090 145.122 145.125 145.124 145.123 145.122 145.121 145.120 145.119 145.119 145.118 145.117 145.117 145.117 145.117 145.117 145.117 145.118
144.137 144.150 144.163 144.176 144.189 144.203 144.218 144.232 144.248 144.263 144.279 144.295 144.312 144.328 144.346 144.363 144.381 144.400 144.418 144.437 144.457 144.476 144.496 144.517 144.538 144.559 144.580 144.602 144.624 144.647 144.669 144.693 144.716 144.740 144.764 144.789 144.813 144.838 144.864 144.890 144.916 144.942 144.968 144.995 145.022 145.049 145.077 145.106 145.107 145.107 145.107 145.106 145.106 145.106 145.105 145.105 145.105 145.105 145.105 145.105 145.106 145.106 145.107 145.108
144.133 144.145 144.158 144.172 144.185 144.199 144.213 144.228 144.243 144.258 144.274 144.290 144.307 144.324 144.341 144.358 144.376 144.395 144.413 144.432 144.451 144.471 144.491 144.511 144.532 144.553 144.574 144.596 144.618 144.640 144.663 144.686 144.709 144.733 144.757 144.781 144.806 144.830 144.856 144.881 144.906 144.932 144.958 144.984 145.011 145.037 145.063 145.090 145.090 145.090 145.091 145.091 145.091 145.091 145.091 145.091 145.092 145.092 145.093 145.094 145.095 145.096 145.097 145.098
144.129 144.141 144.154 144.167 144.181 144.195 144.209 144.223 144.238 144.254 144.270 144.286 144.302 144.319 144.336 144.353 144.371 144.389 144.408 144.427 144.446 144.465 144.485 144.505 144.526 144.547 144.568 144.589 144.611 144.633 144.656 144.679 144.702 144.725 144.749 144.773 144.797 144.822 144.847 144.872 144.897 144.923 144.948 144.974 144.999 145.025 145.049 145.073 145.074 145.074 145.074 145.075 145.075 145.076 145.077 145.077 145.078 145.079 145.081 145.082 145.083 145.085 145.087 145.089
144.124 144.137 144.149 144.163 144.176 144.190 144.204 144.219 144.234 144.249 144.265 144.281 144.297 144.314 144.331 144.348 144.366 144.384 144.402 144.421 144.440 144.459 144.479 144.499 144.520 144.540 144.561 144.583 144.605 144.627 144.649 144.672 144.695 144.718 144.741 144.765 144.789 144.814 144.838 144.863 144.888 144.913 144.938 144.964 144.988 145.013 145.036 145.057 145.057 145.057 145.058 145.059 145.060 145.061 145.062 145.064 145.065 145.067 145.068 145.070 145.072 145.074 145.076 145.079
144.120 144.132 144.145 144.158 144.171 144.185 144.199 144.214 144.229 144.244 144.260 144.276 144.292 144.308 144.325 144.343 144.360 144.378 144.397 144.415 144.434 144.454 144.473 144.493 144.513 144.534 144.555 144.576 144.598 144.620 144.642 144.664 144.687 144.710 144.733 144.757 144.781 144.805 144.829 144.854 144.879 144.903 144.928 144.953 144.978 145.002 145.024 145.041 145.040 145.041 145.042 145.043 145.044 145.046 145.048 145.049 145.051 145.054 145.056 145.058 145.060 145.063 145.066 145.068
144.115 144.127 144.140 144.153 144.167 144.180 144.195 144.209 144.224 144.239 144.255 144.270 144.287 144.303 144.320 144.337 144.355 144.373 144.391 144.409 144.428 144.447 144.467 144.487 144.507 144.527 144.548 144.569 144.591 144.612 144.634 144.656 144.679 144.702 144.725 144.748 144.772 144.796 144.820 144.845 144.869 144.894 144.919 144.944 144.969 144.994 145.018 145.021 145.022 145.023 145.025 145.027 145.029 145.031 145.033 145.035 145.038 145.040 145.043 145.046 145.049 145.052 145.055 145.058
144.110 144.123 144.135 144.148 144.162 144.175 144.190 144.204 144.219 144.234 144.249 144.265 144.281 144.298 144.314 144.332 144.349 144.367 144.385 144.403 144.422 144.441 144.460 144.480 144.500 144.520 144.541 144.562 144.583 144.605 144.627 144.649 144.671 144.694 144.717 144.740 144.763 144.787 144.811 144.835 144.859 144.884 144.909 144.934 144.959 144.986 145.002 145.002 145.004 145.005 145.008 145.010 145.013 145.015 145.018 145.021 145.024 145.027 145.030 145.034 145.037 145.040 145.044 145.048
144.105 144.118 144.130 144.143 144.157 144.170 144.184 144.199 144.214 144.229 144.244 144.260 144.276 144.292 144.309 144.326 144.343 144.361 144.379 144.397 144.416 144.435 144.454 144.473 144.493 144.513 144.534 144.555 144.576 144.597 144.619 144.641 144.663 144.685 144.708 144.731 144.754 144.778 144.802 144.825 144.850 144.874 144.898 144.923 144.948 144.970 144.978 144.982 144.985 144.988 144.991 144.994 144.997 145.000 145.003 145.007 145.010 145.014 145.018 145.021 145.025 145.029 145.033 145.037
144.100 144.113 144.125 144.138 144.152 144.165 144.179 144.194 144.208 144.223 144.238 144.254 144.270 144.286 144.303 144.320 144.337 144.355 144.372 144.391 144.409 144.428 144.447 144.466 144.486 144.506 144.526 144.547 144.568 144.589 144.611 144.632 144.654 144.677 144.699 144.722 144.745 144.768 144.792 144.816 144.840 144.864 144.888 144.913 144.939 144.954 144.958 144.962 144.966 144.970 144.973 144.977 144.981 144.985 144.988 144.992 144.996 145.001 145.005 145.009 145.013 145.017 145.022 145.026
144.095 144.108 144.120 144.133 144.147 144.160 144.174 144.188 144.203 144.218 144.233 144.248 144.264 144.280 144.297 144.314 144.331 144.348 144.366 144.384 144.402 144.421 144.440 144.459 144.479 144.499 144.519 144.539 144.560 144.581 144.602 144.624 144.646 144.668 144.690 144.713 144.736 144.759 144.782 144.806 144.829 144.853 144.877 144.901 144.923 144.932 144.938 144.943 144.947 144.952 144.956 144.960 144.965 144.969 144.973 144.978 144.983 144.987 144.992 144.997 145.001 145.006 145.010 145.015
144.090 144.103 144.115 144.128 144.141 144.155 144.169 144.183 144.197 144.212 144.227 144.243 144.258 144.274 144.291 144.307 144.324 144.342 144.359 144.377 144.396 144.414 144.433 144.452 144.471 144.491 144.511 144.531 144.552 144.573 144.594 144.615 144.637 144.659 144.681 144.704 144.726 144.749 144.772 144.796 144.819 144.843 144.866 144.891 144.907 144.912 144.918 144.924 144.929 144.934 144.939 144.944 144.949 144.953 144.958 144.963 144.969 144.974 144.979 144.984 144.989 144.994 144.999 145.002
144.085 144.097 144.110 144.123 144.136 144.149 144.163 144.177 144.192 144.206 144.221 144.237 144.252 144.268 144.285 144.301 144.318 144.335 144.353 144.370 144.389 144.407 144.426 144.445 144.464 144.483 144.503 144.523 144.544 144.564 144.585 144.607 144.628 144.650 144.672 144.694 144.717 144.739 144.762 144.786 144.809 144.832 144.855 144.876 144.885 144.892 144.899 144.905 144.910 144.916 144.922 144.927 144.932 144.938 144.943 144.949 144.954 144.960 144.966 144.972 144.978 144.984 144.988 144.991
144.080 144.092 144.105 144.117 144.131 144.144 144.158 144.172 144.186 144.201 144.215 144.231 144.246 144.262 144.278 144.295 144.311 144.328 144.346 144.363 144.381 144.400 144.418 144.437 144.456 144.475 144.495 144.515 144.535 144.556 144.577 144.598 144.619 144.641 144.662 144.684 144.707 144.729 144.752 144.775 144.799 144.822 144.844 144.860 144.866 144.873 144.880 144.886 144.892 144.899 144.904 144.910 144.916 144.922 144.928 144.934 144.940 144.947 144.953 144.960 144.967 144.974 144.980 144.983
144.075 144.087 144.099 144.112 144.125 144.138 144.152 144.166 144.180 144.195 144.209 144.225 144.240 144.256 144.272 144.288 144.305 144.322 144.339 144.356 144.374 144.392 144.411 144.429 144.448 144.467 144.487 144.507 144.527 144.547 144.568 144.588 144.610 144.631 144.653 144.674 144.697 144.719 144.742 144.765 144.788 144.813 144.829 144.838 144.846 144.854 144.861 144.868 144.874 144.881 144.887 144.894 144.900 144.906 144.913 144.919 144.926 144.933 144.940 144.947 144.956 144.965 144.974 144.979
144.070 144.082 144.094 144.107 144.120 144.133 144.146 144.160 144.174 144.189 144.203 144.218 144.234 144.249 144.265 144.281 144.298 144.315 144.332 144.349 144.367 144.385 144.403 144.421 144.440 144.459 144.478 144.498 144.518 144.538 144.558 144.579 144.600 144.621 144.643 144.664 144.686 144.709 144.731 144.754 144.777 144.798 144.809 144.818 144.827 144.835 144.842 144.850 144.857 144.864 144.871 144.877 144.884 144.891 144.898 144.904 144.911 144.918 144.926 144.934 144.944 144.954 -9999.000 -9999.000
144.064 144.076 144.089 144.101 144.114 144.127 144.141 144.154 144.168 144.183 144.197 144.212 144.227 144.243 144.259 144.275 144.291 144.308 144.324 144.342 144.359 144.377 144.395 144.413 144.432 144.451 144.470 144.489 144.509 144.529 144.549 144.570 144.590 144.611 144.633 144.654 144.676 144.698 144.720 144.743 144.766 144.782 144.790 144.799 144.808 144.816 144.824 144.832 144.839 144.847 144.854 144.861 144.868 144.875 144.882 144.889 144.896 144.904 144.912 144.920 144.932 -9999.000 -9999.000 -9999.000
144.059 144.071 144.083 144.096 144.108 144.121 144.135 144.148 144.162 144.176 144.191 144.206 144.221 144.236 144.252 144.268 144.284 144.300 144.317 144.334 144.351 144.369 144.387 144.405 144.423 144.442 144.461 144.480 144.500 144.520 144.540 144.560 144.580 144.601 144.622 144.644 144.665 144.687 144.709 144.731 144.751 144.762 144.772 144.780 144.789 144.798 144.806 144.814 144.822 144.829 144.837 144.845 144.852 144.859 144.867 144.874 144.881 144.889 144.897 144.904 144.920 -9999.000 -9999.000 -9999.000
144.054 144.065 144.078 144.090 144.103 144.116 144.129 144.142 144.156 144.170 144.185 144.199 144.214 144.229 144.245 144.261 144.277 144.293 144.310 144.326 144.344 144.361 144.379 144.397 144.415 144.433 144.452 144.471 144.490 144.510 144.530 144.550 144.570 144.591 144.612 144.633 144.654 144.676 144.697 144.720 144.736 144.744 144.753 144.762 144.771 144.779 144.788 144.796 144.804 144.812 144.820 144.828 144.836 144.844 144.851 144.859 144.866 144.874 144.882 144.893 -9999.000 -9999.000 -9999.000 -9999.000
144.048 144.060 144.072 144.084 144.097 144.110 144.123 144.136 144.150 144.164 144.178 144.193 144.207 144.223 144.238 144.253 144.269 144.286 144.302 144.319 144.336 144.353 144.370 144.388 144.406 144.424 144.443 144.462 144.481 144.500 144.520 144.540 144.560 144.580 144.601 144.622 144.643 144.664 144.685 144.705 144.716 144.725 144.735 144.744 144.753 144.762 144.770 144.779 144.787 144.796 144.804 144.812 144.820 144.828 144.836 144.843 144.851 144.858 144.865 -9999.000 -9999.000 -9999.000 -9999.000 -9999.000
144.043 144.054 144.066 144.079 144.091 144.104 144.117 144.130 144.144 144.158 144.172 144.186 144.201 144.216 144.231 144.246 144.262 144.278 144.294 144.311 144.327 144.345 144.362 144.379 144.397 144.415 144.434 144.452 144.471 144.490 144.510 144.530 144.549 144.570 144.590 144.611 144.632 144.653 144.674 144.689 144.698 144.707 144.716 144.726 144.735 144.744 144.753 144.761 144.770 144.779 144.788 144.796 144.805 144.813 144.821 144.828 144.836 144.843 144.854 -9999.000 -9999.000 -9999.000 -9999.000 -9999.000
144.037 144.049 144.061 144.073 144.085 144.098 144.111 144.124 144.137 144.151 144.165 144.179 144.194 144.209 144.224 144.239 144.254 144.270 144.286 144.303 144.319 144.336 144.353 144.371 144.388 144.406 144.424 144.443 144.461 144.480 144.500 144.519 144.539 144.559 144.579 144.600 144.621 144.643 144.658 144.669 144.679 144.689 144.698 144.708 144.717 144.726 144.735 144.744 144.753 144.762 144.771 144.780 144.789 144.798 144.806 144.814 144.820 144.825 -9999.000 -9999.000 -9999.000 -9999.000 -9999.000 -9999.000
144.032 144.043 144.055 144.067 144.079 144.092 144.105 144.118 144.131 144.145 144.159 144.173 144.187 144.202 144.216 144.231 144.247 144.262 144.278 144.294 144.311 144.328 144.344 144.362 144.379 144.397 144.415 144.433 144.451 144.470 144.489 144.508 144.528 144.547 144.568 144.588 144.608 144.628 144.640 144.650 144.661 144.670 144.680 144.690 144.699 144.708 144.718 144.727 144.736 144.746 144.755 144.764 144.774 144.783 144.792 144.800 144.807 144.811 -9999.000 -9999.000 -9999.000 -9999.000 -9999.000 -9999.000
144.026 144.038 144.050 144.061 144.074 144.086 144.099 144.112 144.125 144.138 144.152 144.166 144.180 144.194 144.209 144.224 144.239 144.255 144.270 144.286 144.302 144.319 144.336 144.352 144.370 144.387 144.405 144.423 144.441 144.460 144.478 144.497 144.517 144.536 144.556 144.576 144.597 144.612 144.622 144.632 144.642 144.652 144.662 144.672 144.681 144.691 144.700 144.710 144.719 144.729 144.739 144.748 144.758 144.769 144.779 144.788 144.797 144.801 144.800 144.800 -9999.000 -9999.000 -9999.000 -9999.000
144.021 144.032 144.044 144.056 144.068 144.080 144.093 144.105 144.118 144.132 144.145 144.159 144.173 144.187 144.202 144.216 144.231 144.247 144.262 144.278 144.294 144.310 144.326 144.343 144.360 144.377 144.395 144.413 144.431 144.449 144.467 144.486 144.505 144.524 144.544 144.563 144.582 144.594 144.604 144.614 144.624 144.634 144.644 144.654 144.664 144.673 144.683 144.693 144.703 144.712 144.722 144.733 144.743 144.754 144.766 144.776 144.792 144.797 144.799 144.799 144.799 144.799 144.799 144.799
144.016 144.027 144.038 144.050 144.062 144.074 144.086 144.099 144.112 144.125 144.138 144.152 144.166 144.180 144.194 144.209 144.223 144.238 144.254 144.269 144.285 144.301 144.317 144.334 144.351 144.368 144.385 144.402 144.420 144.438 144.456 144.475 144.494 144.512 144.531 144.551 144.567 144.576 144.586 144.597 144.607 144.617 144.626 144.636 144.646 144.656 144.666 144.676 144.685 144.696 144.706 144.716 144.727 144.739 144.753 144.765 -9999.000 -9999.000 -9999.000 -9999.000 -9999.000 -9999.000 -9999.000 -9999.000
