LISFLOOD/results/run9.mxe
ncols         138
nrows         103
xllcorner     341179.518085
yllcorner     4516709.658735
cellsize      30.000000
NODATA_value  -9999.000000
[rows 0 to 27 of 103, columns 63 to 125 of 138]
-9999.000 -9999.000 -9999.000 -9999.000 -9999.000 -9999.000 -9999.000 -9999.000 -9999.000 -9999.000 -9999.000 -9999.000 -9999.000 -9999.000 -9999.000 -9999.000 -9999.000 -9999.000 -9999.000 -9999.000 -9999.000 -9999.000 -9999.000 -9999.000 -9999.000 -9999.000 -9999.000 -9999.000 -9999.000 -9999.000 -9999.000 -9999.000 -9999.000 -9999.000 -9999.000 -9999.000 -9999.000 -9999.000 -9999.000 -9999.000 -9999.000 -9999.000 -9999.000 -9999.000 -9999.000 -9999.000 -9999.000 -9999.000 -9999.000 -9999.000 -9999.000 -9999.000 -9999.000 -9999.000 -9999.000 -9999.000 -9999.000 -9999.000 -9999.000 -9999.000 -9999.000 -9999.000 -9999.000
-9999.000 -9999.000 -9999.000 -9999.000 -9999.000 -9999.000 -9999.000 -9999.000 -9999.000 -9999.000 -9999.000 -9999.000 -9999.000 -9999.000 -9999.000 -9999.000 -9999.000 -9999.000 -9999.000 -9999.000 -9999.000 -9999.000 -9999.000 -9999.000 -9999.000 -9999.000 -9999.000 -9999.000 -9999.000 -9999.000 -9999.000 -9999.000 -9999.000 -9999.000 -9999.000 -9999.000 -9999.000 -9999.000 -9999.000 -9999.000 -9999.000 -9999.000 -9999.000 -9999.000 -9999.000 -9999.000 -9999.000 -9999.000 -9999.000 -9999.000 -9999.000 -9999.000 -9999.000 -9999.000 -9999.000 -9999.000 -9999.000 -9999.000 -9999.000 -9999.000 -9999.000 -9999.000 -9999.000
-9999.000 -9999.000 -9999.000 -9999.000 -9999.000 -9999.000 -9999.000 -9999.000 -9999.000 -9999.000 -9999.000 -9999.000 -9999.000 -9999.000 -9999.000 -9999.000 -9999.000 -9999.000 -9999.000 -9999.000 -9999.000 -9999.000 -9999.000 -9999.000 -9999.000 -9999.000 -9999.000 -9999.000 -9999.000 -9999.000 -9999.000 -9999.000 -9999.000 -9999.000 -9999.000 -9999.000 -9999.000 -9999.000 -9999.000 -9999.000 -9999.000 -9999.000 -9999.000 -9999.000 -9999.000 -9999.000 -9999.000 -9999.000 -9999.000 -9999.000 -9999.000 -9999.000 -9999.000 -9999.000 -9999.000 -9999.000 -9999.000 -9999.000 -9999.000 -9999.000 -9999.000 -9999.000 -9999.000
136.705 136.707 136.710 136.713 136.715 136.718 136.720 136.723 136.726 136.730 136.733 136.737 136.742 136.747 136.752 136.758 136.764 136.770 136.777 136.784 136.792 136.800 136.808 136.817 136.825 136.835 136.844 136.854 136.865 136.875 136.886 136.897 136.909 136.920 136.932 136.944 136.956 136.969 136.981 136.993 137.004 137.014 137.022 -9999.000 -9999.000 -9999.000 -9999.000 -9999.000 -9999.000 -9999.000 -9999.000 -9999.000 -9999.000 -9999.000 -9999.000 -9999.000 -9999.000 -9999.000 -9999.000 -9999.000 -9999.000 -9999.000 -9999.000
136.705 136.708 136.710 136.713 136.715 136.718 136.720 136.723 136.726 136.729 136.733 136.737 136.742 136.747 136.752 136.757 136.764 136.770 136.777 136.784 136.791 136.799 136.808 136.816 136.825 136.834 136.844 136.854 136.864 136.875 136.886 136.897 136.908 136.920 136.932 136.944 136.956 136.969 136.981 136.993 137.005 137.017 137.029 137.046 137.061 137.074 137.087 137.099 137.110 137.120 137.129 137.136 137.142 137.146 137.150 137.152 137.153 137.154 137.154 137.153 137.152 137.151 137.150
136.705 136.708 136.711 136.713 136.715 136.717 136.720 136.722 136.725 136.729 136.732 136.737 136.741 136.746 136.751 136.757 136.763 136.769 136.776 136.783 136.791 136.799 136.807 136.816 136.825 136.834 136.844 136.853 136.864 136.874 136.885 136.897 136.908 136.920 136.932 136.944 136.956 136.969 136.981 136.994 137.006 137.019 137.033 137.047 137.062 137.075 137.088 137.100 137.111 137.121 137.130 137.137 137.143 137.147 137.151 137.153 137.154 137.154 137.154 137.154 137.153 137.152 137.150
-9999.000 -9999.000 136.712 136.713 136.715 136.717 136.719 136.722 136.724 136.728 136.731 136.736 136.740 136.745 136.750 136.756 136.762 136.768 136.775 136.782 136.790 136.798 136.806 136.815 136.824 136.833 136.843 136.853 136.863 136.874 136.885 136.896 136.907 136.919 136.931 136.944 136.956 136.969 136.982 136.995 137.008 137.021 137.035 137.049 137.063 137.077 137.090 137.102 137.114 137.124 137.133 137.140 137.146 137.150 137.153 137.155 137.155 137.156 137.155 137.154 137.153 137.152 137.150
-9999.000 -9999.000 -9999.000 -9999.000 136.715 136.716 136.718 136.721 136.723 136.726 136.730 136.734 136.739 136.744 136.749 136.754 136.760 136.767 136.774 136.781 136.789 136.796 136.805 136.813 136.822 136.832 136.841 136.851 136.862 136.873 136.884 136.895 136.906 136.918 136.931 136.943 136.956 136.969 136.982 136.995 137.009 137.022 137.037 137.051 137.065 137.079 137.093 137.106 137.117 137.128 137.137 137.144 137.150 137.154 137.156 137.158 137.158 137.157 137.156 137.155 137.154 137.152 137.150
-9999.000 -9999.000 -9999.000 -9999.000 136.714 136.715 136.717 136.719 136.722 136.725 136.728 136.732 136.737 136.742 136.747 136.753 136.759 136.765 136.772 136.779 136.787 136.795 136.803 136.812 136.821 136.830 136.840 136.850 136.860 136.871 136.882 136.894 136.905 136.917 136.930 136.942 136.955 136.968 136.982 136.995 137.009 137.024 137.038 137.053 137.068 137.082 137.096 137.110 137.122 137.133 137.143 137.150 137.156 137.159 137.161 137.161 137.161 137.160 137.158 137.156 137.154 137.152 137.150
-9999.000 -9999.000 -9999.000 -9999.000 136.713 136.714 136.715 136.717 136.720 136.723 136.726 136.730 136.735 136.740 136.745 136.751 136.757 136.763 136.770 136.777 136.785 136.793 136.801 136.810 136.819 136.828 136.838 136.848 136.859 136.869 136.881 136.892 136.904 136.916 136.928 136.941 136.954 136.968 136.981 136.995 137.010 137.025 137.040 137.055 137.070 137.085 137.101 137.115 137.129 137.140 137.150 137.158 137.163 137.166 137.167 137.166 137.164 137.162 137.160 137.157 137.155 137.152 137.150
-9999.000 -9999.000 -9999.000 -9999.000 136.710 136.711 136.713 136.715 136.717 136.720 136.724 136.728 136.732 136.737 136.743 136.748 136.754 136.761 136.768 136.775 136.783 136.791 136.799 136.808 136.817 136.826 136.836 136.846 136.857 136.868 136.879 136.890 136.902 136.914 136.927 136.940 136.953 136.967 136.981 136.995 137.010 137.025 137.041 137.057 137.073 137.089 137.105 137.121 137.136 137.150 137.160 137.167 137.174 137.176 137.175 137.172 137.169 137.165 137.161 137.158 137.155 137.152 137.150
-9999.000 -9999.000 -9999.000 -9999.000 136.707 136.708 136.709 136.712 136.714 136.717 136.721 136.725 136.730 136.734 136.740 136.746 136.752 136.758 136.765 136.772 136.780 136.788 136.796 136.805 136.814 136.824 136.834 136.844 136.854 136.865 136.876 136.888 136.900 136.912 136.925 136.938 136.952 136.966 136.980 136.995 137.010 137.025 137.042 137.058 137.075 137.093 137.110 137.128 137.146 137.162 137.174 137.177 137.189 137.189 137.184 137.179 137.173 137.168 137.163 137.159 137.155 137.152 137.149
-9999.000 -9999.000 -9999.000 -9999.000 136.703 136.704 136.706 136.708 136.711 136.714 136.718 136.722 136.726 136.731 136.737 136.742 136.749 136.755 136.762 136.769 136.777 136.785 136.794 136.802 136.811 136.821 136.831 136.841 136.852 136.863 136.874 136.886 136.898 136.910 136.923 136.936 136.950 136.964 136.979 136.994 137.009 137.025 137.042 137.059 137.077 137.096 137.115 137.136 137.157 137.179 137.197 137.337 137.216 137.206 137.195 137.185 137.177 137.170 137.164 137.159 137.155 137.151 137.148
-9999.000 -9999.000 -9999.000 136.694 136.699 136.700 136.702 136.704 136.707 136.710 136.714 136.718 136.723 136.728 136.733 136.739 136.745 136.752 136.759 136.766 136.774 136.782 136.790 136.799 136.808 136.818 136.828 136.838 136.849 136.860 136.871 136.883 136.895 136.908 136.920 136.934 136.948 136.962 136.977 136.992 137.008 137.025 137.042 137.060 137.078 137.098 137.119 137.142 137.168 137.198 137.240 137.317 137.253 137.223 137.204 137.191 137.180 137.172 137.164 137.159 137.154 137.150 137.146
-9999.000 -9999.000 -9999.000 136.690 136.693 136.695 136.697 136.700 136.703 136.706 136.710 136.714 136.719 136.724 136.729 136.735 136.741 136.748 136.755 136.762 136.770 136.778 136.787 136.796 136.805 136.814 136.824 136.835 136.845 136.856 136.868 136.880 136.892 136.904 136.918 136.931 136.945 136.960 136.975 136.990 137.006 137.023 137.041 137.059 137.079 137.099 137.122 137.146 137.174 137.206 137.246 137.298 137.258 137.229 137.208 137.193 137.181 137.171 137.164 137.157 137.152 137.147 137.144
-9999.000 -9999.000 -9999.000 136.686 136.688 136.690 136.692 136.695 136.698 136.701 136.705 136.710 136.714 136.720 136.725 136.731 136.737 136.744 136.751 136.759 136.766 136.774 136.783 136.792 136.801 136.811 136.821 136.831 136.842 136.853 136.864 136.876 136.888 136.901 136.914 136.928 136.942 136.957 136.972 136.987 137.004 137.021 137.039 137.058 137.078 137.099 137.122 137.147 137.175 137.206 137.241 137.280 137.251 137.226 137.207 137.192 137.179 137.169 137.161 137.155 137.149 137.145 137.141
-9999.000 -9999.000 -9999.000 136.682 136.683 136.685 136.687 136.690 136.693 136.697 136.701 136.705 136.710 136.715 136.721 136.727 136.733 136.740 136.747 136.754 136.762 136.770 136.779 136.788 136.797 136.806 136.816 136.827 136.838 136.849 136.860 136.872 136.884 136.897 136.910 136.924 136.938 136.953 136.968 136.984 137.001 137.018 137.036 137.055 137.076 137.097 137.120 137.145 137.172 137.202 137.233 137.263 137.240 137.219 137.202 137.187 137.175 137.166 137.158 137.151 137.145 137.141 137.137
-9999.000 -9999.000 136.671 136.676 136.677 136.679 136.681 136.684 136.687 136.691 136.695 136.700 136.705 136.710 136.716 136.722 136.728 136.735 136.742 136.750 136.758 136.766 136.774 136.783 136.792 136.802 136.812 136.822 136.833 136.844 136.856 136.868 136.880 136.893 136.906 136.920 136.934 136.949 136.964 136.980 136.997 137.014 137.033 137.052 137.072 137.094 137.117 137.141 137.168 137.196 137.224 137.246 137.225 137.208 137.193 137.180 137.170 137.160 137.153 137.146 137.141 137.136 137.133
-9999.000 -9999.000 136.666 136.670 136.671 136.673 136.675 136.678 136.682 136.685 136.690 136.694 136.699 136.705 136.711 136.717 136.723 136.730 136.737 136.745 136.753 136.761 136.769 136.778 136.788 136.797 136.807 136.818 136.828 136.839 136.851 136.863 136.875 136.888 136.901 136.915 136.929 136.944 136.960 136.976 136.992 137.010 137.028 137.047 137.067 137.089 137.111 137.135 137.161 137.190 137.223 137.219 137.207 137.195 137.183 137.172 137.162 137.154 137.146 137.140 137.135 137.131 137.127
-9999.000 -9999.000 136.663 136.663 136.664 136.666 136.669 136.672 136.675 136.679 136.684 136.689 136.694 136.699 136.705 136.711 136.718 136.725 136.732 136.740 136.747 136.756 136.764 136.773 136.782 136.792 136.802 136.812 136.823 136.834 136.846 136.858 136.870 136.883 136.896 136.910 136.924 136.939 136.954 136.970 136.987 137.004 137.023 137.041 137.061 137.082 137.104 137.128 137.152 137.179 137.207 137.200 137.191 137.181 137.171 137.162 137.153 137.146 137.139 137.134 137.129 137.125 137.122
-9999.000 -9999.000 136.658 136.656 136.657 136.659 136.662 136.665 136.669 136.673 136.678 136.682 136.688 136.693 136.699 136.706 136.712 136.719 136.726 136.734 136.742 136.750 136.759 136.768 136.777 136.787 136.797 136.807 136.818 136.829 136.840 136.852 136.865 136.877 136.891 136.904 136.919 136.933 136.949 136.965 136.981 136.998 137.016 137.035 137.054 137.075 137.096 137.119 137.142 137.166 137.190 137.183 137.175 137.167 137.158 137.151 137.143 137.137 137.131 137.126 137.122 137.118 137.115
-9999.000 -9999.000 136.648 136.647 136.649 136.651 136.654 136.658 136.662 136.666 136.671 136.676 136.681 136.687 136.693 136.700 136.706 136.713 136.721 136.728 136.736 136.744 136.753 136.762 136.771 136.781 136.791 136.801 136.812 136.823 136.834 136.846 136.859 136.871 136.885 136.898 136.912 136.927 136.942 136.958 136.974 136.991 137.009 137.028 137.047 137.067 137.087 137.108 137.130 137.152 137.174 137.167 137.160 137.153 137.146 137.139 137.133 137.127 137.122 137.117 137.114 137.110 137.108
-9999.000 -9999.000 136.635 136.637 136.640 136.643 136.646 136.650 136.654 136.659 136.664 136.669 136.675 136.681 136.687 136.693 136.700 136.707 136.715 136.722 136.730 136.738 136.747 136.756 136.765 136.775 136.785 136.795 136.806 136.817 136.828 136.840 136.852 136.865 136.878 136.892 136.906 136.920 136.935 136.951 136.967 136.984 137.001 137.019 137.038 137.057 137.077 137.098 137.119 137.139 137.158 137.151 137.145 137.139 137.133 137.127 137.121 137.117 137.112 137.108 137.105 137.102 137.100
-9999.000 136.612 136.619 136.626 136.630 136.634 136.638 136.642 136.647 136.652 136.657 136.662 136.668 136.674 136.680 136.687 136.694 136.701 136.708 136.716 136.724 136.732 136.741 136.750 136.759 136.768 136.778 136.789 136.799 136.810 136.821 136.833 136.845 136.858 136.871 136.885 136.898 136.913 136.928 136.943 136.959 136.976 136.993 137.011 137.029 137.048 137.067 137.087 137.107 137.127 137.142 137.135 137.129 137.124 137.119 137.114 137.110 137.106 137.102 137.099 137.096 137.094 137.092
-9999.000 136.604 136.609 136.615 136.620 136.625 136.629 136.634 136.639 136.644 136.650 136.655 136.661 136.667 136.674 136.680 136.687 136.694 136.702 136.709 136.717 136.725 136.734 136.743 136.752 136.762 136.771 136.782 136.792 136.803 136.814 136.826 136.838 136.851 136.864 136.877 136.891 136.905 136.920 136.935 136.951 136.967 136.984 137.001 137.019 137.038 137.057 137.076 137.097 137.120 137.121 137.118 137.114 137.110 137.106 137.102 137.098 137.095 137.091 137.089 137.086 137.085 137.083
-9999.000 136.597 136.601 136.606 136.611 136.616 136.621 136.626 136.631 136.636 136.642 136.648 136.654 136.660 136.666 136.673 136.680 136.687 136.695 136.702 136.710 136.719 136.727 136.736 136.745 136.755 136.764 136.775 136.785 136.796 136.807 136.819 136.831 136.843 136.856 136.869 136.883 136.897 136.911 136.926 136.942 136.958 136.974 136.991 137.009 137.027 137.045 137.064 137.084 137.104 137.103 137.101 137.098 137.095 137.092 137.089 137.086 137.083 137.080 137.078 137.076 137.075 137.074
136.575 136.584 136.590 136.596 136.601 136.607 136.612 136.617 136.623 136.628 136.634 136.640 136.646 136.653 136.659 136.666 136.673 136.680 136.688 136.695 136.703 136.712 136.720 136.729 136.738 136.747 136.757 136.767 136.777 136.788 136.799 136.811 136.823 136.835 136.848 136.861 136.874 136.888 136.902 136.917 136.933 136.948 136.964 136.981 136.998 137.015 137.033 137.051 137.070 137.088 137.087 137.085 137.083 137.080 137.078 137.075 137.073 137.071 137.069 137.068 137.066 137.065 137.064
136.565 136.573 136.580 136.586 136.592 136.598 136.603 136.609 136.615 136.620 136.626 136.633 136.639 136.645 136.652 136.659 136.666 136.673 136.680 136.688 136.696 136.704 136.713 136.721 136.730 136.740 136.749 136.759 136.770 136.780 136.791 136.803 136.814 136.826 136.839 136.852 136.865 136.879 136.893 136.908 136.923 136.938 136.954 136.970 136.987 137.004 137.021 137.038 137.056 137.073 137.071 137.069 137.068 137.066 137.064 137.062 137.060 137.059 137.058 137.057 137.056 137.055 137.055
