LISFLOOD/results/run9.inittm
ncols         138
nrows         103
xllcorner     341179.518085
yllcorner     4516709.658735
cellsize      30.000000
NODATA_value  -9999.000000
[rows 29 to 57 of 103, columns 67 to 133 of 138]
4.037 3.947 3.891 3.583 3.466 3.355 2.746 2.061 1.799 1.783 1.892 1.836 1.745 1.683 1.603 1.580 1.567 1.384 1.214 1.177 1.150 1.122 0.852 0.804 0.773 0.694 0.653 0.612 0.402 0.290 0.260 0.241 0.227 0.213 0.201 0.189 0.179 0.169 0.161 0.153 0.147 0.163 0.186 0.161 0.153 0.001 0.163 0.166 0.151 0.140 0.141 0.152 0.192 0.212 0.215 0.190 0.192 0.199 0.207 0.277 0.455 0.488 0.601 1.612 -9999.000 -9999.000 -9999.000
4.187 3.903 3.766 3.576 3.526 3.430 2.551 1.991 1.823 1.851 1.946 1.850 1.681 1.623 1.582 1.558 1.502 1.267 1.223 1.198 1.165 0.957 0.878 0.767 0.744 0.687 0.656 0.624 0.384 0.279 0.264 0.250 0.236 0.223 0.211 0.199 0.189 0.179 0.171 0.164 0.161 0.195 0.174 0.164 0.001 0.173 0.176 0.172 0.157 0.149 0.151 0.179 0.211 0.228 0.239 0.206 0.206 0.212 0.218 0.288 0.469 0.499 0.647 1.953 -9999.000 -9999.000 -9999.000
4.074 3.977 3.818 3.654 3.542 3.241 2.337 1.921 1.846 1.988 2.097 1.897 1.846 1.669 1.682 1.652 1.331 1.242 1.222 1.191 1.158 0.967 0.921 0.761 0.734 0.710 0.651 0.609 0.324 0.287 0.272 0.259 0.245 0.233 0.221 0.210 0.200 0.191 0.182 0.176 0.196 0.192 0.178 0.187 0.001 0.181 0.183 0.176 0.166 0.160 0.162 0.203 0.227 0.242 0.253 0.222 0.221 0.226 0.231 0.298 0.492 0.523 0.731 2.601 -9999.000 -9999.000 -9999.000
4.203 4.193 3.943 3.748 3.573 3.126 2.234 1.896 1.873 2.137 2.087 2.033 1.831 1.784 1.747 1.507 1.246 1.221 1.191 1.249 1.006 0.976 0.913 0.778 0.757 0.720 0.647 0.563 0.312 0.295 0.281 0.268 0.254 0.243 0.231 0.221 0.211 0.202 0.194 0.189 0.208 0.196 0.195 0.200 0.001 0.193 0.189 0.182 0.173 0.171 0.180 0.223 0.243 0.271 0.277 0.239 0.236 0.241 0.243 0.316 0.512 0.543 0.836 15.349 -9999.000 -9999.000 -9999.000
4.231 4.117 3.796 3.725 3.622 3.173 2.121 1.912 1.978 2.247 2.114 2.007 1.864 2.201 2.111 1.381 1.229 1.189 1.156 1.117 1.009 0.976 0.926 0.790 0.768 0.718 0.657 0.454 0.319 0.304 0.290 0.277 0.264 0.252 0.242 0.232 0.223 0.214 0.208 0.205 0.212 0.208 0.216 0.209 0.001 0.204 0.197 0.189 0.183 0.182 0.198 0.233 0.264 0.297 0.304 0.256 0.252 0.255 0.257 0.332 0.532 0.567 1.026 -9999.000 -9999.000 -9999.000 -9999.000
4.079 3.937 3.837 3.797 3.663 2.813 1.978 1.932 2.282 2.243 2.199 2.031 3.167 3.983 1.706 1.287 1.199 1.232 1.298 1.048 1.018 0.982 0.915 0.778 0.757 0.701 0.632 0.357 0.328 0.313 0.299 0.286 0.273 0.262 0.251 0.242 0.233 0.227 0.221 0.218 0.217 0.231 0.224 0.219 0.001 0.216 0.206 0.197 0.193 0.193 0.216 0.254 0.320 0.342 0.326 0.273 0.268 0.271 0.272 0.362 0.558 0.603 1.341 -9999.000 -9999.000 -9999.000 -9999.000
4.554 3.968 3.869 3.816 3.637 2.428 1.984 1.969 2.469 2.312 2.231 2.426 5.004 4.203 1.411 1.212 1.174 1.207 1.093 1.066 1.039 1.008 0.883 0.768 0.749 0.708 0.517 0.353 0.337 0.323 0.308 0.295 0.283 0.271 0.261 0.252 0.243 0.237 0.231 0.227 0.228 0.240 0.233 0.229 0.001 0.226 0.213 0.205 0.204 0.206 0.234 0.283 0.355 0.368 0.346 0.289 0.284 0.286 0.287 0.391 0.577 0.698 1.817 -9999.000 -9999.000 -9999.000 -9999.000
4.644 4.023 3.969 3.914 3.108 2.148 2.005 2.189 2.732 2.404 2.265 5.498 9.943 2.115 1.210 1.173 1.157 1.136 1.052 1.071 1.054 1.025 0.849 0.783 0.764 0.698 0.396 0.362 0.347 0.332 0.318 0.305 0.292 0.281 0.271 0.261 0.253 0.246 0.240 0.236 0.245 0.253 0.245 0.001 0.243 0.235 0.222 0.214 0.214 0.218 0.254 0.319 0.359 0.375 0.369 0.305 0.302 0.302 0.303 0.427 0.587 0.842 7.544 -9999.000 -9999.000 -9999.000 -9999.000
4.402 4.069 3.991 3.758 2.723 2.069 2.027 2.410 2.666 2.482 2.879 20.091 9.544 1.421 1.228 1.237 1.328 1.062 1.007 0.987 1.008 1.002 0.828 0.798 0.777 0.581 0.387 0.371 0.356 0.342 0.328 0.314 0.302 0.291 0.281 0.271 0.263 0.256 0.250 0.246 0.272 0.268 0.001 0.001 0.250 0.241 0.230 0.226 0.224 0.233 0.273 0.353 0.373 0.387 0.391 0.321 0.319 0.319 0.319 0.464 0.623 1.176 -9999.000 -9999.000 -9999.000 -9999.000 -9999.000
4.491 4.126 4.047 3.357 2.489 2.072 2.049 2.449 2.612 2.531 11.004 -9999.000 1.852 1.331 1.313 1.457 1.304 1.261 1.146 0.969 0.921 0.901 0.813 0.791 0.770 0.439 0.396 0.381 0.366 0.351 0.338 0.324 0.312 0.301 0.291 0.282 0.274 0.267 0.261 0.259 0.284 0.278 0.001 0.270 0.258 0.247 0.238 0.237 0.236 0.246 0.296 0.380 0.387 0.400 0.396 0.337 0.336 0.337 0.337 0.522 0.751 1.639 -9999.000 -9999.000 -9999.000 -9999.000 -9999.000
4.584 4.277 4.073 3.034 2.318 2.095 2.082 2.562 2.636 5.052 -9999.000 11.328 1.425 1.404 1.509 1.703 1.475 1.439 1.391 1.259 1.052 0.865 0.793 0.774 0.638 0.421 0.405 0.390 0.376 0.361 0.347 0.334 0.323 0.312 0.302 0.293 0.285 0.278 0.272 0.297 0.306 0.001 0.001 0.276 0.268 0.254 0.247 0.247 0.247 0.257 0.328 0.404 0.409 0.416 0.376 0.354 0.354 0.354 0.359 0.582 1.011 -9999.000 -9999.000 -9999.000 -9999.000 -9999.000 -9999.000
4.586 4.345 3.807 2.761 2.168 2.119 2.142 2.604 3.121 -9999.000 -9999.000 1.759 1.452 1.558 1.694 1.653 1.522 1.473 1.428 1.317 1.160 0.844 0.790 0.783 0.496 0.430 0.414 0.399 0.385 0.371 0.357 0.345 0.333 0.323 0.313 0.304 0.296 0.289 0.286 0.319 0.314 0.001 0.298 0.285 0.281 0.262 0.257 0.257 0.258 0.267 0.359 0.416 0.433 0.431 0.389 0.371 0.372 0.372 0.396 0.669 1.459 -9999.000 -9999.000 -9999.000 -9999.000 -9999.000 -9999.000
4.647 4.323 3.239 2.555 2.168 2.143 2.239 2.711 23.893 -9999.000 16.608 1.616 1.593 1.772 1.713 1.677 1.529 1.481 1.430 1.310 1.143 0.793 0.767 0.658 0.456 0.439 0.424 0.409 0.394 0.381 0.367 0.355 0.344 0.333 0.324 0.316 0.308 0.302 0.319 0.339 0.001 0.001 0.306 0.308 0.292 0.270 0.267 0.271 0.269 0.276 0.381 0.431 0.454 0.446 0.406 0.391 0.390 0.389 0.493 0.909 -9999.000 -9999.000 -9999.000 -9999.000 -9999.000 -9999.000 -9999.000
4.832 4.461 3.646 2.302 2.193 2.256 2.617 5.016 -9999.000 -9999.000 1.782 1.697 1.796 1.799 1.717 1.672 1.574 1.492 1.418 1.322 1.047 0.784 0.738 0.493 0.464 0.448 0.433 0.418 0.404 0.390 0.377 0.366 0.354 0.344 0.335 0.327 0.320 0.314 0.351 0.346 0.001 0.328 0.317 0.319 0.303 0.278 0.278 0.298 0.288 0.285 0.394 0.448 0.466 0.452 0.423 0.412 0.409 0.418 0.697 1.450 -9999.000 -9999.000 -9999.000 -9999.000 -9999.000 -9999.000 -9999.000
4.907 4.519 3.064 2.261 2.239 2.577 3.208 6.797 6.776 4.923 1.873 1.855 1.858 1.832 1.783 1.730 1.669 1.512 1.407 1.352 0.962 0.792 0.588 0.488 0.473 0.457 0.442 0.428 0.413 0.400 0.388 0.376 0.365 0.356 0.347 0.338 0.332 0.338 0.369 0.001 0.001 0.336 0.336 0.332 0.305 0.288 0.291 0.331 0.310 0.294 0.373 0.471 0.481 0.457 0.440 0.433 0.429 0.531 1.010 -9999.000 -9999.000 -9999.000 -9999.000 -9999.000 -9999.000 -9999.000 -9999.000
5.107 4.098 2.371 2.314 2.601 2.837 11.887 -9999.000 -9999.000 1.967 1.885 1.889 1.891 1.908 1.932 2.074 1.986 1.703 1.437 1.303 0.889 0.707 0.514 0.497 0.481 0.466 0.451 0.437 0.423 0.410 0.398 0.387 0.377 0.367 0.358 0.351 0.345 0.378 0.001 0.001 0.357 0.347 0.347 0.343 0.309 0.298 0.316 0.366 0.340 0.306 0.358 0.495 0.497 0.452 0.457 0.454 0.453 0.712 1.794 -9999.000 -9999.000 -9999.000 -9999.000 -9999.000 -9999.000 -9999.000 -9999.000
4.631 3.226 2.392 2.536 2.700 4.422 -9999.000 -9999.000 7.242 1.782 1.761 1.766 1.728 1.682 1.672 1.729 1.792 1.733 1.596 1.373 0.978 0.571 0.521 0.505 0.489 0.474 0.459 0.446 0.432 0.420 0.408 0.398 0.388 0.378 0.371 0.363 0.359 0.394 0.001 0.374 0.367 0.363 0.359 0.338 0.320 0.313 0.375 0.384 0.369 0.319 0.344 0.475 0.415 0.431 0.449 0.468 0.547 1.071 -9999.000 -9999.000 -9999.000 -9999.000 -9999.000 -9999.000 -9999.000 -9999.000 -9999.000
3.909 2.703 2.456 2.734 3.092 -9999.000 -9999.000 -9999.000 1.872 1.723 1.715 1.713 1.672 1.634 1.582 1.541 1.492 1.458 1.389 1.041 0.755 0.548 0.529 0.513 0.498 0.482 0.468 0.454 0.441 0.429 0.418 0.408 0.399 0.391 0.383 0.377 0.386 0.001 0.001 0.387 0.378 0.373 0.369 0.342 0.333 0.377 0.443 0.417 0.381 0.336 0.347 0.377 0.391 0.412 0.433 0.473 0.818 -9999.000 -9999.000 -9999.000 -9999.000 -9999.000 -9999.000 -9999.000 -9999.000 -9999.000 -9999.000
3.818 2.536 2.514 2.829 6.837 -9999.000 -9999.000 3.160 1.712 1.672 1.661 1.669 1.661 1.622 1.533 1.483 1.383 1.328 1.216 0.903 0.584 0.554 0.538 0.522 0.506 0.491 0.476 0.463 0.451 0.439 0.428 0.418 0.410 0.402 0.395 0.390 0.410 0.001 0.416 0.394 0.386 0.383 0.364 0.354 0.384 0.471 0.479 0.468 0.408 0.352 0.358 0.373 0.388 0.408 0.432 0.620 1.284 -9999.000 -9999.000 -9999.000 -9999.000 -9999.000 -9999.000 -9999.000 -9999.000 -9999.000 -9999.000
3.294 2.559 2.709 3.659 -9999.000 -9999.000 -9999.000 1.709 1.684 1.637 1.606 1.612 1.581 1.527 1.482 1.422 1.347 1.290 1.097 0.708 0.578 0.562 0.546 0.529 0.514 0.499 0.485 0.472 0.459 0.448 0.438 0.429 0.421 0.413 0.407 0.402 0.001 0.001 0.420 0.402 0.395 0.388 0.380 0.412 0.480 0.504 0.502 0.501 0.423 0.366 0.372 0.386 0.401 0.421 0.606 1.023 -9999.000 -9999.000 -9999.000 -9999.000 -9999.000 -9999.000 -9999.000 -9999.000 -9999.000 -9999.000 -9999.000
2.757 2.607 3.008 8.396 -9999.000 -9999.000 2.041 1.669 1.642 1.606 1.567 1.577 1.539 1.473 1.433 1.350 1.307 1.241 0.948 0.608 0.587 0.572 0.557 0.538 0.523 0.508 0.494 0.481 0.469 0.458 0.448 0.439 0.431 0.424 0.418 0.415 0.001 0.443 0.425 0.412 0.406 0.409 0.488 0.542 0.565 0.581 0.596 0.517 0.438 0.384 0.388 0.401 0.416 0.491 0.833 1.957 -9999.000 -9999.000 -9999.000 -9999.000 -9999.000 -9999.000 -9999.000 -9999.000 -9999.000 -9999.000 -9999.000
2.731 2.711 3.809 -9999.000 -9999.000 11.817 1.677 1.651 1.617 1.583 1.533 1.528 1.484 1.439 1.402 1.321 1.256 1.171 0.796 0.616 0.601 0.589 0.579 0.547 0.532 0.517 0.503 0.491 0.479 0.468 0.459 0.449 0.442 0.435 0.431 0.001 0.001 0.447 0.430 0.422 0.416 0.460 0.502 0.525 0.552 0.571 0.608 0.534 0.433 0.408 0.406 0.417 0.431 0.637 1.054 -9999.000 -9999.000 -9999.000 -9999.000 -9999.000 -9999.000 -9999.000 -9999.000 -9999.000 -9999.000 -9999.000 -9999.000
2.779 3.158 6.853 -9999.000 -9999.000 1.797 1.669 1.641 1.596 1.561 1.483 1.448 1.414 1.376 1.342 1.263 1.203 1.126 0.696 0.629 0.616 0.612 0.578 0.556 0.541 0.527 0.513 0.501 0.489 0.479 0.469 0.461 0.454 0.448 0.001 0.001 0.466 0.449 0.437 0.431 0.465 0.510 0.517 0.528 0.547 0.562 0.587 0.528 0.448 0.429 0.428 0.436 0.501 0.897 -9999.000 -9999.000 -9999.000 -9999.000 -9999.000 -9999.000 -9999.000 -9999.000 -9999.000 -9999.000 -9999.000 -9999.000 -9999.000
2.882 3.651 -9999.000 -9999.000 7.461 1.709 1.677 1.641 1.572 1.534 1.478 1.403 1.356 1.312 1.287 1.243 1.215 0.983 0.663 0.644 0.641 0.627 0.580 0.564 0.550 0.537 0.524 0.512 0.501 0.491 0.481 0.473 0.466 0.462 0.001 0.476 0.471 0.460 0.445 0.458 0.519 0.530 0.528 0.539 0.561 0.576 0.589 0.486 0.466 0.450 0.450 0.479 0.714 1.242 -9999.000 -9999.000 -9999.000 -9999.000 -9999.000 -9999.000 -9999.000 -9999.000 -9999.000 -9999.000 -9999.000 -9999.000 -9999.000
3.171 5.121 -9999.000 -9999.000 1.845 1.722 1.681 1.631 1.572 1.520 1.450 1.389 1.361 1.334 1.283 1.253 1.203 0.808 0.674 0.662 0.655 0.617 0.588 0.573 0.560 0.547 0.534 0.523 0.513 0.503 0.494 0.487 0.481 0.001 0.001 0.492 0.485 0.464 0.456 0.518 0.544 0.543 0.541 0.556 0.569 0.581 0.526 0.499 0.484 0.473 0.473 0.638 1.032 -9999.000 -9999.000 -9999.000 -9999.000 -9999.000 -9999.000 -9999.000 -9999.000 -9999.000 -9999.000 -9999.000 -9999.000 -9999.000 -9999.000
3.378 8.641 -9999.000 14.603 1.761 1.729 1.691 1.652 1.612 1.503 1.456 1.413 1.385 1.357 1.320 1.343 1.105 0.716 0.691 0.688 0.672 0.613 0.597 0.583 0.569 0.557 0.546 0.534 0.524 0.516 0.508 0.502 0.499 0.001 0.512 0.507 0.485 0.471 0.497 0.560 0.561 0.559 0.557 0.569 0.583 0.591 0.532 0.516 0.502 0.496 0.538 0.886 2.271 -9999.000 -9999.000 -9999.000 -9999.000 -9999.000 -9999.000 -9999.000 -9999.000 -9999.000 -9999.000 -9999.000 -9999.000 -9999.000 -9999.000
3.849 -9999.000 -9999.000 2.188 1.783 1.755 1.692 1.653 1.612 1.527 1.468 1.432 1.398 1.371 1.345 1.319 0.951 0.720 0.707 0.691 0.651 0.621 0.606 0.593 0.580 0.568 0.557 0.546 0.537 0.528 0.521 0.516 0.001 0.001 0.518 0.511 0.489 0.484 0.562 0.574 0.578 0.576 0.573 0.588 0.594 0.567 0.548 0.532 0.521 0.516 0.743 1.636 -9999.000 -9999.000 -9999.000 -9999.000 -9999.000 -9999.000 -9999.000 -9999.000 -9999.000 -9999.000 -9999.000 -9999.000 -9999.000 -9999.000 -9999.000
3.863 -9999.000 -9999.000 1.845 1.808 1.775 1.731 1.681 1.565 1.511 1.468 1.440 1.396 1.360 1.331 1.279 0.814 0.707 0.687 0.672 0.646 0.630 0.616 0.603 0.591 0.579 0.568 0.558 0.549 0.542 0.536 0.532 0.001 0.527 0.518 0.507 0.499 0.556 0.588 0.593 0.595 0.592 0.595 0.602 0.605 0.582 0.565 0.551 0.542 0.577 1.139 -9999.000 -9999.000 -9999.000 -9999.000 -9999.000 -9999.000 -9999.000 -9999.000 -9999.000 -9999.000 -9999.000 -9999.000 -9999.000 -9999.000 -9999.000 -9999.000
3.794 3.729 2.248 1.826 1.781 1.734 1.675 1.638 1.569 1.535 1.475 1.444 1.413 1.381 1.353 1.121 0.746 0.709 0.689 0.675 0.653 0.639 0.626 0.613 0.601 0.590 0.579 0.570 0.562 0.554 0.549 0.001 0.001 0.533 0.524 0.515 0.549 0.608 0.603 0.611 0.612 0.608 0.611 0.614 0.615 0.598 0.583 0.571 0.565 0.832 -9999.000 -9999.000 -9999.000 -9999.000 -9999.000 -9999.000 -9999.000 -9999.000 -9999.000 -9999.000 -9999.000 -9999.000 -9999.000 -9999.000 -9999.000 -9999.000 -9999.000
