LISFLOOD/results/run9.inittm
ncols         138
nrows         103
xllcorner     341179.518085
yllcorner     4516709.658735
cellsize      30.000000
NODATA_value  -9999.000000
[rows 0 to 28 of 103, columns 67 to 133 of 138]
-9999.000 -9999.000 -9999.000 -9999.000 -9999.000 -9999.000 -9999.000 -9999.000 -9999.000 -9999.000 -9999.000 -9999.000 -9999.000 -9999.000 -9999.000 -9999.000 -9999.000 -9999.000 -9999.000 -9999.000 -9999.000 -9999.000 -9999.000 -9999.000 -9999.000 -9999.000 -9999.000 -9999.000 -9999.000 -9999.000 -9999.000 -9999.000 -9999.000 -9999.000 -9999.000 -9999.000 -9999.000 -9999.000 -9999.000 -9999.000 -9999.000 -9999.000 -9999.000 -9999.000 -9999.000 -9999.000 -9999.000 -9999.000 -9999.000 -9999.000 -9999.000 -9999.000 -9999.000 -9999.000 -9999.000 -9999.000 -9999.000 -9999.000 -9999.000 -9999.000 -9999.000 -9999.000 -9999.000 -9999.000 -9999.000 -9999.000 -9999.000
-9999.000 -9999.000 -9999.000 -9999.000 -9999.000 -9999.000 -9999.000 -9999.000 -9999.000 -9999.000 -9999.000 -9999.000 -9999.000 -9999.000 -9999.000 -9999.000 -9999.000 -9999.000 -9999.000 -9999.000 -9999.000 -9999.000 -9999.000 -9999.000 -9999.000 -9999.000 -9999.000 -9999.000 -9999.000 -9999.000 -9999.000 -9999.000 -9999.000 -9999.000 -9999.000 -9999.000 -9999.000 -9999.000 -9999.000 -9999.000 -9999.000 -9999.000 -9999.000 -9999.000 -9999.000 -9999.000 -9999.000 -9999.000 -9999.000 -9999.000 -9999.000 -9999.000 -9999.000 -9999.000 -9999.000 -9999.000 -9999.000 -9999.000 -9999.000 -9999.000 -9999.000 -9999.000 -9999.000 -9999.000 -9999.000 -9999.000 -9999.000
-9999.000 -9999.000 -9999.000 -9999.000 -9999.000 -9999.000 -9999.000 -9999.000 -9999.000 -9999.000 -9999.000 -9999.000 -9999.000 -9999.000 -9999.000 -9999.000 -9999.000 -9999.000 -9999.000 -9999.000 -9999.000 -9999.000 -9999.000 -9999.000 -9999.000 -9999.000 -9999.000 -9999.000 -9999.000 -9999.000 -9999.000 -9999.000 -9999.000 -9999.000 -9999.000 -9999.000 -9999.000 -9999.000 -9999.000 -9999.000 -9999.000 -9999.000 -9999.000 -9999.000 -9999.000 -9999.000 -9999.000 -9999.000 -9999.000 -9999.000 -9999.000 -9999.000 -9999.000 -9999.000 -9999.000 -9999.000 -9999.000 -9999.000 -9999.000 -9999.000 -9999.000 -9999.000 -9999.000 -9999.000 -9999.000 -9999.000 -9999.000
4.202 4.381 6.642 7.623 3.752 2.429 2.359 2.327 2.278 2.224 2.178 2.159 2.065 2.050 2.495 1.932 1.844 1.787 1.810 1.977 2.404 2.496 1.791 1.534 1.356 1.262 1.231 1.198 0.871 0.854 0.836 0.827 0.736 0.711 0.680 0.627 0.188 0.167 0.155 -9999.000 -9999.000 -9999.000 -9999.000 -9999.000 -9999.000 -9999.000 -9999.000 -9999.000 -9999.000 -9999.000 -9999.000 -9999.000 -9999.000 -9999.000 -9999.000 -9999.000 -9999.000 -9999.000 -9999.000 -9999.000 -9999.000 -9999.000 -9999.000 -9999.000 -9999.000 -9999.000 -9999.000
4.050 4.042 4.326 4.259 2.934 2.892 2.544 2.392 2.303 2.302 2.160 2.111 2.063 1.944 1.926 1.891 1.796 1.739 1.693 1.736 2.181 2.100 1.605 1.467 1.308 1.244 1.218 1.191 0.859 0.837 0.819 0.765 0.745 0.731 0.711 0.413 0.168 0.153 0.141 0.129 0.118 0.108 0.099 0.093 0.088 0.084 0.082 0.080 0.096 0.319 0.538 0.566 0.498 0.484 0.304 0.120 0.131 0.144 0.159 0.176 0.193 0.216 0.240 0.263 0.286 0.307 0.379
3.890 3.934 3.959 3.212 3.172 3.820 4.096 2.479 2.332 3.407 2.779 2.197 2.113 1.914 1.883 1.857 1.755 1.717 1.663 1.614 1.691 1.649 1.498 1.325 1.237 1.208 1.192 1.171 0.862 0.841 0.957 0.709 0.718 0.698 0.629 0.199 0.157 0.142 0.128 0.116 0.104 0.094 0.086 0.079 0.073 0.071 0.068 0.066 0.097 0.442 0.497 0.461 0.451 0.266 0.099 0.107 0.119 0.132 0.148 0.168 0.192 0.214 0.239 0.262 0.284 0.307 0.651
3.758 3.566 3.376 3.256 3.795 3.744 3.152 2.485 2.458 4.948 4.483 3.597 2.341 1.907 1.862 1.839 1.753 1.712 1.676 1.566 1.536 1.539 1.396 1.286 1.207 1.181 1.163 1.140 0.839 0.818 0.797 0.684 0.674 0.638 0.303 0.193 0.152 0.129 0.116 0.103 0.092 0.082 0.073 0.066 0.061 0.058 0.057 0.053 0.146 0.431 0.415 0.381 0.159 0.079 0.086 0.097 0.108 0.122 0.141 0.165 0.190 0.216 0.238 0.261 0.295 0.411 1.022
6.007 3.783 3.499 3.636 3.759 3.292 2.574 2.548 3.727 4.803 4.271 3.449 2.488 1.941 1.861 1.839 1.755 1.711 1.668 1.574 1.446 1.412 1.331 1.257 1.189 1.161 1.140 1.109 0.831 0.996 0.683 0.656 0.634 0.435 0.274 0.259 0.142 0.117 0.104 0.092 0.081 0.071 0.062 0.054 0.048 0.045 0.048 0.043 0.125 0.339 0.243 0.126 0.060 0.066 0.078 0.108 0.122 0.137 0.155 0.176 0.197 0.219 0.239 0.263 0.369 0.627 1.166
10.099 4.931 4.002 3.744 3.517 2.744 2.708 3.614 4.443 4.391 4.027 3.251 2.342 1.923 1.874 1.853 1.729 1.682 1.636 1.543 1.401 1.367 1.307 1.247 1.211 1.171 1.148 1.029 0.807 1.034 0.651 0.630 0.504 0.272 0.270 0.246 0.126 0.107 0.093 0.081 0.070 0.061 0.052 0.044 0.038 0.033 0.033 0.034 0.107 0.143 0.099 0.045 0.049 0.060 0.100 0.128 0.138 0.152 0.170 0.187 0.205 0.222 0.239 0.260 0.523 0.789 1.052
10.354 5.489 4.770 4.127 3.489 3.315 3.449 3.709 4.114 4.064 3.704 3.023 2.181 1.884 1.855 1.833 1.707 1.661 1.614 1.508 1.419 1.374 1.343 1.334 1.237 1.218 1.192 0.827 0.787 0.763 0.625 0.712 0.298 0.245 0.264 0.199 0.113 0.098 0.084 0.072 0.061 0.052 0.043 0.036 0.029 0.024 0.022 0.027 0.066 0.073 0.033 0.033 0.042 0.074 0.106 0.120 0.134 0.156 0.174 0.190 0.204 0.220 0.236 0.302 0.661 1.044 1.091
10.854 6.941 5.418 4.566 3.296 3.204 3.339 3.264 3.638 3.414 3.069 2.537 2.033 1.864 1.836 1.820 1.702 1.657 1.601 1.501 1.449 1.397 1.377 1.333 1.216 1.201 1.227 0.854 0.981 0.688 0.595 0.388 0.229 0.218 0.263 0.140 0.106 0.091 0.077 0.064 0.053 0.044 0.036 0.029 0.023 0.017 0.014 0.019 0.028 0.025 0.021 0.027 0.048 0.099 0.111 0.123 0.137 0.156 0.169 0.183 0.198 0.213 0.229 0.482 0.714 1.032 1.095
11.060 7.416 5.160 4.516 3.438 3.124 3.094 3.138 3.340 2.991 2.709 2.205 1.924 1.829 1.804 1.768 1.673 1.629 1.564 1.509 1.454 1.413 1.388 1.220 1.182 1.162 1.214 0.864 0.940 0.696 0.600 0.244 0.203 0.189 0.151 0.117 0.101 0.085 0.071 0.058 0.047 0.037 0.029 0.023 0.017 0.012 0.009 0.014 0.009 0.011 0.016 0.023 0.069 0.098 0.110 0.124 0.134 0.147 0.159 0.173 0.187 0.203 0.237 0.619 0.754 1.167 1.651
10.949 7.597 5.239 4.004 3.334 3.101 2.983 2.952 3.037 2.643 2.438 2.014 1.840 1.812 1.838 1.723 1.659 1.598 1.545 1.495 1.435 1.406 1.336 1.185 1.153 1.129 0.989 0.844 0.780 0.682 0.372 0.262 0.283 0.421 0.154 0.112 0.096 0.080 0.066 0.053 0.042 0.033 0.024 0.018 0.012 0.008 0.006 0.001 0.004 0.007 0.011 0.034 0.077 0.090 0.103 0.111 0.122 0.134 0.147 0.161 0.177 0.194 0.318 0.676 0.781 1.452 2.847
10.996 8.330 4.968 4.084 3.407 3.138 2.944 2.853 2.782 2.430 2.196 1.858 1.804 1.784 1.762 1.721 1.635 1.576 1.531 1.484 1.455 1.425 1.248 1.222 1.206 1.234 0.909 1.059 0.736 0.537 0.315 0.303 0.461 0.418 0.131 0.107 0.091 0.077 0.063 0.051 0.039 0.029 0.021 0.014 0.008 0.006 0.004 0.001 0.002 0.004 0.011 0.052 0.066 0.076 0.086 0.097 0.110 0.122 0.136 0.151 0.167 0.186 0.453 0.681 0.857 1.804 6.445
9.804 8.154 4.936 4.074 3.483 3.235 2.937 2.862 2.567 2.360 2.037 1.792 1.783 1.759 1.663 1.634 1.588 1.562 1.532 1.511 1.490 1.322 1.234 1.201 1.177 1.148 0.872 0.852 0.703 0.375 0.333 0.528 0.531 0.336 0.121 0.104 0.089 0.075 0.062 0.049 0.039 0.030 0.023 0.017 0.012 0.008 0.006 0.001 0.004 0.007 0.026 0.048 0.056 0.064 0.072 0.085 0.099 0.112 0.126 0.142 0.159 0.191 0.576 0.648 0.952 2.011 -9999.000
10.763 8.078 4.985 3.826 3.602 3.424 3.071 2.838 2.448 2.201 1.813 1.761 1.805 1.686 1.639 1.614 1.578 1.541 1.532 1.501 1.419 1.306 1.270 1.234 1.205 0.927 0.899 0.757 0.599 0.387 0.484 0.581 0.576 0.234 0.121 0.105 0.090 0.076 0.063 0.052 0.042 0.033 0.026 0.021 0.016 0.012 0.009 0.001 0.007 0.018 0.038 0.045 0.052 0.059 0.068 0.082 0.094 0.107 0.121 0.137 0.154 0.261 0.597 0.636 1.048 1.959 3.626
10.990 7.837 5.783 3.923 3.743 3.370 3.131 2.995 2.759 2.047 1.757 1.738 1.742 1.659 1.628 1.590 1.538 1.500 1.462 1.388 1.358 1.307 1.283 1.262 1.229 0.898 0.941 0.744 0.447 0.433 0.577 0.553 0.492 0.162 0.122 0.106 0.092 0.078 0.066 0.055 0.046 0.037 0.031 0.025 0.021 0.017 0.013 0.001 0.013 0.033 0.042 0.046 0.052 0.058 0.067 0.078 0.091 0.103 0.118 0.134 0.152 0.343 0.567 0.637 1.127 1.937 4.136
9.578 7.238 5.472 4.073 3.871 3.313 3.166 2.995 2.727 1.878 1.734 1.714 1.688 1.644 1.610 1.559 1.513 1.476 1.435 1.398 1.354 1.284 1.262 1.253 0.902 0.879 0.829 0.664 0.462 0.606 0.599 0.569 0.437 0.143 0.124 0.109 0.095 0.082 0.071 0.060 0.051 0.043 0.036 0.030 0.026 0.022 0.019 0.001 0.028 0.042 0.046 0.052 0.056 0.062 0.071 0.080 0.091 0.104 0.118 0.133 0.155 0.432 0.541 0.618 1.223 2.259 -9999.000
8.762 6.668 4.593 4.239 3.758 3.364 3.207 2.846 2.138 1.762 1.736 1.718 1.663 1.633 1.583 1.554 1.532 1.476 1.427 1.360 1.300 1.261 1.233 1.193 0.876 0.989 0.741 0.519 0.496 0.616 0.597 0.567 0.314 0.143 0.127 0.112 0.099 0.087 0.076 0.066 0.057 0.049 0.042 0.036 0.031 0.027 0.001 0.033 0.044 0.048 0.052 0.057 0.061 0.067 0.074 0.083 0.093 0.106 0.119 0.134 0.185 0.496 0.527 0.625 1.325 2.928 -9999.000
9.171 5.613 4.412 4.184 3.490 3.337 3.223 3.029 1.997 1.761 1.738 1.719 1.652 1.626 1.589 1.566 1.540 1.489 1.462 1.433 1.348 1.343 1.324 0.957 0.859 0.843 0.594 0.566 0.513 0.599 0.579 0.530 0.254 0.146 0.131 0.117 0.104 0.092 0.082 0.072 0.063 0.056 0.049 0.043 0.038 0.034 0.001 0.047 0.052 0.053 0.058 0.062 0.066 0.073 0.080 0.088 0.098 0.109 0.122 0.137 0.251 0.486 0.512 0.655 1.457 -9999.000 -9999.000
8.446 4.841 4.352 3.989 3.524 3.449 3.250 3.089 1.953 1.766 1.743 1.722 1.661 1.623 1.596 1.571 1.546 1.473 1.431 1.379 1.342 1.313 1.197 0.963 0.997 0.779 0.602 0.592 0.532 0.589 0.569 0.526 0.207 0.150 0.136 0.122 0.109 0.098 0.088 0.079 0.071 0.063 0.057 0.051 0.046 0.044 0.001 0.066 0.058 0.059 0.065 0.067 0.072 0.079 0.086 0.094 0.103 0.114 0.128 0.142 0.318 0.449 0.490 0.694 1.616 -9999.000 -9999.000
8.219 4.780 4.144 3.858 3.597 3.477 3.421 2.644 1.819 1.766 1.743 1.722 1.668 1.618 1.594 1.567 1.534 1.499 1.463 1.427 1.399 1.365 1.029 0.933 0.990 0.756 0.587 0.549 0.578 0.584 0.558 0.499 0.179 0.156 0.141 0.128 0.116 0.104 0.094 0.086 0.078 0.071 0.064 0.059 0.055 0.056 0.001 0.072 0.067 0.067 0.072 0.074 0.079 0.086 0.093 0.101 0.110 0.121 0.133 0.147 0.369 0.422 0.483 0.749 1.839 -9999.000 -9999.000
6.332 4.887 3.949 3.705 3.566 3.461 3.103 2.146 1.783 1.753 1.733 1.714 1.677 1.647 1.631 1.603 1.554 1.486 1.448 1.422 1.398 1.207 0.932 0.910 0.818 0.731 0.555 0.508 0.583 0.567 0.541 0.406 0.177 0.161 0.147 0.134 0.122 0.111 0.102 0.093 0.085 0.078 0.072 0.067 0.063 0.079 0.001 0.079 0.076 0.075 0.078 0.082 0.087 0.093 0.100 0.108 0.117 0.128 0.141 0.158 0.411 0.432 0.492 0.789 2.103 -9999.000 -9999.000
5.539 4.928 3.900 3.642 3.486 3.345 2.923 2.093 1.804 1.768 1.748 1.730 1.696 1.661 1.627 1.589 1.511 1.463 1.429 1.403 1.369 1.095 0.969 1.107 0.788 0.743 0.544 0.486 0.561 0.542 0.466 0.301 0.182 0.167 0.153 0.141 0.129 0.118 0.109 0.101 0.093 0.086 0.080 0.076 0.074 0.101 0.001 0.088 0.086 0.083 0.085 0.090 0.095 0.101 0.108 0.116 0.125 0.136 0.148 0.175 0.424 0.449 0.511 0.826 2.964 -9999.000 -9999.000
5.238 4.378 3.740 3.571 3.378 3.162 2.701 2.120 1.816 1.778 1.757 1.738 1.690 1.654 1.621 1.570 1.531 1.498 1.477 1.465 1.196 1.048 1.022 0.999 0.754 0.712 0.593 0.472 0.533 0.543 0.468 0.235 0.188 0.174 0.160 0.148 0.136 0.126 0.117 0.108 0.101 0.094 0.088 0.084 0.097 0.001 0.107 0.098 0.093 0.091 0.094 0.098 0.103 0.109 0.116 0.124 0.133 0.143 0.156 0.203 0.421 0.452 0.514 0.858 -9999.000 -9999.000 -9999.000
5.023 4.189 3.854 3.688 3.416 3.123 2.546 2.113 1.793 1.776 1.760 1.749 1.689 1.656 1.623 1.553 1.507 1.475 1.451 1.368 1.126 1.047 1.078 0.843 0.758 0.706 0.686 0.462 0.444 0.524 0.434 0.213 0.195 0.181 0.168 0.156 0.144 0.134 0.125 0.116 0.109 0.102 0.097 0.093 0.125 0.001 0.111 0.106 0.101 0.101 0.104 0.107 0.112 0.124 0.134 0.133 0.143 0.153 0.164 0.227 0.420 0.454 0.519 0.930 -9999.000 -9999.000 -9999.000
4.811 3.973 3.892 3.667 3.373 3.158 2.459 2.123 1.784 1.767 1.728 1.713 1.689 1.648 1.616 1.582 1.549 1.534 1.513 1.190 1.043 1.018 1.098 0.834 0.779 0.709 0.665 0.546 0.402 0.497 0.377 0.217 0.202 0.188 0.175 0.163 0.152 0.142 0.133 0.125 0.118 0.111 0.106 0.123 0.142 0.001 0.116 0.112 0.114 0.116 0.113 0.116 0.124 0.143 0.153 0.145 0.153 0.163 0.174 0.248 0.426 0.459 0.530 1.014 -9999.000 -9999.000 -9999.000
4.608 3.945 3.877 3.674 3.351 3.138 2.472 2.121 1.759 1.736 1.716 1.698 1.679 1.634 1.602 1.565 1.537 1.512 1.357 1.140 1.016 0.994 0.935 0.838 0.808 0.735 0.622 0.563 0.383 0.367 0.310 0.224 0.210 0.196 0.183 0.172 0.161 0.151 0.142 0.134 0.127 0.121 0.119 0.153 0.147 0.001 0.122 0.126 0.140 0.123 0.122 0.126 0.138 0.159 0.168 0.158 0.165 0.175 0.185 0.256 0.432 0.463 0.542 1.152 -9999.000 -9999.000 -9999.000
4.052 3.909 3.845 3.673 3.372 3.073 2.601 2.109 1.778 1.758 1.802 1.788 1.759 1.699 1.600 1.561 1.537 1.509 1.237 1.159 1.168 1.174 0.863 0.826 0.793 0.714 0.649 0.583 0.385 0.299 0.263 0.233 0.218 0.204 0.192 0.180 0.169 0.160 0.152 0.144 0.137 0.131 0.171 0.166 0.149 0.001 0.140 0.162 0.146 0.131 0.132 0.136 0.161 0.184 0.193 0.172 0.178 0.187 0.196 0.257 0.440 0.476 0.564 1.364 -9999.000 -9999.000 -9999.000
