LISFLOOD/results/run9.mxe
ncols         138
nrows         103
xllcorner     341179.518085
yllcorner     4516709.658735
cellsize      30.000000
NODATA_value  -9999.000000
[rows 28 to 55 of 103, columns 63 to 125 of 138]
136.557 136.564 136.570 136.577 136.583 136.589 136.595 136.600 136.606 136.612 136.619 136.625 136.631 136.638 136.644 136.651 136.658 136.666 136.673 136.681 136.688 136.697 136.705 136.714 136.723 136.732 136.741 136.751 136.761 136.772 136.783 136.794 136.806 136.818 136.830 136.843 136.856 136.869 136.883 136.898 136.913 136.928 136.943 136.959 136.975 136.992 137.009 137.025 137.042 137.057 137.055 137.054 137.053 137.051 137.050 137.049 137.048 137.047 137.046 137.045 137.045 137.045 137.045
136.548 136.555 136.561 136.568 136.574 136.580 136.586 136.592 136.598 136.604 136.611 136.617 136.623 136.630 136.637 136.644 136.651 136.658 136.665 136.673 136.681 136.689 136.697 136.706 136.714 136.724 136.733 136.743 136.753 136.763 136.774 136.785 136.797 136.808 136.821 136.833 136.846 136.860 136.873 136.887 136.902 136.917 136.932 136.948 136.964 136.980 136.996 137.013 137.029 137.041 137.039 137.038 137.037 137.037 137.036 137.035 137.035 137.034 137.034 137.034 137.034 137.034 137.034
136.539 136.546 136.552 136.559 136.565 136.571 136.578 136.584 136.590 136.596 136.602 136.609 136.616 136.622 136.629 136.636 136.643 136.650 136.658 136.665 136.673 136.681 136.689 136.697 136.706 136.715 136.724 136.734 136.744 136.754 136.765 136.776 136.787 136.799 136.811 136.823 136.836 136.849 136.863 136.877 136.891 136.906 136.921 136.936 136.951 136.967 136.984 137.001 137.019 137.022 137.023 137.022 137.022 137.022 137.022 137.022 137.022 137.022 137.022 137.022 137.023 137.023 137.024
136.531 136.537 136.544 136.550 136.557 136.563 136.569 136.575 136.582 136.588 136.594 136.601 136.608 136.614 136.621 136.628 136.635 136.642 136.650 136.657 136.665 136.672 136.681 136.689 136.697 136.706 136.716 136.725 136.735 136.745 136.756 136.766 136.778 136.789 136.801 136.813 136.826 136.839 136.852 136.866 136.880 136.894 136.909 136.924 136.939 136.955 136.971 136.987 137.004 137.005 137.006 137.007 137.007 137.007 137.008 137.008 137.008 137.009 137.010 137.010 137.011 137.012 137.013
136.522 136.529 136.535 136.542 136.548 136.554 136.561 136.567 136.573 136.580 136.586 136.593 136.600 136.606 136.613 136.620 136.627 136.634 136.642 136.649 136.656 136.664 136.672 136.680 136.689 136.697 136.706 136.716 136.725 136.735 136.746 136.756 136.767 136.779 136.791 136.803 136.815 136.828 136.841 136.854 136.868 136.882 136.897 136.911 136.926 136.942 136.957 136.973 136.988 136.990 136.990 136.991 136.992 136.993 136.993 136.994 136.995 136.996 136.997 136.999 137.000 137.001 137.003
136.514 136.520 136.527 136.533 136.540 136.546 136.552 136.559 136.565 136.571 136.578 136.585 136.592 136.598 136.606 136.613 136.620 136.627 136.633 136.641 136.648 136.655 136.663 136.671 136.679 136.688 136.697 136.706 136.716 136.726 136.736 136.746 136.757 136.768 136.780 136.792 136.804 136.816 136.829 136.842 136.856 136.870 136.884 136.899 136.913 136.928 136.943 136.958 136.973 136.974 136.975 136.976 136.977 136.978 136.979 136.980 136.982 136.983 136.985 136.986 136.988 136.990 136.992
136.506 136.512 136.519 136.525 136.531 136.538 136.544 136.550 136.557 136.563 136.570 136.577 136.583 136.590 136.598 136.605 136.612 136.619 136.625 136.632 136.639 136.646 136.654 136.662 136.670 136.679 136.687 136.696 136.706 136.715 136.725 136.736 136.746 136.757 136.769 136.780 136.792 136.805 136.817 136.830 136.844 136.857 136.871 136.886 136.900 136.915 136.930 136.944 136.958 136.958 136.959 136.960 136.962 136.963 136.965 136.967 136.968 136.970 136.972 136.974 136.977 136.979 136.981
136.498 136.504 136.511 136.517 136.523 136.529 136.536 136.542 136.548 136.555 136.561 136.568 136.575 136.582 136.590 136.598 136.604 136.611 136.617 136.623 136.630 136.637 136.645 136.652 136.660 136.669 136.677 136.686 136.695 136.705 136.715 136.725 136.735 136.746 136.757 136.769 136.781 136.793 136.805 136.818 136.831 136.845 136.858 136.873 136.887 136.902 136.916 136.931 136.942 136.942 136.943 136.945 136.946 136.948 136.950 136.953 136.955 136.957 136.960 136.962 136.965 136.968 136.970
136.490 136.496 136.503 136.509 136.515 136.521 136.527 136.534 136.540 136.546 136.553 136.560 136.567 136.574 136.582 136.592 136.597 136.603 136.608 136.615 136.621 136.628 136.635 136.643 136.651 136.659 136.667 136.676 136.685 136.694 136.704 136.714 136.724 136.735 136.746 136.757 136.769 136.780 136.793 136.805 136.818 136.832 136.845 136.859 136.874 136.888 136.904 136.920 136.923 136.925 136.926 136.929 136.931 136.933 136.936 136.939 136.941 136.944 136.947 136.950 136.953 136.956 136.959
136.482 136.489 136.495 136.501 136.507 136.513 136.519 136.525 136.532 136.538 136.544 136.551 136.558 136.565 136.571 136.587 136.591 136.595 136.600 136.605 136.612 136.618 136.625 136.633 136.640 136.648 136.657 136.665 136.674 136.683 136.693 136.702 136.713 136.723 136.734 136.745 136.756 136.768 136.780 136.792 136.805 136.818 136.832 136.845 136.860 136.874 136.890 136.905 136.905 136.907 136.910 136.912 136.915 136.918 136.921 136.924 136.928 136.931 136.934 136.938 136.941 136.945 136.948
136.475 136.481 136.487 136.493 136.499 136.505 136.511 136.517 136.523 136.529 136.536 136.543 136.550 136.557 136.564 -9999.000 136.582 136.585 136.590 136.596 136.602 136.608 136.615 136.622 136.630 136.638 136.646 136.654 136.663 136.672 136.681 136.691 136.701 136.711 136.721 136.732 136.743 136.755 136.767 136.779 136.791 136.804 136.818 136.831 136.845 136.860 136.875 136.882 136.886 136.889 136.893 136.896 136.899 136.903 136.906 136.910 136.914 136.918 136.921 136.925 136.929 136.933 136.937
136.468 136.473 136.479 136.485 136.491 136.497 136.503 136.509 136.515 136.521 136.527 136.534 136.541 136.549 -9999.000 136.561 136.569 136.574 136.580 136.585 136.592 136.598 136.605 136.612 136.619 136.627 136.635 136.643 136.652 136.660 136.669 136.679 136.688 136.698 136.709 136.719 136.730 136.742 136.753 136.765 136.777 136.790 136.803 136.817 136.830 136.844 136.859 136.863 136.868 136.872 136.876 136.880 136.884 136.888 136.892 136.896 136.900 136.904 136.908 136.913 136.917 136.922 136.926
136.460 136.466 136.472 136.477 136.483 136.489 136.494 136.500 136.506 136.512 136.518 136.524 136.532 -9999.000 -9999.000 136.554 136.558 136.564 136.569 136.575 136.581 136.587 136.594 136.601 136.608 136.616 136.623 136.632 136.640 136.648 136.657 136.666 136.676 136.686 136.696 136.706 136.717 136.728 136.739 136.751 136.763 136.776 136.788 136.802 136.815 136.829 136.838 136.844 136.849 136.854 136.859 136.863 136.868 136.872 136.877 136.881 136.886 136.891 136.895 136.900 136.905 136.910 136.915
136.453 136.459 136.464 136.469 136.475 136.481 136.486 136.492 136.498 136.503 136.508 136.512 136.523 -9999.000 136.533 136.542 136.547 136.553 136.558 136.564 136.570 136.577 136.583 136.590 136.597 136.604 136.612 136.620 136.628 136.636 136.645 136.654 136.663 136.673 136.683 136.693 136.703 136.714 136.725 136.737 136.748 136.761 136.773 136.786 136.799 136.814 136.820 136.825 136.831 136.837 136.842 136.847 136.852 136.857 136.862 136.867 136.872 136.877 136.882 136.888 136.893 136.898 136.903
136.446 136.451 136.456 136.462 136.467 136.473 136.478 136.484 136.489 136.495 136.500 136.504 -9999.000 -9999.000 136.522 136.529 136.535 136.541 136.547 136.553 136.559 136.565 136.572 136.579 136.586 136.593 136.600 136.608 136.616 136.624 136.632 136.641 136.650 136.659 136.669 136.679 136.689 136.700 136.711 136.722 136.733 136.745 136.758 136.771 136.784 136.794 136.801 136.807 136.813 136.819 136.825 136.831 136.836 136.842 136.847 136.853 136.858 136.864 136.869 136.875 136.881 136.887 136.893
136.439 136.444 136.449 136.454 136.459 136.465 136.470 136.476 136.481 136.487 136.493 136.499 136.501 136.503 136.511 136.518 136.524 136.530 136.536 136.542 136.548 136.554 136.561 136.567 136.574 136.581 136.588 136.596 136.603 136.611 136.620 136.628 136.637 136.646 136.655 136.665 136.675 136.685 136.696 136.707 136.718 136.730 136.742 136.754 136.769 136.775 136.782 136.789 136.796 136.802 136.808 136.814 136.820 136.826 136.832 136.838 136.844 136.850 136.856 136.862 136.869 136.875 136.880
136.432 136.437 136.441 136.446 136.451 136.456 136.462 136.467 136.473 136.480 136.487 -9999.000 -9999.000 136.496 136.501 136.507 136.513 136.519 136.525 136.531 136.537 136.543 136.549 136.555 136.562 136.569 136.576 136.583 136.591 136.598 136.606 136.615 136.623 136.632 136.641 136.651 136.660 136.670 136.681 136.691 136.702 136.714 136.725 136.739 136.749 136.757 136.764 136.771 136.778 136.785 136.792 136.798 136.805 136.811 136.817 136.824 136.830 136.836 136.843 136.850 136.857 136.865 136.872
136.425 136.429 136.434 136.439 136.443 136.448 136.453 136.459 136.464 136.472 -9999.000 -9999.000 136.478 136.485 136.491 136.496 136.502 136.508 136.514 136.519 136.525 136.531 136.537 136.544 136.550 136.557 136.564 136.571 136.578 136.585 136.593 136.601 136.609 136.618 136.627 136.636 136.645 136.655 136.665 136.676 136.686 136.698 136.710 136.721 136.730 136.738 136.746 136.754 136.761 136.768 136.775 136.782 136.789 136.796 136.802 136.809 136.816 136.823 136.829 136.836 136.844 136.854 -9999.000
136.418 136.422 136.426 136.431 136.435 136.440 136.445 136.450 136.454 -9999.000 -9999.000 -9999.000 136.470 136.475 136.480 136.486 136.491 136.497 136.502 136.508 136.514 136.520 136.526 136.532 136.538 136.544 136.551 136.558 136.565 136.572 136.580 136.587 136.595 136.603 136.612 136.621 136.630 136.640 136.649 136.660 136.670 136.680 136.695 136.703 136.712 136.720 136.729 136.736 136.744 136.752 136.759 136.766 136.773 136.781 136.788 136.795 136.802 136.809 136.816 136.823 136.829 -9999.000 -9999.000
136.411 136.415 136.419 136.423 136.427 136.432 136.436 136.441 136.447 -9999.000 -9999.000 136.451 136.458 136.464 136.469 136.475 136.480 136.486 136.491 136.497 136.502 136.508 136.514 136.520 136.526 136.532 136.538 136.545 136.552 136.559 136.566 136.573 136.581 136.589 136.597 136.606 136.614 136.624 136.633 136.643 136.654 136.666 136.676 136.685 136.694 136.703 136.711 136.719 136.727 136.735 136.743 136.750 136.758 136.765 136.773 136.780 136.788 136.795 136.802 136.810 136.819 -9999.000 -9999.000
136.404 136.407 136.411 136.415 136.419 136.423 136.427 136.431 -9999.000 -9999.000 -9999.000 136.444 136.448 136.454 136.459 136.464 136.469 136.475 136.480 136.485 136.491 136.496 136.502 136.507 136.513 136.519 136.525 136.532 136.538 136.545 136.552 136.559 136.566 136.574 136.582 136.590 136.598 136.607 136.617 136.627 136.636 136.651 136.659 136.668 136.677 136.686 136.694 136.703 136.711 136.719 136.727 136.735 136.742 136.750 136.758 136.766 136.773 136.781 136.789 136.795 -9999.000 -9999.000 -9999.000
136.397 136.400 136.403 136.407 136.411 136.415 136.419 136.425 -9999.000 -9999.000 136.424 136.432 136.438 136.443 136.448 136.453 136.459 136.464 136.469 136.474 136.479 136.484 136.490 136.495 136.501 136.506 136.512 136.518 136.524 136.531 136.537 136.544 136.551 136.559 136.566 136.574 136.582 136.591 136.600 136.610 136.621 136.632 136.642 136.651 136.660 136.669 136.677 136.686 136.694 136.703 136.711 136.719 136.727 136.735 136.743 136.751 136.759 136.768 136.777 136.786 -9999.000 -9999.000 -9999.000
136.389 136.392 136.396 136.399 136.402 136.406 136.410 -9999.000 -9999.000 136.410 136.416 136.422 136.428 136.433 136.438 136.443 136.448 136.453 136.457 136.462 136.467 136.472 136.477 136.483 136.488 136.493 136.499 136.505 136.511 136.517 136.523 136.529 136.536 136.543 136.550 136.558 136.565 136.574 136.582 136.592 136.606 136.615 136.624 136.633 136.643 136.652 136.660 136.669 136.678 136.686 136.695 136.703 136.712 136.720 136.728 136.736 136.745 136.753 136.765 -9999.000 -9999.000 -9999.000 -9999.000
136.382 136.385 136.388 136.391 136.394 136.398 136.404 -9999.000 -9999.000 136.405 136.408 136.413 136.418 136.423 136.428 136.432 136.437 136.441 136.446 136.451 136.456 136.460 136.465 136.470 136.475 136.480 136.486 136.491 136.497 136.502 136.508 136.514 136.521 136.527 136.534 136.541 136.548 136.556 136.563 136.577 136.588 136.598 136.607 136.616 136.626 136.635 136.644 136.653 136.662 136.670 136.679 136.688 136.696 136.705 136.713 136.722 136.729 136.736 -9999.000 -9999.000 -9999.000 -9999.000 -9999.000
136.374 136.377 136.380 136.382 136.385 136.387 -9999.000 -9999.000 136.389 136.395 136.399 136.404 136.408 136.413 136.417 136.422 136.426 136.430 136.435 136.439 136.444 136.448 136.453 136.458 136.462 136.467 136.472 136.477 136.483 136.488 136.494 136.499 136.505 136.511 136.518 136.524 136.531 136.539 136.548 136.560 136.570 136.580 136.590 136.599 136.609 136.618 136.627 136.636 136.645 136.654 136.663 136.672 136.681 136.690 136.699 136.707 136.716 136.726 -9999.000 -9999.000 -9999.000 -9999.000 -9999.000
136.367 136.369 136.371 136.374 136.377 136.379 -9999.000 -9999.000 136.383 136.387 136.391 136.395 136.399 136.403 136.407 136.411 136.415 136.419 136.424 136.428 136.432 136.436 136.441 136.445 136.449 136.454 136.459 136.464 136.468 136.473 136.479 136.484 136.489 136.495 136.501 136.507 136.513 136.519 136.534 136.543 136.553 136.563 136.573 136.582 136.592 136.601 136.611 136.620 136.629 136.638 136.647 136.657 136.666 136.675 136.684 136.693 136.700 -9999.000 -9999.000 -9999.000 -9999.000 -9999.000 -9999.000
136.359 136.361 136.363 136.366 136.369 136.374 -9999.000 136.369 136.374 136.378 136.382 136.385 136.389 136.393 136.397 136.401 136.405 136.408 136.412 136.416 136.420 136.424 136.428 136.432 136.436 136.441 136.445 136.450 136.454 136.459 136.464 136.468 136.473 136.479 136.484 136.490 136.496 136.505 136.516 136.526 136.537 136.546 136.556 136.566 136.575 136.585 136.594 136.604 136.613 136.622 136.632 136.641 136.651 136.661 136.671 136.681 136.690 -9999.000 -9999.000 -9999.000 -9999.000 -9999.000 -9999.000
136.351 136.353 136.355 136.357 136.359 -9999.000 -9999.000 136.364 136.366 136.369 136.373 136.376 136.380 136.383 136.387 136.390 136.394 136.398 136.401 136.405 136.408 136.412 136.416 136.420 136.423 136.427 136.431 136.435 136.440 136.444 136.448 136.453 136.457 136.462 136.467 136.472 136.476 136.490 136.500 136.510 136.520 136.530 136.539 136.549 136.559 136.568 136.578 136.587 136.597 136.606 136.616 136.625 136.635 136.646 136.657 136.669 -9999.000 -9999.000 -9999.000 -9999.000 -9999.000 -9999.000 -9999.000
