LISFLOOD/results/run9.inittm
ncols         138
nrows         103
xllcorner     341179.518085
yllcorner     4516709.658735
cellsize      30.000000
NODATA_value  -9999.000000
[rows 58 to 86 of 103, columns 67 to 133 of 138]
10.349 -9999.000 2.132 1.835 1.785 1.742 1.687 1.637 1.579 1.528 1.493 1.472 1.448 1.424 1.397 0.935 0.731 0.711 0.693 0.677 0.663 0.649 0.636 0.623 0.612 0.601 0.591 0.582 0.575 0.568 0.566 0.001 0.552 0.542 0.533 0.541 0.621 0.619 0.618 0.628 0.628 0.640 0.628 0.628 0.629 0.616 0.603 0.593 0.678 1.469 -9999.000 -9999.000 -9999.000 -9999.000 -9999.000 -9999.000 -9999.000 -9999.000 -9999.000 -9999.000 -9999.000 -9999.000 -9999.000 -9999.000 -9999.000 -9999.000 -9999.000
-9999.000 24.598 1.931 1.857 1.817 1.778 1.736 1.658 1.598 1.541 1.518 1.487 1.448 1.418 1.303 0.810 0.736 0.717 0.701 0.686 0.672 0.659 0.646 0.634 0.623 0.613 0.603 0.595 0.588 0.583 0.001 0.573 0.562 0.552 0.544 0.604 0.639 0.634 0.635 0.642 0.643 0.657 0.646 0.647 0.643 0.634 0.624 0.627 0.952 -9999.000 -9999.000 -9999.000 -9999.000 -9999.000 -9999.000 -9999.000 -9999.000 -9999.000 -9999.000 -9999.000 -9999.000 -9999.000 -9999.000 -9999.000 -9999.000 -9999.000 -9999.000
-9999.000 3.969 1.886 1.842 1.801 1.761 1.715 1.657 1.594 1.574 1.546 1.521 1.488 1.458 1.096 0.768 0.743 0.725 0.709 0.694 0.681 0.668 0.656 0.645 0.634 0.625 0.616 0.608 0.602 0.599 0.001 0.583 0.572 0.563 0.588 0.659 0.656 0.651 0.651 0.655 0.663 0.670 0.664 0.662 0.657 0.652 0.645 0.823 1.847 -9999.000 -9999.000 -9999.000 -9999.000 -9999.000 -9999.000 -9999.000 -9999.000 -9999.000 -9999.000 -9999.000 -9999.000 -9999.000 -9999.000 -9999.000 -9999.000 -9999.000 -9999.000
20.686 2.055 1.880 1.844 1.792 1.761 1.702 1.636 1.603 1.576 1.536 1.499 1.467 1.417 0.913 0.768 0.751 0.733 0.718 0.703 0.690 0.678 0.666 0.655 0.646 0.636 0.628 0.622 0.616 0.615 0.001 0.593 0.583 0.579 0.651 0.687 0.674 0.666 0.667 0.672 0.676 0.681 0.684 0.676 0.673 0.669 0.719 1.256 -9999.000 -9999.000 -9999.000 -9999.000 -9999.000 -9999.000 -9999.000 -9999.000 -9999.000 -9999.000 -9999.000 -9999.000 -9999.000 -9999.000 -9999.000 -9999.000 -9999.000 -9999.000 -9999.000
8.744 1.947 1.912 1.857 1.788 1.755 1.694 1.643 1.622 1.603 1.576 1.538 1.518 1.278 0.807 0.776 0.758 0.742 0.727 0.713 0.699 0.687 0.676 0.665 0.656 0.647 0.640 0.634 0.629 0.629 0.001 0.604 0.595 0.634 0.692 0.703 0.692 0.683 0.683 0.692 0.689 0.694 0.698 0.692 0.689 0.695 1.053 -9999.000 -9999.000 -9999.000 -9999.000 -9999.000 -9999.000 -9999.000 -9999.000 -9999.000 -9999.000 -9999.000 -9999.000 -9999.000 -9999.000 -9999.000 -9999.000 -9999.000 -9999.000 -9999.000 -9999.000
3.226 1.994 1.965 1.938 1.787 1.728 1.697 1.671 1.648 1.626 1.611 1.582 1.546 1.079 0.802 0.784 0.767 0.751 0.736 0.722 0.709 0.697 0.686 0.675 0.666 0.658 0.651 0.645 0.641 0.001 0.001 0.617 0.615 0.685 0.712 0.718 0.709 0.701 0.707 0.704 0.704 0.711 0.711 0.708 0.706 0.864 -9999.000 -9999.000 -9999.000 -9999.000 -9999.000 -9999.000 -9999.000 -9999.000 -9999.000 -9999.000 -9999.000 -9999.000 -9999.000 -9999.000 -9999.000 -9999.000 -9999.000 -9999.000 -9999.000 -9999.000 -9999.000
2.146 2.057 2.027 1.970 1.788 1.737 1.714 1.694 1.664 1.621 1.583 1.538 1.493 0.898 0.810 0.793 0.776 0.760 0.746 0.732 0.719 0.707 0.696 0.686 0.677 0.668 0.662 0.656 0.653 0.001 0.646 0.630 0.666 0.713 0.725 0.732 0.727 0.721 0.737 0.717 0.718 0.724 0.725 0.724 0.764 -9999.000 -9999.000 -9999.000 -9999.000 -9999.000 -9999.000 -9999.000 -9999.000 -9999.000 -9999.000 -9999.000 -9999.000 -9999.000 -9999.000 -9999.000 -9999.000 -9999.000 -9999.000 -9999.000 -9999.000 -9999.000 -9999.000
2.102 2.056 2.009 1.894 1.794 1.756 1.733 1.715 1.689 1.661 1.625 1.611 1.296 0.842 0.818 0.802 0.785 0.769 0.755 0.741 0.729 0.717 0.707 0.697 0.688 0.679 0.673 0.668 0.667 0.001 0.660 0.649 0.707 0.732 0.738 0.746 0.744 0.753 0.756 0.732 0.735 0.738 0.739 0.740 1.014 -9999.000 -9999.000 -9999.000 -9999.000 -9999.000 -9999.000 -9999.000 -9999.000 -9999.000 -9999.000 -9999.000 -9999.000 -9999.000 -9999.000 -9999.000 -9999.000 -9999.000 -9999.000 -9999.000 -9999.000 -9999.000 -9999.000
2.124 2.066 2.011 1.861 1.805 1.781 1.756 1.739 1.722 1.691 1.662 1.640 1.114 0.844 0.827 0.811 0.794 0.779 0.764 0.751 0.739 0.728 0.717 0.708 0.699 0.692 0.686 0.682 0.682 0.001 0.671 0.684 0.739 0.744 0.752 0.758 0.761 0.781 0.771 0.751 0.751 0.752 0.753 0.781 3.557 -9999.000 -9999.000 -9999.000 -9999.000 -9999.000 -9999.000 -9999.000 -9999.000 -9999.000 -9999.000 -9999.000 -9999.000 -9999.000 -9999.000 -9999.000 -9999.000 -9999.000 -9999.000 -9999.000 -9999.000 -9999.000 -9999.000
2.109 2.061 1.984 1.869 1.827 1.801 1.776 1.753 1.717 1.676 1.639 1.591 0.959 0.853 0.837 0.820 0.804 0.789 0.775 0.762 0.749 0.738 0.728 0.719 0.711 0.704 0.699 0.696 0.001 0.001 0.681 0.725 0.752 0.757 0.766 0.771 0.784 0.797 0.787 0.773 0.766 0.767 0.768 0.921 -9999.000 -9999.000 -9999.000 -9999.000 -9999.000 -9999.000 -9999.000 -9999.000 -9999.000 -9999.000 -9999.000 -9999.000 -9999.000 -9999.000 -9999.000 -9999.000 -9999.000 -9999.000 -9999.000 -9999.000 -9999.000 -9999.000 -9999.000
2.105 2.011 1.939 1.869 1.841 1.819 1.797 1.754 1.712 1.674 1.638 1.376 0.888 0.863 0.846 0.829 0.814 0.799 0.785 0.772 0.761 0.749 0.739 0.731 0.723 0.716 0.711 0.708 0.001 0.714 0.703 0.756 0.766 0.770 0.778 0.789 0.809 0.809 0.802 0.788 0.783 0.782 0.783 1.086 -9999.000 -9999.000 -9999.000 -9999.000 -9999.000 -9999.000 -9999.000 -9999.000 -9999.000 -9999.000 -9999.000 -9999.000 -9999.000 -9999.000 -9999.000 -9999.000 -9999.000 -9999.000 -9999.000 -9999.000 -9999.000 -9999.000 -9999.000
2.065 1.947 1.912 1.886 1.864 1.842 1.817 1.776 1.747 1.706 1.670 1.161 0.889 0.872 0.856 0.839 0.824 0.809 0.796 0.783 0.772 0.761 0.751 0.742 0.734 0.728 0.724 0.723 0.001 0.723 0.736 0.779 0.779 0.782 0.789 0.807 0.836 0.822 0.815 0.803 0.799 0.798 0.803 1.284 -9999.000 -9999.000 -9999.000 -9999.000 -9999.000 -9999.000 -9999.000 -9999.000 -9999.000 -9999.000 -9999.000 -9999.000 -9999.000 -9999.000 -9999.000 -9999.000 -9999.000 -9999.000 -9999.000 -9999.000 -9999.000 -9999.000 -9999.000
2.054 1.958 1.935 1.913 1.906 1.863 1.796 1.757 1.725 1.683 1.641 1.021 0.899 0.882 0.866 0.849 0.834 0.820 0.807 0.794 0.783 0.773 0.763 0.754 0.747 0.742 0.738 0.739 0.001 0.731 0.775 0.791 0.791 0.793 0.808 0.826 0.842 0.836 0.828 0.818 0.816 0.815 0.831 1.948 -9999.000 -9999.000 -9999.000 -9999.000 -9999.000 -9999.000 -9999.000 -9999.000 -9999.000 -9999.000 -9999.000 -9999.000 -9999.000 -9999.000 -9999.000 -9999.000 -9999.000 -9999.000 -9999.000 -9999.000 -9999.000 -9999.000 -9999.000
2.029 1.983 1.967 1.945 1.940 1.872 1.834 1.825 1.791 1.748 1.454 0.936 0.909 0.892 0.876 0.859 0.844 0.831 0.817 0.805 0.794 0.784 0.775 0.767 0.761 0.755 0.753 0.001 0.001 0.754 0.802 0.805 0.804 0.807 0.831 0.849 0.854 0.853 0.841 0.836 0.833 0.832 0.884 -9999.000 -9999.000 -9999.000 -9999.000 -9999.000 -9999.000 -9999.000 -9999.000 -9999.000 -9999.000 -9999.000 -9999.000 -9999.000 -9999.000 -9999.000 -9999.000 -9999.000 -9999.000 -9999.000 -9999.000 -9999.000 -9999.000 -9999.000 -9999.000
2.038 2.016 1.998 1.982 1.942 1.887 1.864 1.827 1.791 1.713 1.213 0.935 0.919 0.902 0.886 0.870 0.855 0.841 0.828 0.817 0.806 0.796 0.787 0.779 0.773 0.768 0.766 0.001 0.777 0.784 0.814 0.816 0.818 0.832 0.848 0.866 0.869 0.866 0.854 0.852 0.851 0.849 0.978 -9999.000 -9999.000 -9999.000 -9999.000 -9999.000 -9999.000 -9999.000 -9999.000 -9999.000 -9999.000 -9999.000 -9999.000 -9999.000 -9999.000 -9999.000 -9999.000 -9999.000 -9999.000 -9999.000 -9999.000 -9999.000 -9999.000 -9999.000 -9999.000
2.073 2.055 2.026 1.982 1.930 1.911 1.885 1.843 1.807 1.674 1.061 0.945 0.929 0.912 0.896 0.881 0.866 0.852 0.840 0.828 0.817 0.808 0.799 0.792 0.785 0.781 0.781 0.001 0.783 0.811 0.826 0.827 0.838 0.847 0.857 0.892 0.887 0.879 0.869 0.869 0.868 0.867 1.092 -9999.000 -9999.000 -9999.000 -9999.000 -9999.000 -9999.000 -9999.000 -9999.000 -9999.000 -9999.000 -9999.000 -9999.000 -9999.000 -9999.000 -9999.000 -9999.000 -9999.000 -9999.000 -9999.000 -9999.000 -9999.000 -9999.000 -9999.000 -9999.000
2.112 2.088 2.034 1.979 1.948 1.949 1.956 1.883 1.861 1.559 0.984 0.956 0.939 0.922 0.906 0.891 0.877 0.863 0.851 0.840 0.829 0.820 0.812 0.804 0.799 0.796 0.797 0.001 0.794 0.837 0.839 0.843 0.850 0.857 0.882 0.906 0.905 0.892 0.887 0.886 0.885 0.887 1.254 3.086 -9999.000 -9999.000 -9999.000 -9999.000 -9999.000 -9999.000 -9999.000 -9999.000 -9999.000 -9999.000 -9999.000 -9999.000 -9999.000 -9999.000 -9999.000 -9999.000 -9999.000 -9999.000 -9999.000 -9999.000 -9999.000 -9999.000 -9999.000
2.147 2.083 2.024 1.993 1.977 1.989 1.911 1.864 1.826 1.351 0.983 0.966 0.949 0.933 0.917 0.902 0.888 0.874 0.862 0.851 0.841 0.832 0.824 0.818 0.813 0.810 0.001 0.001 0.828 0.847 0.855 0.856 0.861 0.890 0.906 0.918 0.921 0.906 0.904 0.904 0.903 0.912 1.614 -9999.000 -9999.000 -9999.000 -9999.000 -9999.000 -9999.000 -9999.000 -9999.000 -9999.000 -9999.000 -9999.000 -9999.000 -9999.000 -9999.000 -9999.000 -9999.000 -9999.000 -9999.000 -9999.000 -9999.000 -9999.000 -9999.000 -9999.000 -9999.000
2.133 2.062 2.041 2.027 2.033 2.004 1.927 1.889 1.855 1.196 0.993 0.976 0.959 0.943 0.927 0.913 0.899 0.886 0.874 0.863 0.853 0.844 0.837 0.831 0.826 0.824 0.001 0.835 0.847 0.859 0.866 0.874 0.894 0.907 0.929 0.933 0.934 0.922 0.921 0.921 0.921 0.958 2.871 -9999.000 -9999.000 -9999.000 -9999.000 -9999.000 -9999.000 -9999.000 -9999.000 -9999.000 -9999.000 -9999.000 -9999.000 -9999.000 -9999.000 -9999.000 -9999.000 -9999.000 -9999.000 -9999.000 -9999.000 -9999.000 -9999.000 -9999.000 -9999.000
2.107 2.082 2.083 2.131 2.101 2.064 1.966 2.004 1.807 1.091 1.003 0.987 0.969 0.953 0.938 0.923 0.910 0.897 0.886 0.875 0.866 0.857 0.849 0.843 0.839 0.838 0.001 0.843 0.867 0.874 0.878 0.901 0.908 0.921 0.959 0.950 0.949 0.938 0.938 0.938 0.938 1.069 -9999.000 -9999.000 -9999.000 -9999.000 -9999.000 -9999.000 -9999.000 -9999.000 -9999.000 -9999.000 -9999.000 -9999.000 -9999.000 -9999.000 -9999.000 -9999.000 -9999.000 -9999.000 -9999.000 -9999.000 -9999.000 -9999.000 -9999.000 -9999.000 -9999.000
2.123 2.106 2.135 2.179 2.154 2.081 2.008 2.005 1.677 1.043 1.014 0.997 0.980 0.964 0.949 0.934 0.921 0.909 0.898 0.887 0.878 0.869 0.862 0.857 0.853 0.855 0.001 0.861 0.886 0.886 0.908 0.914 0.922 0.944 0.971 0.971 0.963 0.957 0.956 0.956 0.956 1.221 -9999.000 -9999.000 -9999.000 -9999.000 -9999.000 -9999.000 -9999.000 -9999.000 -9999.000 -9999.000 -9999.000 -9999.000 -9999.000 -9999.000 -9999.000 -9999.000 -9999.000 -9999.000 -9999.000 -9999.000 -9999.000 -9999.000 -9999.000 -9999.000 -9999.000
2.163 2.154 2.168 2.211 2.187 2.076 2.044 2.005 1.504 1.042 1.024 1.007 0.991 0.975 0.960 0.946 0.933 0.921 0.909 0.899 0.890 0.882 0.876 0.871 0.868 0.001 0.001 0.879 0.897 0.917 0.922 0.928 0.939 0.965 0.984 0.991 0.977 0.976 0.974 0.974 0.975 1.435 -9999.000 -9999.000 -9999.000 -9999.000 -9999.000 -9999.000 -9999.000 -9999.000 -9999.000 -9999.000 -9999.000 -9999.000 -9999.000 -9999.000 -9999.000 -9999.000 -9999.000 -9999.000 -9999.000 -9999.000 -9999.000 -9999.000 -9999.000 -9999.000 -9999.000
2.217 2.227 2.234 2.199 2.133 2.104 2.091 2.048 1.334 1.051 1.034 1.018 1.001 0.986 0.971 0.957 0.944 0.932 0.921 0.911 0.902 0.894 0.888 0.884 0.882 0.001 0.894 0.888 0.922 0.932 0.936 0.942 0.957 0.982 0.999 1.007 0.993 0.993 0.993 0.993 0.998 1.837 -9999.000 -9999.000 -9999.000 -9999.000 -9999.000 -9999.000 -9999.000 -9999.000 -9999.000 -9999.000 -9999.000 -9999.000 -9999.000 -9999.000 -9999.000 -9999.000 -9999.000 -9999.000 -9999.000 -9999.000 -9999.000 -9999.000 -9999.000 -9999.000 -9999.000
2.244 2.234 2.198 2.176 2.152 2.124 2.091 1.976 1.186 1.062 1.045 1.028 1.012 0.996 0.982 0.968 0.956 0.944 0.933 0.923 0.915 0.907 0.901 0.897 0.897 0.001 0.907 0.897 0.943 0.947 0.951 0.956 0.974 0.997 1.009 1.019 1.010 1.010 1.011 1.011 1.031 2.945 -9999.000 -9999.000 -9999.000 -9999.000 -9999.000 -9999.000 -9999.000 -9999.000 -9999.000 -9999.000 -9999.000 -9999.000 -9999.000 -9999.000 -9999.000 -9999.000 -9999.000 -9999.000 -9999.000 -9999.000 -9999.000 -9999.000 -9999.000 -9999.000 -9999.000
2.268 2.252 2.249 2.284 2.273 2.231 2.192 1.789 1.102 1.072 1.056 1.038 1.022 1.007 0.993 0.979 0.967 0.956 0.946 0.936 0.928 0.921 0.915 0.912 0.913 0.001 0.923 0.911 0.967 0.962 0.965 0.978 0.991 1.019 1.024 1.034 1.028 1.028 1.028 1.029 1.120 -9999.000 -9999.000 -9999.000 -9999.000 -9999.000 -9999.000 -9999.000 -9999.000 -9999.000 -9999.000 -9999.000 -9999.000 -9999.000 -9999.000 -9999.000 -9999.000 -9999.000 -9999.000 -9999.000 -9999.000 -9999.000 -9999.000 -9999.000 -9999.000 -9999.000 -9999.000
2.412 2.436 2.522 2.612 2.549 2.480 2.286 1.538 1.100 1.083 1.066 1.049 1.033 1.018 1.004 0.991 0.979 0.968 0.958 0.948 0.941 0.934 0.929 0.927 0.929 0.001 0.932 0.931 0.987 0.981 0.981 0.996 1.009 1.051 1.041 1.049 1.046 1.046 1.047 1.047 1.251 -9999.000 -9999.000 -9999.000 -9999.000 -9999.000 -9999.000 -9999.000 -9999.000 -9999.000 -9999.000 -9999.000 -9999.000 -9999.000 -9999.000 -9999.000 -9999.000 -9999.000 -9999.000 -9999.000 -9999.000 -9999.000 -9999.000 -9999.000 -9999.000 -9999.000 -9999.000
3.259 3.094 2.773 2.698 2.580 2.516 2.291 1.331 1.110 1.093 1.076 1.059 1.043 1.029 1.015 1.002 0.990 0.979 0.969 0.961 0.953 0.947 0.942 0.939 0.001 0.979 0.941 0.973 1.001 0.995 0.993 1.009 1.029 1.079 1.060 1.064 1.065 1.065 1.065 1.066 1.417 -9999.000 -9999.000 -9999.000 -9999.000 -9999.000 -9999.000 -9999.000 -9999.000 -9999.000 -9999.000 -9999.000 -9999.000 -9999.000 -9999.000 -9999.000 -9999.000 -9999.000 -9999.000 -9999.000 -9999.000 -9999.000 -9999.000 -9999.000 -9999.000 -9999.000 -9999.000
2.741 2.689 2.639 2.591 2.533 2.474 2.156 1.197 1.121 1.104 1.087 1.070 1.054 1.039 1.026 1.013 1.002 0.991 0.981 0.972 0.965 0.959 0.954 0.952 0.982 0.986 0.952 1.004 1.012 1.009 1.006 1.030 1.055 1.085 1.082 1.081 1.082 1.083 1.084 1.086 1.680 -9999.000 -9999.000 -9999.000 -9999.000 -9999.000 -9999.000 -9999.000 -9999.000 -9999.000 -9999.000 -9999.000 -9999.000 -9999.000 -9999.000 -9999.000 -9999.000 -9999.000 -9999.000 -9999.000 -9999.000 -9999.000 -9999.000 -9999.000 -9999.000 -9999.000 -9999.000
2.497 2.608 2.580 2.553 2.513 2.463 1.986 1.163 1.132 1.115 1.097 1.081 1.065 1.050 1.037 1.024 1.013 1.002 0.993 0.984 0.977 0.971 0.967 0.966 1.006 0.986 0.978 1.017 1.024 1.023 1.020 1.052 1.087 1.103 1.106 1.098 1.100 1.101 1.102 1.118 3.349 -9999.000 -9999.000 -9999.000 -9999.000 -9999.000 -9999.000 -9999.000 -9999.000 -9999.000 -9999.000 -9999.000 -9999.000 -9999.000 -9999.000 -9999.000 -9999.000 -9999.000 -9999.000 -9999.000 -9999.000 -9999.000 -9999.000 -9999.000 -9999.000 -9999.000 -9999.000
