LISFLOOD/results/run9.mxe
ncols         138
nrows         103
xllcorner     341179.518085
yllcorner     4516709.658735
cellsize      30.000000
NODATA_value  -9999.000000
[rows 56 to 83 of 103, columns 63 to 125 of 138]
136.343 136.345 136.347 136.349 136.350 -9999.000 -9999.000 136.356 136.358 136.361 136.364 136.367 136.370 136.374 136.377 136.380 136.383 136.387 136.390 136.393 136.397 136.400 136.403 136.407 136.410 136.414 136.418 136.421 136.425 136.429 136.433 136.437 136.441 136.445 136.449 136.454 136.462 136.473 136.483 136.493 136.503 136.513 136.523 136.532 136.542 136.552 136.561 136.571 136.581 136.590 136.600 136.609 136.619 136.630 136.643 -9999.000 -9999.000 -9999.000 -9999.000 -9999.000 -9999.000 -9999.000 -9999.000
136.335 136.337 136.339 136.341 136.343 136.342 136.341 136.346 136.349 136.352 136.355 136.358 136.361 136.364 136.367 136.370 136.373 136.376 136.379 136.382 136.385 136.388 136.391 136.394 136.397 136.400 136.404 136.407 136.411 136.414 136.418 136.421 136.425 136.428 136.431 136.433 136.447 136.457 136.467 136.477 136.487 136.497 136.506 136.516 136.525 136.535 136.545 136.555 136.564 136.574 136.584 136.593 136.603 136.610 -9999.000 -9999.000 -9999.000 -9999.000 -9999.000 -9999.000 -9999.000 -9999.000 -9999.000
136.328 136.329 136.331 136.333 136.338 -9999.000 136.335 136.338 136.341 136.343 136.346 136.349 136.351 136.354 136.357 136.359 136.362 136.365 136.367 136.370 136.373 136.376 136.378 136.381 136.384 136.387 136.390 136.393 136.396 136.399 136.402 136.406 136.409 136.412 136.415 136.418 136.431 136.441 136.451 136.461 136.471 136.480 136.490 136.499 136.509 136.519 136.528 136.538 136.548 136.558 136.568 136.578 136.587 136.599 -9999.000 -9999.000 -9999.000 -9999.000 -9999.000 -9999.000 -9999.000 -9999.000 -9999.000
136.320 136.321 136.322 136.323 -9999.000 136.320 136.327 136.329 136.332 136.334 136.337 136.339 136.342 136.344 136.347 136.349 136.352 136.354 136.356 136.359 136.361 136.363 136.366 136.368 136.371 136.373 136.376 136.379 136.381 136.384 136.387 136.390 136.393 136.396 136.399 136.406 136.416 136.426 136.435 136.445 136.454 136.464 136.473 136.483 136.492 136.502 136.512 136.522 136.532 136.543 136.553 136.562 136.570 -9999.000 -9999.000 -9999.000 -9999.000 -9999.000 -9999.000 -9999.000 -9999.000 -9999.000 -9999.000
136.312 136.313 136.314 136.314 -9999.000 136.313 136.318 136.321 136.323 136.326 136.328 136.330 136.333 136.335 136.337 136.339 136.341 136.343 136.345 136.347 136.349 136.351 136.353 136.355 136.358 136.360 136.362 136.364 136.367 136.369 136.372 136.375 136.377 136.381 136.384 136.392 136.401 136.411 136.420 136.429 136.438 136.447 136.457 136.466 136.475 136.485 136.495 136.505 136.516 136.527 136.538 136.549 136.559 -9999.000 -9999.000 -9999.000 -9999.000 -9999.000 -9999.000 -9999.000 -9999.000 -9999.000 -9999.000
136.305 136.305 136.306 136.306 136.304 136.307 136.310 136.313 136.315 136.317 136.319 136.321 136.323 136.325 136.327 136.329 136.331 136.332 136.334 136.336 136.337 136.339 136.341 136.342 136.344 136.346 136.348 136.350 136.352 136.354 136.356 136.359 136.361 136.365 136.370 136.378 136.386 136.395 136.404 136.413 136.422 136.431 136.440 136.449 136.458 136.468 136.478 136.488 136.499 136.511 136.524 136.537 -9999.000 -9999.000 -9999.000 -9999.000 -9999.000 -9999.000 -9999.000 -9999.000 -9999.000 -9999.000 -9999.000
136.297 136.298 136.298 136.298 136.298 136.300 136.303 136.305 136.307 136.309 136.311 136.312 136.314 136.316 136.317 136.319 136.320 136.322 136.323 136.324 136.326 136.327 136.328 136.330 136.331 136.332 136.334 136.335 136.337 136.339 136.341 136.343 136.345 136.348 136.355 136.363 136.371 136.380 136.388 136.397 136.406 136.415 136.423 136.432 136.441 136.450 136.460 136.470 136.482 136.495 136.510 -9999.000 -9999.000 -9999.000 -9999.000 -9999.000 -9999.000 -9999.000 -9999.000 -9999.000 -9999.000 -9999.000 -9999.000
136.290 136.291 136.291 136.292 136.292 136.294 136.296 136.297 136.299 136.301 136.302 136.304 136.305 136.306 136.307 136.309 136.310 136.311 136.312 136.313 136.314 136.315 136.316 136.317 136.318 136.319 136.320 136.321 136.322 136.323 136.325 136.326 136.327 136.327 136.341 136.348 136.356 136.364 136.373 136.381 136.390 136.398 136.407 136.415 136.424 136.432 136.441 136.451 136.462 136.479 -9999.000 -9999.000 -9999.000 -9999.000 -9999.000 -9999.000 -9999.000 -9999.000 -9999.000 -9999.000 -9999.000 -9999.000 -9999.000
136.283 136.284 136.285 136.285 136.286 136.287 136.289 136.290 136.291 136.293 136.294 136.295 136.296 136.297 136.298 136.299 136.300 136.300 136.301 136.302 136.302 136.303 136.303 136.304 136.304 136.305 136.305 136.306 136.307 136.308 136.309 136.310 136.311 136.313 136.323 136.332 136.340 136.349 136.357 136.365 136.373 136.382 136.390 136.398 136.406 136.414 136.422 136.430 136.437 -9999.000 -9999.000 -9999.000 -9999.000 -9999.000 -9999.000 -9999.000 -9999.000 -9999.000 -9999.000 -9999.000 -9999.000 -9999.000 -9999.000
136.277 136.277 136.278 136.279 136.279 136.280 136.281 136.282 136.284 136.285 136.285 136.286 136.287 136.288 136.288 136.289 136.289 136.290 136.290 136.290 136.291 136.291 136.291 136.291 136.291 136.291 136.291 136.291 136.292 136.292 136.293 136.294 136.295 136.298 136.308 136.316 136.325 136.333 136.341 136.349 136.357 136.365 136.373 136.381 136.388 136.396 136.404 136.411 136.418 -9999.000 -9999.000 -9999.000 -9999.000 -9999.000 -9999.000 -9999.000 -9999.000 -9999.000 -9999.000 -9999.000 -9999.000 -9999.000 -9999.000
136.270 136.271 136.271 136.272 136.273 136.274 136.274 136.275 136.276 136.277 136.277 136.278 136.278 136.279 136.279 136.279 136.279 136.279 136.279 136.279 136.279 136.279 136.278 136.278 136.278 136.277 136.277 136.277 136.276 136.276 136.276 136.277 136.278 136.284 136.292 136.301 136.309 136.317 136.326 136.333 136.341 136.349 136.356 136.364 136.371 136.378 136.385 136.393 136.405 -9999.000 -9999.000 -9999.000 -9999.000 -9999.000 -9999.000 -9999.000 -9999.000 -9999.000 -9999.000 -9999.000 -9999.000 -9999.000 -9999.000
136.263 136.264 136.265 136.265 136.266 136.267 136.267 136.268 136.268 136.269 136.269 136.270 136.270 136.270 136.270 136.270 136.269 136.269 136.269 136.268 136.267 136.267 136.266 136.265 136.264 136.263 136.263 136.262 136.261 136.260 136.260 136.259 136.256 136.269 136.277 136.285 136.294 136.302 136.310 136.318 136.325 136.333 136.340 136.347 136.354 136.360 136.366 136.370 -9999.000 -9999.000 -9999.000 -9999.000 -9999.000 -9999.000 -9999.000 -9999.000 -9999.000 -9999.000 -9999.000 -9999.000 -9999.000 -9999.000 -9999.000
136.257 136.258 136.258 136.259 136.259 136.260 136.260 136.261 136.261 136.261 136.261 136.261 136.261 136.261 136.261 136.260 136.260 136.259 136.258 136.257 136.256 136.255 136.254 136.252 136.251 136.250 136.248 136.247 136.246 136.244 136.243 136.243 136.242 136.252 136.262 136.270 136.279 136.287 136.295 136.302 136.310 136.317 136.324 136.330 136.337 136.342 136.348 136.351 -9999.000 -9999.000 -9999.000 -9999.000 -9999.000 -9999.000 -9999.000 -9999.000 -9999.000 -9999.000 -9999.000 -9999.000 -9999.000 -9999.000 -9999.000
136.251 136.252 136.252 136.253 136.253 136.253 136.254 136.254 136.254 136.254 136.254 136.253 136.253 136.253 136.252 136.251 136.250 136.249 136.248 136.246 136.245 136.243 136.241 136.240 136.238 136.236 136.234 136.232 136.230 136.228 136.227 136.227 136.228 136.237 136.246 136.255 136.264 136.272 136.280 136.287 136.294 136.301 136.308 136.314 136.320 136.326 136.331 136.336 -9999.000 -9999.000 -9999.000 -9999.000 -9999.000 -9999.000 -9999.000 -9999.000 -9999.000 -9999.000 -9999.000 -9999.000 -9999.000 -9999.000 -9999.000
136.245 136.245 136.246 136.246 136.247 136.247 136.247 136.247 136.247 136.246 136.246 136.246 136.245 136.244 136.243 136.242 136.241 136.239 136.238 136.236 136.234 136.232 136.229 136.227 136.224 136.222 136.219 136.217 136.214 136.212 136.210 136.209 136.213 136.223 136.232 136.240 136.249 136.257 136.265 136.272 136.279 136.286 136.292 136.298 136.304 136.309 136.315 136.326 -9999.000 -9999.000 -9999.000 -9999.000 -9999.000 -9999.000 -9999.000 -9999.000 -9999.000 -9999.000 -9999.000 -9999.000 -9999.000 -9999.000 -9999.000
136.239 136.240 136.240 136.240 136.240 136.240 136.240 136.240 136.240 136.239 136.239 136.238 136.237 136.236 136.235 136.233 136.232 136.230 136.228 136.225 136.223 136.220 136.217 136.214 136.211 136.208 136.205 136.202 136.198 136.195 136.191 136.185 136.199 136.208 136.217 136.226 136.234 136.243 136.250 136.258 136.265 136.271 136.277 136.283 136.288 136.292 136.295 -9999.000 -9999.000 -9999.000 -9999.000 -9999.000 -9999.000 -9999.000 -9999.000 -9999.000 -9999.000 -9999.000 -9999.000 -9999.000 -9999.000 -9999.000 -9999.000
136.233 136.234 136.234 136.234 136.234 136.234 136.234 136.233 136.233 136.232 136.231 136.231 136.229 136.228 136.226 136.225 136.223 136.220 136.218 136.215 136.212 136.209 136.206 136.202 136.198 136.194 136.190 136.187 136.183 136.179 136.175 136.172 136.183 136.193 136.203 136.212 136.220 136.229 136.236 136.244 136.251 136.257 136.263 136.268 136.272 136.276 136.278 -9999.000 -9999.000 -9999.000 -9999.000 -9999.000 -9999.000 -9999.000 -9999.000 -9999.000 -9999.000 -9999.000 -9999.000 -9999.000 -9999.000 -9999.000 -9999.000
136.228 136.228 136.228 136.228 136.228 136.228 136.228 136.227 136.226 136.226 136.225 136.223 136.222 136.220 136.218 136.216 136.214 136.211 136.208 136.205 136.202 136.198 136.194 136.190 136.185 136.181 136.176 136.171 136.167 136.162 136.159 136.158 136.169 136.179 136.189 136.198 136.207 136.215 136.223 136.230 136.237 136.243 136.249 136.254 136.258 136.261 136.263 -9999.000 -9999.000 -9999.000 -9999.000 -9999.000 -9999.000 -9999.000 -9999.000 -9999.000 -9999.000 -9999.000 -9999.000 -9999.000 -9999.000 -9999.000 -9999.000
136.223 136.223 136.223 136.223 136.223 136.222 136.222 136.221 136.220 136.219 136.218 136.216 136.215 136.213 136.211 136.208 136.206 136.203 136.199 136.196 136.192 136.187 136.183 136.178 136.173 136.167 136.162 136.156 136.150 136.145 136.141 136.144 136.155 136.165 136.175 136.185 136.194 136.202 136.210 136.217 136.224 136.230 136.235 136.240 136.244 136.248 136.250 136.250 -9999.000 -9999.000 -9999.000 -9999.000 -9999.000 -9999.000 -9999.000 -9999.000 -9999.000 -9999.000 -9999.000 -9999.000 -9999.000 -9999.000 -9999.000
136.218 136.218 136.218 136.217 136.217 136.217 136.216 136.215 136.214 136.213 136.211 136.210 136.208 136.206 136.203 136.201 136.197 136.194 136.190 136.186 136.182 136.177 136.172 136.166 136.160 136.154 136.148 136.141 136.134 136.126 136.116 136.129 136.141 136.152 136.162 136.172 136.181 136.190 136.198 136.205 136.211 136.217 136.223 136.227 136.232 136.236 136.239 -9999.000 -9999.000 -9999.000 -9999.000 -9999.000 -9999.000 -9999.000 -9999.000 -9999.000 -9999.000 -9999.000 -9999.000 -9999.000 -9999.000 -9999.000 -9999.000
136.213 136.213 136.213 136.212 136.212 136.211 136.210 136.209 136.208 136.207 136.205 136.203 136.201 136.199 136.196 136.193 136.190 136.186 136.182 136.178 136.173 136.167 136.161 136.155 136.148 136.141 136.134 136.126 136.118 136.110 136.103 136.115 136.128 136.139 136.150 136.160 136.169 136.178 136.186 136.193 136.200 136.205 136.211 136.215 136.219 136.224 136.231 -9999.000 -9999.000 -9999.000 -9999.000 -9999.000 -9999.000 -9999.000 -9999.000 -9999.000 -9999.000 -9999.000 -9999.000 -9999.000 -9999.000 -9999.000 -9999.000
136.208 136.208 136.208 136.207 136.207 136.206 136.205 136.204 136.203 136.201 136.199 136.197 136.195 136.192 136.189 136.186 136.183 136.179 136.174 136.169 136.164 136.158 136.151 136.144 136.137 136.128 136.120 136.111 136.102 136.094 136.089 136.102 136.115 136.127 136.138 136.149 136.158 136.167 136.175 136.182 136.188 136.194 136.199 136.203 136.207 136.209 -9999.000 -9999.000 -9999.000 -9999.000 -9999.000 -9999.000 -9999.000 -9999.000 -9999.000 -9999.000 -9999.000 -9999.000 -9999.000 -9999.000 -9999.000 -9999.000 -9999.000
136.204 136.204 136.203 136.203 136.202 136.201 136.200 136.199 136.197 136.196 136.194 136.191 136.189 136.186 136.183 136.180 136.176 136.171 136.167 136.161 136.156 136.149 136.142 136.134 136.126 136.116 136.106 136.096 136.085 136.076 136.075 136.090 136.103 136.116 136.128 136.138 136.148 136.157 136.165 136.172 136.178 136.183 136.188 136.192 136.195 136.197 -9999.000 -9999.000 -9999.000 -9999.000 -9999.000 -9999.000 -9999.000 -9999.000 -9999.000 -9999.000 -9999.000 -9999.000 -9999.000 -9999.000 -9999.000 -9999.000 -9999.000
136.200 136.199 136.199 136.198 136.197 136.196 136.195 136.194 136.192 136.190 136.188 136.186 136.183 136.180 136.177 136.173 136.169 136.165 136.160 136.154 136.148 136.141 136.133 136.125 136.115 136.105 136.093 136.081 136.067 136.048 136.061 136.078 136.093 136.106 136.118 136.129 136.139 136.147 136.155 136.162 136.168 136.174 136.178 136.182 136.185 136.187 -9999.000 -9999.000 -9999.000 -9999.000 -9999.000 -9999.000 -9999.000 -9999.000 -9999.000 -9999.000 -9999.000 -9999.000 -9999.000 -9999.000 -9999.000 -9999.000 -9999.000
136.196 136.195 136.195 136.194 136.193 136.192 136.191 136.189 136.187 136.185 136.183 136.181 136.178 136.175 136.171 136.168 136.163 136.159 136.153 136.148 136.141 136.134 136.125 136.116 136.106 136.094 136.082 136.067 136.052 136.035 136.052 136.068 136.084 136.097 136.110 136.121 136.130 136.139 136.147 136.153 136.159 136.164 136.169 136.173 136.176 136.179 -9999.000 -9999.000 -9999.000 -9999.000 -9999.000 -9999.000 -9999.000 -9999.000 -9999.000 -9999.000 -9999.000 -9999.000 -9999.000 -9999.000 -9999.000 -9999.000 -9999.000
136.192 136.191 136.191 136.190 136.189 136.188 136.186 136.185 136.183 136.181 136.179 136.176 136.173 136.170 136.166 136.162 136.158 136.153 136.148 136.142 136.135 136.127 136.119 136.109 136.098 136.085 136.071 136.056 136.039 136.022 136.042 136.060 136.076 136.090 136.103 136.113 136.123 136.131 136.139 136.145 136.151 136.156 136.160 136.164 136.168 136.173 -9999.000 -9999.000 -9999.000 -9999.000 -9999.000 -9999.000 -9999.000 -9999.000 -9999.000 -9999.000 -9999.000 -9999.000 -9999.000 -9999.000 -9999.000 -9999.000 -9999.000
136.189 136.188 136.187 136.186 136.185 136.184 136.182 136.181 136.179 136.177 136.174 136.172 136.169 136.165 136.162 136.158 136.153 136.148 136.143 136.137 136.130 136.122 136.113 136.103 136.091 136.078 136.062 136.045 136.026 136.009 136.034 136.054 136.071 136.085 136.097 136.108 136.117 136.125 136.132 136.138 136.144 136.148 136.152 136.155 136.157 -9999.000 -9999.000 -9999.000 -9999.000 -9999.000 -9999.000 -9999.000 -9999.000 -9999.000 -9999.000 -9999.000 -9999.000 -9999.000 -9999.000 -9999.000 -9999.000 -9999.000 -9999.000
136.185 136.185 136.184 136.183 136.181 136.180 136.179 136.177 136.175 136.173 136.170 136.167 136.164 136.161 136.157 136.153 136.149 136.144 136.138 136.132 136.125 136.118 136.109 136.099 136.087 136.073 136.056 136.035 136.010 135.997 136.029 136.051 136.068 136.081 136.093 136.103 136.112 136.119 136.126 136.132 136.137 136.141 136.145 136.148 136.149 -9999.000 -9999.000 -9999.000 -9999.000 -9999.000 -9999.000 -9999.000 -9999.000 -9999.000 -9999.000 -9999.000 -9999.000 -9999.000 -9999.000 -9999.000 -9999.000 -9999.000 -9999.000
